15 0.3570683 0.7242181 0.0267424 0.0168692
18 0.4239243 0.4813014 0.0267424 0.0168692
32 0.4269632 0.5470914 0.4923029 0.4318518
33 0.4257476 0.3604054 0.4461115 0.0157446
31 0.2209253 0.4205723 0.0267424 0.0168692
1 0.2889968 0.4205723 0.0267424 0.0168692
8 0.3570683 0.4205723 0.0267424 0.0168692
26 0.4239243 0.4205723 0.0267424 0.0168692
30 0.5612828 0.4205723 0.0267424 0.0168692
19 0.2209253 0.4813014 0.0267424 0.0168692
3 0.2889968 0.4813014 0.0267424 0.0168692
27 0.3570683 0.4813014 0.0267424 0.0168692
17 0.5612828 0.4813014 0.0267424 0.0168692
4 0.6293543 0.4813014 0.0267424 0.0168692
25 0.2209253 0.5420306 0.0267424 0.0168692
5 0.2889968 0.5420306 0.0267424 0.0168692
10 0.3570683 0.5420306 0.0267424 0.0168692
18 0.4932114 0.5420306 0.0267424 0.0168692
23 0.5612828 0.5420306 0.0267424 0.0168692
16 0.6293543 0.5420306 0.0267424 0.0168692
7 0.2209253 0.6027597 0.0267424 0.0168692
9 0.2889968 0.6027597 0.0267424 0.0168692
24 0.3570683 0.6027597 0.0267424 0.0168692
6 0.4239243 0.6027597 0.0267424 0.0168692
13 0.5612828 0.6027597 0.0267424 0.0168692
2 0.2889968 0.6634889 0.0267424 0.0168692
29 0.3570683 0.6634889 0.0267424 0.0168692
34 0.4239243 0.6629266 0.0632092 0.0607292
13 0.4239243 0.6634889 0.0267424 0.0168692
12 0.4932114 0.6634889 0.0267424 0.0168692
20 0.5612828 0.6634889 0.0267424 0.0168692
21 0.6293543 0.6634889 0.0267424 0.0168692
14 0.2209253 0.7242181 0.0267424 0.0168692
11 0.4239243 0.7242181 0.0267424 0.0168692
15 0.4932114 0.7242181 0.0267424 0.0168692
22 0.5612828 0.7242181 0.0267424 0.0168692
28 0.6293543 0.7242181 0.0267424 0.0168692
13 0.6293543 0.6027597 0.0267424 0.0168692
17 0.6293543 0.4205723 0.0267424 0.0168692
7 0.4239243 0.5420306 0.0267424 0.0168692
11 0.4932114 0.6027597 0.0267424 0.0168692
22 0.2209253 0.6634889 0.0267424 0.0168692
27 0.2889968 0.7242181 0.0267424 0.0168692
2 0.4932114 0.4205723 0.0267424 0.0168692
9 0.4932114 0.4813014 0.0267424 0.0168692
