5 0.8006862 0.4538863 0.0287476 0.0164113
5 0.5798526 0.3357247 0.0287476 0.0164113
32 0.5831194 0.3406481 0.5292167 0.4201300
33 0.5818127 0.1590294 0.4795618 0.0153172
13 0.3616324 0.2175632 0.0287476 0.0164113
19 0.5798526 0.2175632 0.0287476 0.0164113
15 0.6543350 0.2175632 0.0287476 0.0164113
3 0.7275106 0.2175632 0.0287476 0.0164113
7 0.8006862 0.2175632 0.0287476 0.0164113
21 0.3616324 0.2766439 0.0287476 0.0164113
24 0.4348080 0.2766439 0.0287476 0.0164113
23 0.5079837 0.2766439 0.0287476 0.0164113
22 0.5798526 0.2766439 0.0287476 0.0164113
2 0.6543350 0.2766439 0.0287476 0.0164113
6 0.7275106 0.2766439 0.0287476 0.0164113
31 0.4348080 0.3357247 0.0287476 0.0164113
17 0.5079837 0.3357247 0.0287476 0.0164113
27 0.6543350 0.3357247 0.0287476 0.0164113
34 0.7268573 0.3351777 0.0666421 0.0590808
24 0.7275106 0.3357247 0.0287476 0.0164113
1 0.8006862 0.3357247 0.0287476 0.0164113
8 0.3616324 0.3948055 0.0287476 0.0164113
25 0.5079837 0.3948055 0.0287476 0.0164113
30 0.5798526 0.3948055 0.0287476 0.0164113
20 0.6543350 0.3948055 0.0287476 0.0164113
26 0.7275106 0.3948055 0.0287476 0.0164113
12 0.8006862 0.3948055 0.0287476 0.0164113
10 0.4348080 0.4538863 0.0287476 0.0164113
18 0.5079837 0.4538863 0.0287476 0.0164113
29 0.5798526 0.4538863 0.0287476 0.0164113
11 0.6543350 0.4538863 0.0287476 0.0164113
4 0.7275106 0.4538863 0.0287476 0.0164113
9 0.3616324 0.5129671 0.0287476 0.0164113
14 0.4348080 0.5129671 0.0287476 0.0164113
5 0.7275106 0.5129671 0.0287476 0.0164113
16 0.8006862 0.5129671 0.0287476 0.0164113
1 0.3616324 0.3357247 0.0287476 0.0164113
11 0.6543350 0.5129671 0.0287476 0.0164113
10 0.4348080 0.2175632 0.0287476 0.0164113
28 0.4348080 0.3948055 0.0287476 0.0164113
8 0.5798526 0.5129671 0.0287476 0.0164113
27 0.5079837 0.2175632 0.0287476 0.0164113
21 0.5079837 0.5129671 0.0287476 0.0164113
25 0.3616324 0.4538863 0.0287476 0.0164113
4 0.8006862 0.2766439 0.0287476 0.0164113
