24 0.3080606 0.3156399 0.0281903 0.0170419
28 0.5246128 0.3769907 0.0281902 0.0170419
32 0.3112640 0.4434541 0.5189565 0.4362723
33 0.3099826 0.2548572 0.4702643 0.0159058
29 0.0940711 0.3156399 0.0281902 0.0170419
18 0.1658280 0.3156399 0.0281902 0.0170419
7 0.2375850 0.3156399 0.0281902 0.0170419
30 0.3810989 0.3156399 0.0281902 0.0170419
5 0.4528558 0.3156399 0.0281902 0.0170419
11 0.0940711 0.3769907 0.0281902 0.0170419
10 0.1658280 0.3769907 0.0281902 0.0170419
9 0.3080606 0.3769907 0.0281903 0.0170419
2 0.3810989 0.3769907 0.0281902 0.0170419
12 0.1658280 0.4383415 0.0281902 0.0170419
16 0.2375850 0.4383415 0.0281902 0.0170419
8 0.3080606 0.4383415 0.0281903 0.0170419
1 0.3810989 0.4383415 0.0281902 0.0170419
13 0.4528558 0.4383415 0.0281902 0.0170419
26 0.5246128 0.4383415 0.0281902 0.0170419
20 0.0940711 0.4996923 0.0281902 0.0170419
17 0.1658280 0.4996923 0.0281902 0.0170419
4 0.3080606 0.4996923 0.0281903 0.0170419
24 0.3810989 0.4996923 0.0281902 0.0170419
34 0.4522151 0.4991242 0.0653501 0.0613508
28 0.4528558 0.4996923 0.0281902 0.0170419
19 0.5246128 0.4996923 0.0281902 0.0170419
22 0.0940711 0.5610431 0.0281902 0.0170419
14 0.1658280 0.5610431 0.0281902 0.0170419
25 0.2375850 0.5610431 0.0281902 0.0170419
21 0.3080606 0.5610431 0.0281903 0.0170419
31 0.3810989 0.5610431 0.0281902 0.0170419
27 0.4528558 0.5610431 0.0281902 0.0170419
15 0.1658280 0.6223939 0.0281902 0.0170419
3 0.2375850 0.6223939 0.0281902 0.0170419
6 0.3080606 0.6223939 0.0281903 0.0170419
23 0.3810989 0.6223939 0.0281902 0.0170419
14 0.2375850 0.4996923 0.0281902 0.0170419
17 0.5246128 0.3156399 0.0281902 0.0170419
29 0.0940711 0.4383415 0.0281902 0.0170419
7 0.4528558 0.3769907 0.0281902 0.0170419
3 0.0940711 0.6223939 0.0281902 0.0170419
17 0.5246128 0.6223939 0.0281902 0.0170419
1 0.5246128 0.5610431 0.0281902 0.0170419
20 0.4528558 0.6223939 0.0281902 0.0170419
3 0.2375850 0.3769907 0.0281902 0.0170419
