10 0.6046061 0.6757570 0.0266321 0.0171735
7 0.6046061 0.4902836 0.0266321 0.0171735
32 0.4030495 0.4954357 0.4902728 0.4396406
33 0.4018389 0.3053827 0.4442719 0.0160286
9 0.1978612 0.3666347 0.0266321 0.0171735
1 0.2656520 0.3666347 0.0266321 0.0171735
20 0.3334428 0.3666347 0.0266321 0.0171735
17 0.4000231 0.3666347 0.0266321 0.0171735
4 0.4690244 0.3666347 0.0266321 0.0171735
6 0.5368153 0.3666347 0.0266321 0.0171735
26 0.6046061 0.3666347 0.0266321 0.0171735
34 0.2650467 0.4278867 0.0617381 0.0618245
18 0.2656520 0.4284592 0.0266321 0.0171735
19 0.4000231 0.4284592 0.0266321 0.0171735
14 0.4690244 0.4284592 0.0266321 0.0171735
3 0.5368153 0.4284592 0.0266321 0.0171735
24 0.6046061 0.4284592 0.0266321 0.0171735
23 0.1978612 0.4902836 0.0266321 0.0171735
10 0.2656520 0.4902836 0.0266321 0.0171735
25 0.3334428 0.4902836 0.0266321 0.0171735
2 0.4690244 0.4902836 0.0266321 0.0171735
21 0.1978612 0.5521081 0.0266321 0.0171735
18 0.3334428 0.5521081 0.0266321 0.0171735
13 0.4000231 0.5521081 0.0266321 0.0171735
11 0.4690244 0.5521081 0.0266321 0.0171735
30 0.5368153 0.5521081 0.0266321 0.0171735
15 0.2656520 0.6139326 0.0266321 0.0171735
12 0.3334428 0.6139326 0.0266321 0.0171735
7 0.4690244 0.6139326 0.0266321 0.0171735
16 0.5368153 0.6139326 0.0266321 0.0171735
22 0.1978612 0.6757570 0.0266321 0.0171735
5 0.2656520 0.6757570 0.0266321 0.0171735
27 0.3334428 0.6757570 0.0266321 0.0171735
29 0.4000231 0.6757570 0.0266321 0.0171735
8 0.4690244 0.6757570 0.0266321 0.0171735
31 0.5368153 0.6757570 0.0266321 0.0171735
19 0.1978612 0.4284592 0.0266321 0.0171735
14 0.4000231 0.6139326 0.0266321 0.0171735
5 0.6046061 0.6139326 0.0266321 0.0171735
10 0.2656520 0.5521081 0.0266321 0.0171735
24 0.5368153 0.4902836 0.0266321 0.0171735
5 0.6046061 0.5521081 0.0266321 0.0171735
31 0.4000231 0.4902836 0.0266321 0.0171735
26 0.1978612 0.6139326 0.0266321 0.0171735
29 0.3334428 0.4284592 0.0266321 0.0171735
