3 0.3548245 0.6905465 0.0279977 0.0164959
3 0.2135632 0.4530054 0.0279977 0.0164959
32 0.3580061 0.5173395 0.5154128 0.4222951
33 0.3567334 0.3347848 0.4670531 0.0153962
2 0.1422963 0.3936202 0.0279977 0.0164959
20 0.2135632 0.3936202 0.0279977 0.0164959
27 0.2848302 0.3936202 0.0279977 0.0164959
9 0.4273641 0.3936202 0.0279977 0.0164959
12 0.4986311 0.3936202 0.0279977 0.0164959
13 0.5698980 0.3936202 0.0279977 0.0164959
22 0.1422963 0.4530054 0.0279977 0.0164959
21 0.2848302 0.4530054 0.0279977 0.0164959
14 0.4273641 0.4530054 0.0279977 0.0164959
4 0.5698980 0.4530054 0.0279977 0.0164959
7 0.1422963 0.5123907 0.0279977 0.0164959
8 0.2848302 0.5123907 0.0279977 0.0164959
1 0.3548245 0.5123907 0.0279977 0.0164959
24 0.4273641 0.5123907 0.0279977 0.0164959
11 0.5698980 0.5123907 0.0279977 0.0164959
29 0.2135632 0.5717760 0.0279977 0.0164959
15 0.2848302 0.5717760 0.0279977 0.0164959
26 0.3548245 0.5717760 0.0279977 0.0164959
10 0.4273641 0.5717760 0.0279977 0.0164959
25 0.4986311 0.5717760 0.0279977 0.0164959
19 0.5698980 0.5717760 0.0279977 0.0164959
6 0.1422963 0.6311612 0.0279977 0.0164959
16 0.2135632 0.6311612 0.0279977 0.0164959
5 0.4986311 0.6311612 0.0279977 0.0164959
34 0.5698980 0.6306113 0.0661765 0.0593852
28 0.5698980 0.6311612 0.0279977 0.0164959
17 0.1422963 0.6905465 0.0279977 0.0164959
30 0.2135632 0.6905465 0.0279977 0.0164959
3 0.2848302 0.6905465 0.0279977 0.0164959
18 0.4273641 0.6905465 0.0279977 0.0164959
23 0.4986311 0.6905465 0.0279977 0.0164959
31 0.5698980 0.6905465 0.0279977 0.0164959
28 0.3548245 0.6311612 0.0279977 0.0164959
11 0.4986311 0.5123907 0.0279977 0.0164959
27 0.4986311 0.4530054 0.0279977 0.0164959
4 0.2135632 0.5123907 0.0279977 0.0164959
14 0.1422963 0.5717760 0.0279977 0.0164959
27 0.3548245 0.4530054 0.0279977 0.0164959
7 0.2848302 0.6311612 0.0279977 0.0164959
2 0.4273641 0.6311612 0.0279977 0.0164959
22 0.3548245 0.3936202 0.0279977 0.0164959
