1 0.4497545 0.4091123 0.0265514 0.0169429
28 0.5173400 0.6530897 0.0265514 0.0169429
32 0.5867358 0.5361838 0.4887878 0.4337376
33 0.5855289 0.3486827 0.4429263 0.0158134
16 0.3821690 0.4091123 0.0265514 0.0169429
4 0.5173400 0.4091123 0.0265514 0.0169429
30 0.5837186 0.4091123 0.0265514 0.0169429
8 0.6525110 0.4091123 0.0265514 0.0169429
6 0.7876819 0.4091123 0.0265515 0.0169429
14 0.3821690 0.4701066 0.0265514 0.0169429
27 0.4497545 0.4701066 0.0265514 0.0169429
25 0.5173400 0.4701066 0.0265514 0.0169429
13 0.5837186 0.4701066 0.0265514 0.0169429
2 0.7200964 0.4701066 0.0265514 0.0169429
20 0.7876819 0.4701066 0.0265515 0.0169429
22 0.5173400 0.5311010 0.0265514 0.0169429
7 0.5837186 0.5311010 0.0265514 0.0169429
19 0.6525110 0.5311010 0.0265514 0.0169429
21 0.7200964 0.5311010 0.0265514 0.0169429
9 0.7876819 0.5311010 0.0265515 0.0169429
5 0.3821690 0.5920953 0.0265514 0.0169428
26 0.5173400 0.5920953 0.0265514 0.0169428
24 0.6525110 0.5920953 0.0265514 0.0169428
23 0.7876819 0.5920953 0.0265515 0.0169428
1 0.3821690 0.6530897 0.0265514 0.0169429
34 0.4491511 0.6525250 0.0615511 0.0609944
9 0.4497545 0.6530897 0.0265514 0.0169429
11 0.5837186 0.6530897 0.0265514 0.0169429
29 0.6525110 0.6530897 0.0265514 0.0169429
18 0.7200964 0.6530897 0.0265514 0.0169429
10 0.3821690 0.7140841 0.0265514 0.0169429
17 0.4497545 0.7140841 0.0265514 0.0169429
12 0.5173400 0.7140841 0.0265514 0.0169429
31 0.5837186 0.7140841 0.0265514 0.0169429
15 0.6525110 0.7140841 0.0265514 0.0169429
3 0.7200964 0.7140841 0.0265514 0.0169429
10 0.6525110 0.4701066 0.0265514 0.0169429
7 0.7200964 0.4091123 0.0265514 0.0169429
15 0.4497545 0.5920953 0.0265514 0.0169428
24 0.3821690 0.5311010 0.0265514 0.0169429
1 0.5837186 0.5920953 0.0265514 0.0169428
12 0.7876819 0.7140841 0.0265515 0.0169429
1 0.7200964 0.5920953 0.0265514 0.0169428
31 0.4497545 0.5311010 0.0265514 0.0169429
19 0.7876819 0.6530897 0.0265515 0.0169429
