11 0.5583649 0.3792784 0.0270071 0.0159875
2 0.7646004 0.3792784 0.0270071 0.0159875
32 0.6289515 0.3840747 0.4971749 0.4092816
33 0.6277239 0.2071457 0.4505264 0.0149217
29 0.4208746 0.2641680 0.0270070 0.0159875
21 0.5583649 0.2641680 0.0270071 0.0159875
31 0.6258825 0.2641680 0.0270070 0.0159875
30 0.6958553 0.2641680 0.0270071 0.0159875
7 0.8333456 0.2641680 0.0270070 0.0159875
10 0.4208746 0.3217232 0.0270070 0.0159875
16 0.5583649 0.3217232 0.0270071 0.0159875
8 0.6958553 0.3217232 0.0270071 0.0159875
18 0.7646004 0.3217232 0.0270071 0.0159875
17 0.8333456 0.3217232 0.0270070 0.0159875
24 0.4208746 0.3792784 0.0270070 0.0159875
22 0.6258825 0.3792784 0.0270070 0.0159875
26 0.6958553 0.3792784 0.0270071 0.0159875
2 0.4208746 0.4368336 0.0270070 0.0159875
14 0.4896198 0.4368336 0.0270070 0.0159875
20 0.6258825 0.4368336 0.0270070 0.0159875
11 0.6958553 0.4368336 0.0270071 0.0159875
34 0.7639866 0.4363007 0.0626073 0.0575552
23 0.7646004 0.4368336 0.0270071 0.0159875
27 0.4208746 0.4943888 0.0270070 0.0159875
25 0.4896198 0.4943888 0.0270070 0.0159875
3 0.5583649 0.4943888 0.0270071 0.0159875
1 0.6258825 0.4943888 0.0270070 0.0159875
6 0.7646004 0.4943888 0.0270071 0.0159875
5 0.8333456 0.4943888 0.0270070 0.0159875
19 0.4208746 0.5519441 0.0270070 0.0159875
12 0.4896198 0.5519441 0.0270070 0.0159875
4 0.5583649 0.5519441 0.0270071 0.0159875
15 0.6258825 0.5519441 0.0270070 0.0159875
9 0.6958553 0.5519441 0.0270071 0.0159875
23 0.7646004 0.5519441 0.0270071 0.0159875
13 0.8333456 0.5519441 0.0270070 0.0159875
12 0.8333456 0.4368336 0.0270070 0.0159875
7 0.6258825 0.3217232 0.0270070 0.0159875
21 0.4896198 0.3792784 0.0270070 0.0159875
18 0.7646004 0.2641680 0.0270071 0.0159875
3 0.6958553 0.4943888 0.0270071 0.0159875
18 0.8333456 0.3792784 0.0270070 0.0159875
5 0.4896198 0.2641680 0.0270070 0.0159875
9 0.4896198 0.3217232 0.0270070 0.0159875
20 0.5583649 0.4368336 0.0270071 0.0159875
