8 0.2337294 0.7474603 0.0288177 0.0166017
8 0.2337294 0.5681626 0.0288177 0.0166017
32 0.3090483 0.6329090 0.5305074 0.4250020
33 0.3077385 0.4491842 0.4807314 0.0154949
19 0.1603753 0.5083967 0.0288177 0.0166016
18 0.3057736 0.5083967 0.0288177 0.0166016
2 0.3804376 0.5083967 0.0288177 0.0166016
12 0.4537917 0.5083967 0.0288177 0.0166016
29 0.5271458 0.5083967 0.0288177 0.0166016
5 0.0870212 0.5681626 0.0288177 0.0166017
26 0.1603753 0.5681626 0.0288177 0.0166017
34 0.3057736 0.5676092 0.0681145 0.0597659
12 0.3057736 0.5681626 0.0288177 0.0166017
24 0.3804376 0.5681626 0.0288177 0.0166017
21 0.4537917 0.5681626 0.0288177 0.0166017
14 0.1603753 0.6279285 0.0288177 0.0166017
27 0.3804376 0.6279285 0.0288177 0.0166017
25 0.4537917 0.6279285 0.0288177 0.0166017
31 0.5271458 0.6279285 0.0288177 0.0166017
30 0.1603753 0.6876944 0.0288177 0.0166017
8 0.2337294 0.6876944 0.0288177 0.0166017
11 0.3057736 0.6876944 0.0288177 0.0166017
23 0.3804376 0.6876944 0.0288177 0.0166017
9 0.4537917 0.6876944 0.0288177 0.0166017
4 0.0870212 0.7474603 0.0288177 0.0166017
13 0.1603753 0.7474603 0.0288177 0.0166017
6 0.3057736 0.7474603 0.0288177 0.0166017
1 0.3804376 0.7474603 0.0288177 0.0166017
7 0.5271458 0.7474603 0.0288177 0.0166017
16 0.0870212 0.8072262 0.0288177 0.0166017
15 0.1603753 0.8072262 0.0288177 0.0166017
3 0.2337294 0.8072262 0.0288177 0.0166017
22 0.3057736 0.8072262 0.0288177 0.0166017
10 0.3804376 0.8072262 0.0288177 0.0166017
20 0.4537917 0.8072262 0.0288177 0.0166017
17 0.5271458 0.8072262 0.0288177 0.0166017
5 0.5271458 0.6876944 0.0288177 0.0166017
8 0.4537917 0.7474603 0.0288177 0.0166017
2 0.0870212 0.5083967 0.0288177 0.0166016
18 0.2337294 0.5083967 0.0288177 0.0166016
28 0.0870212 0.6279285 0.0288177 0.0166017
22 0.2337294 0.6279285 0.0288177 0.0166017
7 0.3057736 0.6279285 0.0288177 0.0166017
25 0.5271458 0.5681626 0.0288177 0.0166017
18 0.0870212 0.6876944 0.0288177 0.0166017
