10 0.2767513 0.8188584 0.0274945 0.0174733
13 0.2067654 0.5043381 0.0274945 0.0174733
32 0.4185978 0.6353883 0.5061482 0.4473176
33 0.4173481 0.4420166 0.4586578 0.0163085
14 0.3467373 0.5043381 0.0274944 0.0174733
4 0.4154734 0.5043381 0.0274944 0.0174733
3 0.4867091 0.5043381 0.0274945 0.0174733
12 0.2067654 0.5672422 0.0274945 0.0174733
23 0.2767513 0.5672422 0.0274945 0.0174733
18 0.4154734 0.5672422 0.0274944 0.0174733
34 0.4860842 0.5666597 0.0662367 0.0629041
28 0.4867091 0.5672422 0.0274945 0.0174733
15 0.5566950 0.5672422 0.0274945 0.0174733
1 0.6266809 0.5672422 0.0274944 0.0174733
29 0.2067654 0.6301462 0.0274945 0.0174733
5 0.3467373 0.6301462 0.0274944 0.0174733
17 0.4154734 0.6301462 0.0274944 0.0174733
9 0.4867091 0.6301462 0.0274945 0.0174733
19 0.5566950 0.6301462 0.0274945 0.0174733
10 0.6266809 0.6301462 0.0274944 0.0174733
22 0.2067654 0.6930503 0.0274945 0.0174733
20 0.2767513 0.6930503 0.0274945 0.0174733
24 0.3467373 0.6930503 0.0274944 0.0174733
26 0.4154734 0.6930503 0.0274944 0.0174733
25 0.4867091 0.6930503 0.0274945 0.0174733
7 0.6266809 0.6930503 0.0274944 0.0174733
16 0.2067654 0.7559543 0.0274945 0.0174733
6 0.3467373 0.7559543 0.0274944 0.0174733
11 0.4154734 0.7559543 0.0274944 0.0174733
8 0.4867091 0.7559543 0.0274945 0.0174733
30 0.5566950 0.7559543 0.0274945 0.0174733
31 0.6266809 0.7559543 0.0274944 0.0174733
27 0.3467373 0.8188584 0.0274944 0.0174733
21 0.4154734 0.8188584 0.0274944 0.0174733
13 0.4867091 0.8188584 0.0274945 0.0174733
2 0.5566950 0.8188584 0.0274945 0.0174733
14 0.2767513 0.7559543 0.0274945 0.0174733
2 0.6266809 0.8188584 0.0274944 0.0174733
25 0.6266809 0.5043381 0.0274944 0.0174733
4 0.2767513 0.5043381 0.0274945 0.0174733
6 0.5566950 0.5043381 0.0274945 0.0174733
10 0.5566950 0.6930503 0.0274945 0.0174733
28 0.2767513 0.6301462 0.0274945 0.0174733
7 0.2067654 0.8188584 0.0274945 0.0174733
28 0.3467373 0.5672422 0.0274944 0.0174733
