10 0.6374731 0.6122713 0.0269167 0.0168109
22 0.4319278 0.4912326 0.0269166 0.0168109
32 0.5022781 0.4357566 0.4955109 0.4303597
33 0.5010546 0.2497156 0.4490186 0.0156902
27 0.2948976 0.3096746 0.0269167 0.0168109
5 0.3634127 0.3096746 0.0269167 0.0168109
14 0.4319278 0.3096746 0.0269166 0.0168109
1 0.5689580 0.3096746 0.0269167 0.0168109
25 0.7059882 0.3096746 0.0269167 0.0168109
10 0.2948976 0.3701939 0.0269167 0.0168109
31 0.3634127 0.3701939 0.0269167 0.0168109
8 0.4319278 0.3701939 0.0269166 0.0168109
9 0.4992194 0.3701939 0.0269167 0.0168109
4 0.6374731 0.3701939 0.0269167 0.0168109
20 0.7059882 0.3701939 0.0269167 0.0168109
11 0.2948976 0.4307133 0.0269167 0.0168109
18 0.3634127 0.4307133 0.0269167 0.0168109
23 0.4319278 0.4307133 0.0269166 0.0168109
34 0.4992194 0.4301529 0.0636212 0.0605193
4 0.4992194 0.4307133 0.0269167 0.0168109
29 0.5689580 0.4307133 0.0269167 0.0168109
22 0.6374731 0.4307133 0.0269167 0.0168109
30 0.7059882 0.4307133 0.0269167 0.0168109
15 0.2948976 0.4912326 0.0269167 0.0168109
13 0.3634127 0.4912326 0.0269167 0.0168109
24 0.4992194 0.4912326 0.0269167 0.0168109
26 0.5689580 0.4912326 0.0269167 0.0168109
2 0.6374731 0.4912326 0.0269167 0.0168109
7 0.7059882 0.4912326 0.0269167 0.0168109
6 0.3634127 0.5517519 0.0269167 0.0168109
19 0.4992194 0.5517519 0.0269167 0.0168109
16 0.5689580 0.5517519 0.0269167 0.0168109
21 0.6374731 0.5517519 0.0269167 0.0168109
17 0.7059882 0.5517519 0.0269167 0.0168109
3 0.2948976 0.6122713 0.0269167 0.0168109
12 0.7059882 0.6122713 0.0269167 0.0168109
13 0.4319278 0.5517519 0.0269166 0.0168109
19 0.4992194 0.6122713 0.0269167 0.0168109
3 0.4319278 0.6122713 0.0269166 0.0168109
29 0.6374731 0.3096746 0.0269167 0.0168109
8 0.4992194 0.3096746 0.0269167 0.0168109
24 0.3634127 0.6122713 0.0269167 0.0168109
15 0.2948976 0.5517519 0.0269167 0.0168109
19 0.5689580 0.6122713 0.0269167 0.0168109
22 0.5689580 0.3701939 0.0269167 0.0168109
