25 0.5459129 0.3098873 0.0280836 0.0168785
13 0.4042184 0.4314123 0.0280836 0.0168785
32 0.5491042 0.3757133 0.5169936 0.4320886
33 0.5478277 0.1889250 0.4684856 0.0157532
18 0.3327328 0.2491249 0.0280836 0.0168785
34 0.4035801 0.2485622 0.0651029 0.0607624
16 0.4042184 0.2491249 0.0280836 0.0168785
22 0.4757039 0.2491249 0.0280836 0.0168785
7 0.5459129 0.2491249 0.0280836 0.0168785
12 0.6901605 0.2491249 0.0280835 0.0168785
15 0.7616460 0.2491249 0.0280836 0.0168785
4 0.3327328 0.3098873 0.0280836 0.0168785
3 0.4042184 0.3098873 0.0280836 0.0168785
10 0.4757039 0.3098873 0.0280836 0.0168785
16 0.6186750 0.3098873 0.0280836 0.0168785
1 0.6901605 0.3098873 0.0280835 0.0168785
8 0.3327328 0.3706498 0.0280836 0.0168785
2 0.4042184 0.3706498 0.0280836 0.0168785
27 0.5459129 0.3706498 0.0280836 0.0168785
13 0.6901605 0.3706498 0.0280835 0.0168785
11 0.7616460 0.3706498 0.0280836 0.0168785
24 0.3327328 0.4314123 0.0280836 0.0168785
5 0.4757039 0.4314123 0.0280836 0.0168785
26 0.5459129 0.4314123 0.0280836 0.0168785
25 0.6186750 0.4314123 0.0280836 0.0168785
14 0.6901605 0.4314123 0.0280835 0.0168785
29 0.7616460 0.4314123 0.0280836 0.0168785
31 0.4042184 0.4921747 0.0280836 0.0168785
21 0.4757039 0.4921747 0.0280836 0.0168785
20 0.6186750 0.4921747 0.0280836 0.0168785
17 0.4042184 0.5529372 0.0280836 0.0168785
9 0.4757039 0.5529372 0.0280836 0.0168785
19 0.5459129 0.5529372 0.0280836 0.0168785
23 0.6186750 0.5529372 0.0280836 0.0168785
6 0.6901605 0.5529372 0.0280835 0.0168785
30 0.7616460 0.5529372 0.0280836 0.0168785
7 0.6901605 0.4921747 0.0280835 0.0168785
29 0.6186750 0.2491249 0.0280836 0.0168785
13 0.7616460 0.3098873 0.0280836 0.0168785
16 0.4757039 0.3706498 0.0280836 0.0168785
16 0.7616460 0.4921747 0.0280836 0.0168785
3 0.6186750 0.3706498 0.0280836 0.0168785
9 0.5459129 0.4921747 0.0280836 0.0168785
11 0.3327328 0.5529372 0.0280836 0.0168785
19 0.3327328 0.4921747 0.0280836 0.0168785
