17 0.2396794 0.6960029 0.0277243 0.0174672
26 0.5925342 0.5702394 0.0277243 0.0174672
32 0.3827116 0.5125978 0.5103793 0.4471593
33 0.3814514 0.3192946 0.4624919 0.0163027
18 0.1691084 0.3815941 0.0277243 0.0174672
7 0.2396794 0.3815941 0.0277243 0.0174672
29 0.3102504 0.3815941 0.0277243 0.0174672
22 0.4513923 0.3815941 0.0277243 0.0174672
21 0.5219633 0.3815941 0.0277243 0.0174672
3 0.5925342 0.3815941 0.0277243 0.0174672
6 0.1691084 0.4444759 0.0277243 0.0174671
34 0.2390493 0.4438936 0.0642700 0.0628818
29 0.2396794 0.4444759 0.0277243 0.0174671
14 0.3102504 0.4444759 0.0277243 0.0174671
2 0.3795612 0.4444759 0.0277243 0.0174671
23 0.4513923 0.4444759 0.0277243 0.0174671
4 0.1691084 0.5073577 0.0277243 0.0174672
13 0.3102504 0.5073577 0.0277243 0.0174672
17 0.4513923 0.5073577 0.0277243 0.0174672
31 0.5219633 0.5073577 0.0277243 0.0174672
27 0.5925342 0.5073577 0.0277243 0.0174672
19 0.2396794 0.5702394 0.0277243 0.0174672
24 0.3102504 0.5702394 0.0277243 0.0174672
1 0.3795612 0.5702394 0.0277243 0.0174672
10 0.4513923 0.5702394 0.0277243 0.0174672
12 0.5219633 0.5702394 0.0277243 0.0174672
25 0.1691084 0.6331212 0.0277243 0.0174672
11 0.2396794 0.6331212 0.0277243 0.0174672
26 0.3102504 0.6331212 0.0277243 0.0174672
15 0.3795612 0.6331212 0.0277243 0.0174672
20 0.4513923 0.6331212 0.0277243 0.0174672
9 0.5219633 0.6331212 0.0277243 0.0174672
30 0.3102504 0.6960029 0.0277243 0.0174672
5 0.3795612 0.6960029 0.0277243 0.0174672
8 0.4513923 0.6960029 0.0277243 0.0174672
16 0.5219633 0.6960029 0.0277243 0.0174672
27 0.1691084 0.5702394 0.0277243 0.0174672
29 0.3795612 0.3815941 0.0277243 0.0174672
12 0.5925342 0.4444759 0.0277243 0.0174671
29 0.5219633 0.4444759 0.0277243 0.0174671
13 0.1691084 0.6960029 0.0277243 0.0174672
17 0.5925342 0.6960029 0.0277243 0.0174672
18 0.3795612 0.5073577 0.0277243 0.0174672
21 0.5925342 0.6331212 0.0277243 0.0174672
16 0.2396794 0.5073577 0.0277243 0.0174672
