10 0.6879191 0.7799927 0.0267221 0.0174320
12 0.4158396 0.4662162 0.0267221 0.0174320
32 0.6217212 0.5969564 0.4919294 0.4462599
33 0.6205066 0.4040420 0.4457731 0.0162699
26 0.4838595 0.4662162 0.0267221 0.0174320
6 0.5518793 0.4662162 0.0267221 0.0174320
25 0.6186846 0.4662162 0.0267221 0.0174320
29 0.6879191 0.4662162 0.0267221 0.0174320
17 0.4158396 0.5289715 0.0267221 0.0174320
2 0.4838595 0.5289715 0.0267221 0.0174320
5 0.5518793 0.5289715 0.0267221 0.0174320
13 0.6186846 0.5289715 0.0267221 0.0174320
21 0.6879191 0.5289715 0.0267221 0.0174320
34 0.7553316 0.5283905 0.0619466 0.0627553
10 0.7559389 0.5289715 0.0267221 0.0174320
18 0.8239588 0.5289715 0.0267221 0.0174320
1 0.4158396 0.5917268 0.0267221 0.0174320
8 0.5518793 0.5917268 0.0267221 0.0174320
11 0.6186846 0.5917268 0.0267221 0.0174320
15 0.7559389 0.5917268 0.0267221 0.0174320
22 0.4158396 0.6544822 0.0267221 0.0174320
31 0.4838595 0.6544822 0.0267221 0.0174320
30 0.5518793 0.6544822 0.0267221 0.0174320
3 0.6186846 0.6544822 0.0267221 0.0174320
4 0.6879191 0.6544822 0.0267221 0.0174320
24 0.8239588 0.6544822 0.0267221 0.0174320
7 0.4158396 0.7172374 0.0267221 0.0174320
12 0.4838595 0.7172374 0.0267221 0.0174320
23 0.5518793 0.7172374 0.0267221 0.0174320
16 0.6186846 0.7172374 0.0267221 0.0174320
27 0.6879191 0.7172374 0.0267221 0.0174320
19 0.4158396 0.7799927 0.0267221 0.0174320
20 0.4838595 0.7799927 0.0267221 0.0174320
10 0.5518793 0.7799927 0.0267221 0.0174320
14 0.6186846 0.7799927 0.0267221 0.0174320
9 0.8239588 0.7799927 0.0267221 0.0174320
6 0.8239588 0.4662162 0.0267221 0.0174320
1 0.8239588 0.5917268 0.0267221 0.0174320
30 0.7559389 0.7172374 0.0267221 0.0174320
30 0.7559389 0.6544822 0.0267221 0.0174320
5 0.7559389 0.7799927 0.0267221 0.0174320
22 0.4838595 0.5917268 0.0267221 0.0174320
19 0.7559389 0.4662162 0.0267221 0.0174320
20 0.8239588 0.7172374 0.0267221 0.0174320
22 0.6879191 0.5917268 0.0267221 0.0174320
