4 0.1355404 0.4514925 0.0284820 0.0171119
18 0.2080402 0.4514925 0.0284821 0.0171119
32 0.2824819 0.3950235 0.5243287 0.4380628
33 0.2811873 0.2056526 0.4751324 0.0159710
6 0.0630407 0.2666848 0.0284821 0.0171118
5 0.1355404 0.2666848 0.0284820 0.0171118
2 0.2080402 0.2666848 0.0284821 0.0171118
22 0.2792453 0.2666848 0.0284821 0.0171118
3 0.3530397 0.2666848 0.0284821 0.0171118
9 0.4980393 0.2666848 0.0284821 0.0171118
16 0.0630407 0.3282874 0.0284821 0.0171119
8 0.2080402 0.3282874 0.0284821 0.0171119
34 0.2792453 0.3277170 0.0673212 0.0616026
20 0.2792453 0.3282874 0.0284821 0.0171119
30 0.4255395 0.3282874 0.0284821 0.0171119
11 0.4980393 0.3282874 0.0284821 0.0171119
23 0.2080402 0.3898900 0.0284821 0.0171119
17 0.2792453 0.3898900 0.0284821 0.0171119
24 0.3530397 0.3898900 0.0284821 0.0171119
26 0.4255395 0.3898900 0.0284821 0.0171119
14 0.0630407 0.4514925 0.0284821 0.0171119
21 0.2792453 0.4514925 0.0284821 0.0171119
18 0.3530397 0.4514925 0.0284821 0.0171119
12 0.4255395 0.4514925 0.0284821 0.0171119
7 0.4980393 0.4514925 0.0284821 0.0171119
27 0.0630407 0.5130951 0.0284821 0.0171119
15 0.1355404 0.5130951 0.0284820 0.0171119
20 0.2080402 0.5130951 0.0284821 0.0171119
1 0.3530397 0.5130951 0.0284821 0.0171119
13 0.4255395 0.5130951 0.0284821 0.0171119
4 0.0630407 0.5746977 0.0284821 0.0171119
29 0.1355404 0.5746977 0.0284820 0.0171119
25 0.2080402 0.5746977 0.0284821 0.0171119
10 0.2792453 0.5746977 0.0284821 0.0171119
19 0.4255395 0.5746977 0.0284821 0.0171119
31 0.4980393 0.5746977 0.0284821 0.0171119
2 0.1355404 0.3898900 0.0284820 0.0171119
8 0.3530397 0.5746977 0.0284821 0.0171119
12 0.2792453 0.5130951 0.0284821 0.0171119
5 0.4980393 0.5130951 0.0284821 0.0171119
30 0.3530397 0.3282874 0.0284821 0.0171119
27 0.4255395 0.2666848 0.0284821 0.0171118
5 0.1355404 0.3282874 0.0284820 0.0171119
24 0.0630407 0.3898900 0.0284821 0.0171119
15 0.4980393 0.3898900 0.0284821 0.0171119
