6 0.2020532 0.3766787 0.0274598 0.0170173
14 0.5515411 0.3154161 0.0274598 0.0170174
32 0.4136182 0.3817839 0.5055093 0.4356453
33 0.4123700 0.1934580 0.4580787 0.0158829
19 0.4104977 0.2541534 0.0274597 0.0170174
3 0.4816435 0.2541534 0.0274598 0.0170174
12 0.5515411 0.2541534 0.0274598 0.0170174
31 0.6214386 0.2541534 0.0274598 0.0170174
2 0.2020532 0.3154161 0.0274598 0.0170174
4 0.4104977 0.3154161 0.0274597 0.0170174
27 0.4816435 0.3154161 0.0274598 0.0170174
21 0.6214386 0.3154161 0.0274598 0.0170174
25 0.2719508 0.3766787 0.0274598 0.0170173
10 0.3418484 0.3766787 0.0274598 0.0170173
18 0.4104977 0.3766787 0.0274597 0.0170173
6 0.4816435 0.3766787 0.0274598 0.0170173
11 0.2020532 0.4379413 0.0274598 0.0170173
20 0.2719508 0.4379413 0.0274598 0.0170173
1 0.3418484 0.4379413 0.0274598 0.0170173
23 0.4104977 0.4379413 0.0274597 0.0170173
14 0.4816435 0.4379413 0.0274598 0.0170173
26 0.5515411 0.4379413 0.0274598 0.0170173
8 0.6214386 0.4379413 0.0274598 0.0170173
22 0.2719508 0.4992040 0.0274598 0.0170174
34 0.3418483 0.4986367 0.0649049 0.0612626
2 0.3418484 0.4992040 0.0274598 0.0170174
13 0.4104977 0.4992040 0.0274597 0.0170174
5 0.4816435 0.4992040 0.0274598 0.0170174
17 0.5515411 0.4992040 0.0274598 0.0170174
9 0.6214386 0.4992040 0.0274598 0.0170174
24 0.2020532 0.5604666 0.0274598 0.0170174
7 0.2719508 0.5604666 0.0274598 0.0170174
16 0.3418484 0.5604666 0.0274598 0.0170174
15 0.4816435 0.5604666 0.0274598 0.0170174
29 0.5515411 0.5604666 0.0274598 0.0170174
30 0.6214386 0.5604666 0.0274598 0.0170174
18 0.2020532 0.4992040 0.0274598 0.0170174
3 0.2719508 0.3154161 0.0274598 0.0170174
10 0.6214386 0.3766787 0.0274598 0.0170173
22 0.4104977 0.5604666 0.0274597 0.0170174
18 0.3418484 0.3154161 0.0274598 0.0170174
6 0.3418484 0.2541534 0.0274598 0.0170174
12 0.2719508 0.2541534 0.0274598 0.0170174
31 0.2020532 0.2541534 0.0274598 0.0170174
26 0.5515411 0.3766787 0.0274598 0.0170173
