21 0.1312664 0.6086260 0.0270689 0.0168162
29 0.3379746 0.6691644 0.0270689 0.0168162
32 0.2709175 0.5531324 0.4983144 0.4304954
33 0.2696871 0.3670328 0.4515590 0.0156952
25 0.0623637 0.4270107 0.0270689 0.0168162
18 0.2001692 0.4270107 0.0270689 0.0168162
14 0.3379746 0.4270107 0.0270689 0.0168162
5 0.4068774 0.4270107 0.0270689 0.0168162
12 0.4757801 0.4270107 0.0270689 0.0168162
29 0.0623637 0.4875491 0.0270689 0.0168162
15 0.1312664 0.4875491 0.0270689 0.0168162
2 0.2678415 0.4875491 0.0270689 0.0168162
17 0.3379746 0.4875491 0.0270689 0.0168162
13 0.4068774 0.4875491 0.0270689 0.0168162
4 0.4757801 0.4875491 0.0270689 0.0168162
31 0.1312664 0.5480876 0.0270689 0.0168163
26 0.2001692 0.5480876 0.0270689 0.0168163
22 0.4757801 0.5480876 0.0270689 0.0168163
21 0.0623637 0.6086260 0.0270689 0.0168162
9 0.2001692 0.6086260 0.0270689 0.0168162
16 0.2678415 0.6086260 0.0270689 0.0168162
6 0.3379746 0.6086260 0.0270689 0.0168162
1 0.4068774 0.6086260 0.0270689 0.0168162
27 0.4757801 0.6086260 0.0270689 0.0168162
3 0.0623637 0.6691644 0.0270689 0.0168162
19 0.2678415 0.6691644 0.0270689 0.0168162
34 0.4062621 0.6686039 0.0627507 0.0605385
4 0.4068774 0.6691644 0.0270689 0.0168162
30 0.4757801 0.6691644 0.0270689 0.0168162
20 0.0623637 0.7297028 0.0270689 0.0168163
8 0.1312664 0.7297028 0.0270689 0.0168163
7 0.2001692 0.7297028 0.0270689 0.0168163
11 0.2678415 0.7297028 0.0270689 0.0168163
24 0.3379746 0.7297028 0.0270689 0.0168163
23 0.4068774 0.7297028 0.0270689 0.0168163
10 0.4757801 0.7297028 0.0270689 0.0168163
24 0.2678415 0.4270107 0.0270689 0.0168162
3 0.3379746 0.5480876 0.0270689 0.0168163
26 0.1312664 0.6691644 0.0270689 0.0168162
20 0.2001692 0.4875491 0.0270689 0.0168162
24 0.2678415 0.5480876 0.0270689 0.0168163
3 0.4068774 0.5480876 0.0270689 0.0168163
15 0.1312664 0.4270107 0.0270689 0.0168162
5 0.2001692 0.6691644 0.0270689 0.0168162
17 0.0623637 0.5480876 0.0270689 0.0168163
