14 0.5999581 0.4734326 0.0281685 0.0173718
21 0.3131511 0.3483552 0.0281686 0.0173718
32 0.3867735 0.4161055 0.5185573 0.4447196
33 0.3854931 0.2238569 0.4699025 0.0162138
21 0.1697476 0.2858165 0.0281685 0.0173719
12 0.3131511 0.2858165 0.0281686 0.0173719
22 0.5282564 0.2858165 0.0281686 0.0173719
15 0.5999581 0.2858165 0.0281685 0.0173719
34 0.3835725 0.3477762 0.0665802 0.0625387
25 0.3835725 0.3483552 0.0281686 0.0173718
23 0.4565546 0.3483552 0.0281685 0.0173718
31 0.5282564 0.3483552 0.0281686 0.0173718
24 0.1697476 0.4108939 0.0281685 0.0173719
27 0.3131511 0.4108939 0.0281686 0.0173719
4 0.3835725 0.4108939 0.0281686 0.0173719
19 0.4565546 0.4108939 0.0281685 0.0173719
8 0.5282564 0.4108939 0.0281686 0.0173719
7 0.5999581 0.4108939 0.0281685 0.0173719
17 0.1697476 0.4734326 0.0281685 0.0173718
25 0.2414494 0.4734326 0.0281685 0.0173718
20 0.3131511 0.4734326 0.0281686 0.0173718
1 0.3835725 0.4734326 0.0281686 0.0173718
14 0.4565546 0.4734326 0.0281685 0.0173718
13 0.5282564 0.4734326 0.0281686 0.0173718
2 0.1697476 0.5359713 0.0281685 0.0173718
29 0.2414494 0.5359713 0.0281685 0.0173718
26 0.3131511 0.5359713 0.0281686 0.0173718
3 0.3835725 0.5359713 0.0281686 0.0173718
6 0.5282564 0.5359713 0.0281686 0.0173718
9 0.5999581 0.5359713 0.0281685 0.0173718
11 0.1697476 0.5985101 0.0281685 0.0173719
30 0.2414494 0.5985101 0.0281685 0.0173719
16 0.3131511 0.5985101 0.0281686 0.0173719
5 0.3835725 0.5985101 0.0281686 0.0173719
18 0.4565546 0.5985101 0.0281685 0.0173719
10 0.5999581 0.5985101 0.0281685 0.0173719
28 0.2414494 0.2858165 0.0281685 0.0173719
25 0.5999581 0.3483552 0.0281685 0.0173718
24 0.5282564 0.5985101 0.0281686 0.0173719
11 0.2414494 0.4108939 0.0281685 0.0173719
7 0.4565546 0.5359713 0.0281685 0.0173718
6 0.2414494 0.3483552 0.0281685 0.0173718
18 0.4565546 0.2858165 0.0281685 0.0173719
9 0.3835725 0.2858165 0.0281686 0.0173719
14 0.1697476 0.3483552 0.0281685 0.0173718
