15 0.3207466 0.5210756 0.0271103 0.0163346
18 0.1839629 0.6386850 0.0271103 0.0163346
32 0.3238273 0.4671714 0.4990756 0.4181665
33 0.3225950 0.2864014 0.4522488 0.0152457
24 0.1149549 0.3446616 0.0271103 0.0163346
18 0.1839629 0.3446616 0.0271103 0.0163346
29 0.2529709 0.3446616 0.0271103 0.0163346
20 0.3207466 0.3446616 0.0271103 0.0163346
22 0.3909869 0.3446616 0.0271103 0.0163346
1 0.4599949 0.3446616 0.0271103 0.0163346
5 0.5290028 0.3446616 0.0271103 0.0163346
14 0.1149549 0.4034663 0.0271103 0.0163346
15 0.1839629 0.4034663 0.0271103 0.0163346
9 0.3207466 0.4034663 0.0271103 0.0163346
10 0.3909869 0.4034663 0.0271103 0.0163346
25 0.4599949 0.4034663 0.0271103 0.0163346
13 0.5290028 0.4034663 0.0271103 0.0163346
27 0.1149549 0.4622710 0.0271103 0.0163346
19 0.2529709 0.4622710 0.0271103 0.0163346
4 0.4599949 0.4622710 0.0271103 0.0163346
2 0.1839629 0.5210756 0.0271103 0.0163346
8 0.3909869 0.5210756 0.0271103 0.0163346
16 0.4599949 0.5210756 0.0271103 0.0163346
7 0.5290028 0.5210756 0.0271103 0.0163346
12 0.1149549 0.5798803 0.0271103 0.0163346
23 0.1839629 0.5798803 0.0271103 0.0163346
30 0.2529709 0.5798803 0.0271103 0.0163346
26 0.3909869 0.5798803 0.0271103 0.0163346
6 0.4599949 0.5798803 0.0271103 0.0163346
3 0.5290028 0.5798803 0.0271103 0.0163346
31 0.1149549 0.6386850 0.0271103 0.0163346
34 0.2529709 0.6381405 0.0640788 0.0588047
27 0.2529709 0.6386850 0.0271103 0.0163346
17 0.3207466 0.6386850 0.0271103 0.0163346
21 0.3909869 0.6386850 0.0271103 0.0163346
11 0.4599949 0.6386850 0.0271103 0.0163346
4 0.3207466 0.4622710 0.0271103 0.0163346
27 0.3909869 0.4622710 0.0271103 0.0163346
21 0.5290028 0.4622710 0.0271103 0.0163346
31 0.2529709 0.4034663 0.0271103 0.0163346
20 0.5290028 0.6386850 0.0271103 0.0163346
22 0.1149549 0.5210756 0.0271103 0.0163346
12 0.3207466 0.5798803 0.0271103 0.0163346
11 0.1839629 0.4622710 0.0271103 0.0163346
31 0.2529709 0.5210756 0.0271103 0.0163346
