18 0.2823886 0.4868501 0.0262123 0.0162655
17 0.2823886 0.3697384 0.0262123 0.0162655
32 0.2853673 0.3746181 0.4825434 0.4163971
33 0.2841758 0.1946131 0.4372678 0.0151811
27 0.1501360 0.2526267 0.0262122 0.0162655
20 0.2168580 0.2526267 0.0262122 0.0162655
4 0.2823886 0.2526267 0.0262123 0.0162655
13 0.3503021 0.2526267 0.0262122 0.0162655
9 0.4170242 0.2526267 0.0262122 0.0162655
26 0.4837463 0.2526267 0.0262123 0.0162655
25 0.0834139 0.3111826 0.0262122 0.0162655
12 0.2823886 0.3111826 0.0262123 0.0162655
7 0.3503021 0.3111826 0.0262122 0.0162655
22 0.4170242 0.3111826 0.0262122 0.0162655
31 0.4837463 0.3111826 0.0262123 0.0162655
1 0.0834139 0.3697384 0.0262122 0.0162655
14 0.1501360 0.3697384 0.0262122 0.0162655
24 0.2168580 0.3697384 0.0262122 0.0162655
11 0.3503021 0.3697384 0.0262122 0.0162655
21 0.4170242 0.3697384 0.0262122 0.0162655
29 0.4837463 0.3697384 0.0262123 0.0162655
10 0.3503021 0.4282943 0.0262122 0.0162655
19 0.4170242 0.4282943 0.0262122 0.0162655
23 0.4837463 0.4282943 0.0262123 0.0162655
18 0.0834139 0.4868501 0.0262122 0.0162655
34 0.1495402 0.4863079 0.0607647 0.0585558
18 0.1501360 0.4868501 0.0262122 0.0162655
17 0.2168580 0.4868501 0.0262122 0.0162655
6 0.3503021 0.4868501 0.0262122 0.0162655
3 0.4837463 0.4868501 0.0262123 0.0162655
16 0.1501360 0.5454060 0.0262122 0.0162655
2 0.2168580 0.5454060 0.0262122 0.0162655
5 0.2823886 0.5454060 0.0262123 0.0162655
30 0.3503021 0.5454060 0.0262122 0.0162655
8 0.4170242 0.5454060 0.0262122 0.0162655
15 0.4837463 0.5454060 0.0262123 0.0162655
26 0.1501360 0.4282943 0.0262122 0.0162655
22 0.4170242 0.4868501 0.0262122 0.0162655
8 0.1501360 0.3111826 0.0262122 0.0162655
1 0.0834139 0.4282943 0.0262122 0.0162655
1 0.0834139 0.5454060 0.0262122 0.0162655
1 0.2823886 0.4282943 0.0262123 0.0162655
4 0.2168580 0.3111826 0.0262122 0.0162655
24 0.2168580 0.4282943 0.0262122 0.0162655
30 0.0834139 0.2526267 0.0262122 0.0162655
