17 0.1445354 0.5191186 0.0264077 0.0174958
31 0.2117550 0.6450884 0.0264077 0.0174959
32 0.3479946 0.5243673 0.4861414 0.4478929
33 0.3467942 0.3307470 0.4405281 0.0163294
8 0.2117550 0.3931487 0.0264077 0.0174958
10 0.2789745 0.3931487 0.0264077 0.0174958
19 0.3449937 0.3931487 0.0264077 0.0174958
21 0.4134136 0.3931487 0.0264077 0.0174958
18 0.4806332 0.3931487 0.0264077 0.0174958
9 0.5478527 0.3931487 0.0264077 0.0174958
12 0.1445354 0.4561337 0.0264077 0.0174959
24 0.3449937 0.4561337 0.0264077 0.0174959
27 0.4134136 0.4561337 0.0264077 0.0174959
1 0.4806332 0.4561337 0.0264077 0.0174959
30 0.2117550 0.5191186 0.0264077 0.0174958
20 0.4134136 0.5191186 0.0264077 0.0174958
4 0.5478527 0.5191186 0.0264077 0.0174958
11 0.1445354 0.5821035 0.0264077 0.0174958
6 0.2117550 0.5821035 0.0264077 0.0174958
5 0.2789745 0.5821035 0.0264077 0.0174958
29 0.4134136 0.5821035 0.0264077 0.0174958
23 0.4806332 0.5821035 0.0264077 0.0174958
22 0.1445354 0.6450884 0.0264077 0.0174959
26 0.2789745 0.6450884 0.0264077 0.0174959
25 0.3449937 0.6450884 0.0264077 0.0174959
3 0.4134136 0.6450884 0.0264077 0.0174959
34 0.4800330 0.6445053 0.0612178 0.0629849
2 0.4806332 0.6450884 0.0264077 0.0174959
2 0.5478527 0.6450884 0.0264077 0.0174959
17 0.1445354 0.7080734 0.0264077 0.0174958
13 0.2117550 0.7080734 0.0264077 0.0174958
16 0.2789745 0.7080734 0.0264077 0.0174958
14 0.3449937 0.7080734 0.0264077 0.0174958
7 0.4134136 0.7080734 0.0264077 0.0174958
31 0.4806332 0.7080734 0.0264077 0.0174958
15 0.5478527 0.7080734 0.0264077 0.0174958
5 0.1445354 0.3931487 0.0264077 0.0174958
17 0.2117550 0.4561337 0.0264077 0.0174959
24 0.3449937 0.5821035 0.0264077 0.0174958
12 0.4806332 0.5191186 0.0264077 0.0174958
11 0.2789745 0.4561337 0.0264077 0.0174959
18 0.5478527 0.4561337 0.0264077 0.0174959
3 0.3449937 0.5191186 0.0264077 0.0174958
22 0.5478527 0.5821035 0.0264077 0.0174958
14 0.2789745 0.5191186 0.0264077 0.0174958
