11 0.6381154 0.4956395 0.0272071 0.0172136
22 0.6381154 0.5576085 0.0272071 0.0172136
32 0.4322073 0.4388346 0.5008577 0.4406682
33 0.4309705 0.2483374 0.4538636 0.0160660
26 0.2225890 0.3097326 0.0272071 0.0172136
30 0.2918434 0.3097326 0.0272071 0.0172136
22 0.3610978 0.3097326 0.0272071 0.0172136
29 0.4291155 0.3097326 0.0272071 0.0172136
18 0.5688610 0.3097326 0.0272071 0.0172136
7 0.6381154 0.3097326 0.0272071 0.0172136
31 0.2225890 0.3717016 0.0272071 0.0172136
1 0.2918434 0.3717016 0.0272071 0.0172136
27 0.3610978 0.3717016 0.0272071 0.0172136
25 0.4996066 0.3717016 0.0272070 0.0172136
24 0.6381154 0.3717016 0.0272071 0.0172136
2 0.2225890 0.4336706 0.0272071 0.0172136
13 0.2918434 0.4336706 0.0272071 0.0172136
11 0.3610978 0.4336706 0.0272071 0.0172136
19 0.4291155 0.4336706 0.0272071 0.0172136
9 0.4996066 0.4336706 0.0272070 0.0172136
14 0.5688610 0.4336706 0.0272071 0.0172136
12 0.2918434 0.4956395 0.0272071 0.0172136
15 0.3610978 0.4956395 0.0272071 0.0172136
20 0.4996066 0.4956395 0.0272070 0.0172136
3 0.5688610 0.4956395 0.0272071 0.0172136
34 0.2225890 0.5570347 0.0643077 0.0619689
11 0.2225890 0.5576085 0.0272071 0.0172136
21 0.2918434 0.5576085 0.0272071 0.0172136
4 0.4291155 0.5576085 0.0272071 0.0172136
6 0.4996066 0.5576085 0.0272070 0.0172136
17 0.5688610 0.5576085 0.0272071 0.0172136
10 0.2225890 0.6195775 0.0272071 0.0172136
23 0.2918434 0.6195775 0.0272071 0.0172136
8 0.4291155 0.6195775 0.0272071 0.0172136
5 0.4996066 0.6195775 0.0272070 0.0172136
16 0.6381154 0.6195775 0.0272071 0.0172136
10 0.3610978 0.5576085 0.0272071 0.0172136
9 0.6381154 0.4336706 0.0272071 0.0172136
21 0.3610978 0.6195775 0.0272071 0.0172136
25 0.4996066 0.3097326 0.0272070 0.0172136
8 0.5688610 0.3717016 0.0272071 0.0172136
16 0.4291155 0.3717016 0.0272071 0.0172136
4 0.4291155 0.4956395 0.0272071 0.0172136
17 0.5688610 0.6195775 0.0272071 0.0172136
20 0.2225890 0.4956395 0.0272071 0.0172136
