29 0.6430914 0.5088967 0.0265061 0.0173885
10 0.5081514 0.2585024 0.0265061 0.0173885
32 0.4424886 0.3889161 0.4879529 0.4451455
33 0.4412838 0.1964834 0.4421696 0.0162292
24 0.3057414 0.2585024 0.0265061 0.0173885
17 0.3732114 0.2585024 0.0265061 0.0173885
16 0.4394766 0.2585024 0.0265061 0.0173885
2 0.5756215 0.2585024 0.0265061 0.0173885
1 0.6430914 0.2585024 0.0265061 0.0173885
6 0.2382713 0.3211009 0.0265061 0.0173885
9 0.3732114 0.3211009 0.0265061 0.0173885
14 0.4394766 0.3211009 0.0265061 0.0173885
25 0.5081514 0.3211009 0.0265061 0.0173885
23 0.5756215 0.3211009 0.0265061 0.0173885
13 0.6430914 0.3211009 0.0265061 0.0173885
15 0.3057414 0.3836995 0.0265061 0.0173885
31 0.3732114 0.3836995 0.0265061 0.0173885
27 0.4394766 0.3836995 0.0265061 0.0173885
29 0.5756215 0.3836995 0.0265061 0.0173885
4 0.6430914 0.3836995 0.0265061 0.0173885
11 0.3057414 0.4462981 0.0265061 0.0173885
22 0.4394766 0.4462981 0.0265061 0.0173885
5 0.5081514 0.4462981 0.0265061 0.0173885
12 0.5756215 0.4462981 0.0265061 0.0173885
3 0.6430914 0.4462981 0.0265061 0.0173885
7 0.2382713 0.5088967 0.0265061 0.0173885
30 0.3057414 0.5088967 0.0265061 0.0173885
20 0.4394766 0.5088967 0.0265061 0.0173885
18 0.5081514 0.5088967 0.0265061 0.0173885
8 0.5756215 0.5088967 0.0265061 0.0173885
21 0.2382713 0.5714953 0.0265061 0.0173885
26 0.3057414 0.5714953 0.0265061 0.0173885
10 0.4394766 0.5714953 0.0265061 0.0173885
19 0.5081514 0.5714953 0.0265061 0.0173885
34 0.5750190 0.5709157 0.0614458 0.0625986
25 0.5756215 0.5714953 0.0265061 0.0173885
3 0.5081514 0.3836995 0.0265061 0.0173885
12 0.3732114 0.5088967 0.0265061 0.0173885
8 0.2382713 0.4462981 0.0265061 0.0173885
11 0.3732114 0.5714953 0.0265061 0.0173885
12 0.2382713 0.3836995 0.0265061 0.0173885
16 0.6430914 0.5714953 0.0265061 0.0173885
20 0.2382713 0.2585024 0.0265061 0.0173885
10 0.3732114 0.4462981 0.0265061 0.0173885
11 0.3057414 0.3211009 0.0265061 0.0173885
