24 0.2145289 0.5530999 0.0281986 0.0170355
28 0.4298635 0.3077890 0.0281986 0.0170355
32 0.3600079 0.4355551 0.5191103 0.4361081
33 0.3587262 0.2470292 0.4704037 0.0158998
10 0.1427506 0.3077890 0.0281986 0.0170355
2 0.2145289 0.3077890 0.0281986 0.0170355
31 0.5016418 0.3077890 0.0281986 0.0170355
22 0.5734200 0.3077890 0.0281986 0.0170355
14 0.1427506 0.3691168 0.0281986 0.0170355
3 0.2145289 0.3691168 0.0281986 0.0170355
13 0.2863071 0.3691168 0.0281986 0.0170355
8 0.3568036 0.3691168 0.0281986 0.0170355
9 0.5016418 0.3691168 0.0281986 0.0170355
18 0.5734200 0.3691168 0.0281986 0.0170355
15 0.1427506 0.4304445 0.0281986 0.0170355
6 0.2145289 0.4304445 0.0281986 0.0170355
30 0.3568036 0.4304445 0.0281986 0.0170355
25 0.4298635 0.4304445 0.0281986 0.0170355
17 0.5734200 0.4304445 0.0281986 0.0170355
29 0.1427506 0.4917722 0.0281986 0.0170355
11 0.2145289 0.4917722 0.0281986 0.0170355
24 0.3568036 0.4917722 0.0281986 0.0170355
19 0.4298635 0.4917722 0.0281986 0.0170355
7 0.5016418 0.4917722 0.0281986 0.0170355
4 0.5734200 0.4917722 0.0281986 0.0170355
26 0.1427506 0.5530999 0.0281986 0.0170355
34 0.2863071 0.5525320 0.0666512 0.0613277
22 0.2863071 0.5530999 0.0281986 0.0170355
23 0.3568036 0.5530999 0.0281986 0.0170355
21 0.4298635 0.5530999 0.0281986 0.0170355
1 0.5734200 0.5530999 0.0281986 0.0170355
27 0.1427506 0.6144276 0.0281986 0.0170355
20 0.2145289 0.6144276 0.0281986 0.0170355
5 0.2863071 0.6144276 0.0281986 0.0170355
12 0.4298635 0.6144276 0.0281986 0.0170355
16 0.5016418 0.6144276 0.0281986 0.0170355
28 0.3568036 0.3077890 0.0281986 0.0170355
19 0.3568036 0.6144276 0.0281986 0.0170355
25 0.2863071 0.3077890 0.0281986 0.0170355
24 0.5734200 0.6144276 0.0281986 0.0170355
17 0.2863071 0.4917722 0.0281986 0.0170355
18 0.5016418 0.5530999 0.0281986 0.0170355
2 0.2863071 0.4304445 0.0281986 0.0170355
28 0.5016418 0.4304445 0.0281986 0.0170355
4 0.4298635 0.3691168 0.0281986 0.0170355
