11 0.1931324 0.3025663 0.0278705 0.0169093
27 0.1221892 0.3634399 0.0278705 0.0169093
32 0.2659758 0.3685127 0.5130710 0.4328792
33 0.2647089 0.1813827 0.4649310 0.0157821
24 0.0512461 0.2416927 0.0278705 0.0169093
30 0.1221892 0.2416927 0.0278705 0.0169093
21 0.1931324 0.2416927 0.0278705 0.0169093
9 0.2628087 0.2416927 0.0278705 0.0169093
25 0.3350187 0.2416927 0.0278705 0.0169093
27 0.4059618 0.2416927 0.0278705 0.0169093
12 0.4769050 0.2416927 0.0278705 0.0169093
19 0.2628087 0.3025663 0.0278705 0.0169093
23 0.3350187 0.3025663 0.0278705 0.0169093
5 0.4059618 0.3025663 0.0278705 0.0169093
10 0.4769050 0.3025663 0.0278705 0.0169093
11 0.2628087 0.3634399 0.0278705 0.0169093
1 0.3350187 0.3634399 0.0278705 0.0169093
22 0.4059618 0.3634399 0.0278705 0.0169093
7 0.4769050 0.3634399 0.0278705 0.0169093
3 0.0512461 0.4243136 0.0278705 0.0169094
14 0.1221892 0.4243136 0.0278705 0.0169094
26 0.2628087 0.4243136 0.0278705 0.0169094
34 0.4769050 0.4237499 0.0658758 0.0608736
23 0.4769050 0.4243136 0.0278705 0.0169094
31 0.1221892 0.4851872 0.0278705 0.0169094
18 0.1931324 0.4851872 0.0278705 0.0169094
2 0.2628087 0.4851872 0.0278705 0.0169094
4 0.3350187 0.4851872 0.0278705 0.0169094
20 0.4059618 0.4851872 0.0278705 0.0169094
29 0.4769050 0.4851872 0.0278705 0.0169094
17 0.0512461 0.5460609 0.0278705 0.0169093
8 0.1221892 0.5460609 0.0278705 0.0169093
15 0.1931324 0.5460609 0.0278705 0.0169093
6 0.3350187 0.5460609 0.0278705 0.0169093
13 0.4059618 0.5460609 0.0278705 0.0169093
16 0.4769050 0.5460609 0.0278705 0.0169093
12 0.2628087 0.5460609 0.0278705 0.0169093
19 0.3350187 0.4243136 0.0278705 0.0169094
7 0.1931324 0.4243136 0.0278705 0.0169094
10 0.0512461 0.3025663 0.0278705 0.0169093
6 0.1221892 0.3025663 0.0278705 0.0169093
17 0.4059618 0.4243136 0.0278705 0.0169094
22 0.1931324 0.3634399 0.0278705 0.0169093
22 0.0512461 0.3634399 0.0278705 0.0169093
29 0.0512461 0.4851872 0.0278705 0.0169094
