19 0.6201801 0.4936931 0.0274320 0.0171568
19 0.4106996 0.6789872 0.0274320 0.0171568
32 0.4823968 0.4988402 0.5049976 0.4392156
33 0.4811499 0.3089709 0.4576151 0.0160130
15 0.2710459 0.3701637 0.0274320 0.0171568
12 0.4106996 0.3701637 0.0274320 0.0171568
7 0.4792795 0.3701637 0.0274320 0.0171568
34 0.5497298 0.3695918 0.0660861 0.0617647
24 0.5503532 0.3701637 0.0274319 0.0171568
30 0.6201801 0.3701637 0.0274320 0.0171568
20 0.6900069 0.3701637 0.0274319 0.0171568
2 0.2710459 0.4319284 0.0274320 0.0171568
29 0.3408727 0.4319284 0.0274320 0.0171568
24 0.4792795 0.4319284 0.0274320 0.0171568
3 0.5503532 0.4319284 0.0274319 0.0171568
6 0.6201801 0.4319284 0.0274320 0.0171568
1 0.3408727 0.4936931 0.0274320 0.0171568
17 0.4106996 0.4936931 0.0274320 0.0171568
18 0.4792795 0.4936931 0.0274320 0.0171568
21 0.5503532 0.4936931 0.0274319 0.0171568
13 0.6900069 0.4936931 0.0274319 0.0171568
4 0.2710459 0.5554578 0.0274320 0.0171569
5 0.3408727 0.5554578 0.0274320 0.0171569
27 0.6201801 0.5554578 0.0274320 0.0171569
22 0.6900069 0.5554578 0.0274319 0.0171569
31 0.2710459 0.6172225 0.0274320 0.0171568
10 0.4106996 0.6172225 0.0274320 0.0171568
25 0.4792795 0.6172225 0.0274320 0.0171568
9 0.5503532 0.6172225 0.0274319 0.0171568
11 0.6201801 0.6172225 0.0274320 0.0171568
23 0.6900069 0.6172225 0.0274319 0.0171568
26 0.2710459 0.6789872 0.0274320 0.0171568
19 0.3408727 0.6789872 0.0274320 0.0171568
16 0.4792795 0.6789872 0.0274320 0.0171568
14 0.5503532 0.6789872 0.0274319 0.0171568
8 0.6900069 0.6789872 0.0274319 0.0171568
2 0.6900069 0.4319284 0.0274319 0.0171568
16 0.4106996 0.5554578 0.0274320 0.0171569
18 0.3408727 0.6172225 0.0274320 0.0171568
5 0.2710459 0.4936931 0.0274320 0.0171568
18 0.5503532 0.5554578 0.0274319 0.0171569
31 0.4106996 0.4319284 0.0274320 0.0171568
27 0.6201801 0.6789872 0.0274320 0.0171568
6 0.3408727 0.3701637 0.0274320 0.0171568
11 0.4792795 0.5554578 0.0274320 0.0171569
