31 0.1902723 0.6275484 0.0282185 0.0173473
8 0.5494164 0.6899986 0.0282185 0.0173473
32 0.4076828 0.5703023 0.5194764 0.4440909
33 0.4064001 0.3783255 0.4707353 0.0161908
13 0.2621011 0.4401976 0.0282185 0.0173473
7 0.3339299 0.4401976 0.0282185 0.0173473
21 0.4044761 0.4401976 0.0282185 0.0173473
25 0.5494164 0.4401976 0.0282185 0.0173473
30 0.6212453 0.4401976 0.0282185 0.0173473
3 0.1902723 0.5026478 0.0282185 0.0173473
8 0.2621011 0.5026478 0.0282185 0.0173473
16 0.4044761 0.5026478 0.0282185 0.0173473
10 0.4775876 0.5026478 0.0282185 0.0173473
15 0.5494164 0.5026478 0.0282185 0.0173473
6 0.6212453 0.5026478 0.0282185 0.0173473
20 0.1902723 0.5650981 0.0282185 0.0173473
27 0.2621011 0.5650981 0.0282185 0.0173473
4 0.4775876 0.5650981 0.0282185 0.0173473
19 0.5494164 0.5650981 0.0282185 0.0173473
22 0.6212453 0.5650981 0.0282185 0.0173473
29 0.2621011 0.6275484 0.0282185 0.0173473
26 0.3339299 0.6275484 0.0282185 0.0173473
14 0.4044761 0.6275484 0.0282185 0.0173473
11 0.5494164 0.6275484 0.0282185 0.0173473
17 0.6212453 0.6275484 0.0282185 0.0173473
23 0.1902723 0.6899986 0.0282185 0.0173473
31 0.3339299 0.6899986 0.0282185 0.0173473
24 0.4044761 0.6899986 0.0282185 0.0173473
2 0.4775876 0.6899986 0.0282185 0.0173473
34 0.6212453 0.6894204 0.0666982 0.0624503
16 0.6212453 0.6899986 0.0282185 0.0173473
9 0.2621011 0.7524489 0.0282185 0.0173473
5 0.3339299 0.7524489 0.0282185 0.0173473
12 0.4044761 0.7524489 0.0282185 0.0173473
18 0.4775876 0.7524489 0.0282185 0.0173473
1 0.6212453 0.7524489 0.0282185 0.0173473
13 0.4775876 0.4401976 0.0282185 0.0173473
3 0.4044761 0.5650981 0.0282185 0.0173473
30 0.3339299 0.5650981 0.0282185 0.0173473
14 0.4775876 0.6275484 0.0282185 0.0173473
4 0.1902723 0.7524489 0.0282185 0.0173473
24 0.3339299 0.5026478 0.0282185 0.0173473
5 0.2621011 0.6899986 0.0282185 0.0173473
1 0.5494164 0.7524489 0.0282185 0.0173473
3 0.1902723 0.4401976 0.0282185 0.0173473
