31 0.4923291 0.7329603 0.0276334 0.0171737
31 0.3516498 0.7329603 0.0276334 0.0171737
32 0.4238736 0.5526366 0.5087066 0.4396466
33 0.4226175 0.3625810 0.4609761 0.0160288
1 0.2109705 0.4238338 0.0276334 0.0171737
12 0.4207334 0.4238338 0.0276335 0.0171737
3 0.4923291 0.4238338 0.0276334 0.0171737
18 0.5626688 0.4238338 0.0276334 0.0171737
7 0.6330085 0.4238338 0.0276334 0.0171737
16 0.2109705 0.4856591 0.0276334 0.0171737
22 0.2813101 0.4856591 0.0276335 0.0171737
24 0.4923291 0.4856591 0.0276334 0.0171737
17 0.5626688 0.4856591 0.0276334 0.0171737
19 0.6330085 0.4856591 0.0276334 0.0171737
13 0.2813101 0.5474845 0.0276335 0.0171737
6 0.4923291 0.5474845 0.0276334 0.0171737
27 0.6330085 0.5474845 0.0276334 0.0171737
29 0.2109705 0.6093098 0.0276334 0.0171737
20 0.2813101 0.6093098 0.0276335 0.0171737
14 0.3516498 0.6093098 0.0276334 0.0171737
31 0.4207334 0.6093098 0.0276335 0.0171737
26 0.4923291 0.6093098 0.0276334 0.0171737
8 0.5626688 0.6093098 0.0276334 0.0171737
21 0.6330085 0.6093098 0.0276334 0.0171737
11 0.2109705 0.6711351 0.0276334 0.0171737
5 0.2813101 0.6711351 0.0276335 0.0171737
30 0.3516498 0.6711351 0.0276334 0.0171737
34 0.4207334 0.6705626 0.0653154 0.0618254
5 0.4207334 0.6711351 0.0276335 0.0171737
15 0.4923291 0.6711351 0.0276334 0.0171737
4 0.5626688 0.6711351 0.0276334 0.0171737
23 0.6330085 0.6711351 0.0276334 0.0171737
25 0.2109705 0.7329603 0.0276334 0.0171737
10 0.2813101 0.7329603 0.0276335 0.0171737
2 0.5626688 0.7329603 0.0276334 0.0171737
9 0.6330085 0.7329603 0.0276334 0.0171737
2 0.2813101 0.4238338 0.0276335 0.0171737
19 0.4207334 0.5474845 0.0276335 0.0171737
13 0.4207334 0.7329603 0.0276335 0.0171737
27 0.3516498 0.4856591 0.0276334 0.0171737
16 0.3516498 0.5474845 0.0276334 0.0171737
25 0.2109705 0.5474845 0.0276334 0.0171737
19 0.4207334 0.4856591 0.0276335 0.0171737
10 0.5626688 0.5474845 0.0276334 0.0171737
26 0.3516498 0.4238338 0.0276334 0.0171737
