5 0.4791096 0.5135190 0.0263909 0.0168494
13 0.0760489 0.6348352 0.0263909 0.0168494
32 0.2793786 0.4579158 0.4858321 0.4313462
33 0.2781791 0.2714484 0.4402479 0.0157261
20 0.0760489 0.3315449 0.0263909 0.0168494
4 0.1432257 0.3315449 0.0263909 0.0168494
2 0.2104025 0.3315449 0.0263909 0.0168494
12 0.2763797 0.3315449 0.0263909 0.0168494
7 0.4119328 0.3315449 0.0263909 0.0168494
26 0.4791096 0.3315449 0.0263909 0.0168494
15 0.2104025 0.3922029 0.0263909 0.0168494
25 0.2763797 0.3922029 0.0263909 0.0168494
24 0.3447560 0.3922029 0.0263909 0.0168494
21 0.4119328 0.3922029 0.0263909 0.0168494
22 0.4791096 0.3922029 0.0263909 0.0168494
29 0.0760489 0.4528610 0.0263909 0.0168495
34 0.2104025 0.4522993 0.0623784 0.0606581
23 0.2104025 0.4528610 0.0263909 0.0168495
30 0.3447560 0.4528610 0.0263909 0.0168495
31 0.4119328 0.4528610 0.0263909 0.0168495
27 0.4791096 0.4528610 0.0263909 0.0168495
16 0.0760489 0.5135190 0.0263909 0.0168494
5 0.1432257 0.5135190 0.0263909 0.0168494
18 0.2104025 0.5135190 0.0263909 0.0168494
1 0.2763797 0.5135190 0.0263909 0.0168494
14 0.3447560 0.5135190 0.0263909 0.0168494
13 0.4119328 0.5135190 0.0263909 0.0168494
23 0.0760489 0.5741771 0.0263909 0.0168495
6 0.2763797 0.5741771 0.0263909 0.0168495
9 0.3447560 0.5741771 0.0263909 0.0168495
19 0.1432257 0.6348352 0.0263909 0.0168494
8 0.2104025 0.6348352 0.0263909 0.0168494
10 0.2763797 0.6348352 0.0263909 0.0168494
3 0.3447560 0.6348352 0.0263909 0.0168494
17 0.4119328 0.6348352 0.0263909 0.0168494
11 0.4791096 0.6348352 0.0263909 0.0168494
9 0.4119328 0.5741771 0.0263909 0.0168495
7 0.1432257 0.4528610 0.0263909 0.0168495
5 0.2763797 0.4528610 0.0263909 0.0168495
31 0.4791096 0.5741771 0.0263909 0.0168495
31 0.3447560 0.3315449 0.0263909 0.0168494
11 0.0760489 0.3922029 0.0263909 0.0168494
5 0.1432257 0.5741771 0.0263909 0.0168495
13 0.1432257 0.3922029 0.0263909 0.0168494
17 0.2104025 0.5741771 0.0263909 0.0168495
