14 0.3197984 0.3866938 0.0278182 0.0160028
28 0.4614183 0.3866938 0.0278182 0.0160028
32 0.2540945 0.5067145 0.5056890 0.4096707
33 0.2496206 0.3296173 0.4640582 0.0149359
24 0.0365585 0.3866938 0.0278182 0.0160028
7 0.1073685 0.3866938 0.0278182 0.0160028
34 0.1781784 0.3861604 0.0657521 0.0576100
15 0.1781784 0.3866938 0.0278182 0.0160028
22 0.2477239 0.3866938 0.0278182 0.0160028
1 0.3906083 0.3866938 0.0278182 0.0160028
4 0.0365585 0.4443038 0.0278182 0.0160027
3 0.1073685 0.4443038 0.0278182 0.0160027
27 0.2477239 0.4443038 0.0278182 0.0160027
13 0.3906083 0.4443038 0.0278182 0.0160027
9 0.4614183 0.4443038 0.0278182 0.0160027
6 0.0365585 0.5019137 0.0278182 0.0160027
5 0.1073685 0.5019137 0.0278182 0.0160027
8 0.1781784 0.5019137 0.0278182 0.0160027
12 0.3197984 0.5019137 0.0278182 0.0160027
29 0.3906083 0.5019137 0.0278182 0.0160027
10 0.1073685 0.5595237 0.0278182 0.0160027
18 0.2477239 0.5595237 0.0278182 0.0160027
11 0.3197984 0.5595237 0.0278182 0.0160027
15 0.3906083 0.5595237 0.0278182 0.0160027
21 0.4614183 0.5595237 0.0278182 0.0160027
17 0.0365585 0.6171336 0.0278182 0.0160027
19 0.1073685 0.6171336 0.0278182 0.0160027
14 0.1781784 0.6171336 0.0278182 0.0160027
30 0.2477239 0.6171336 0.0278182 0.0160027
20 0.3197984 0.6171336 0.0278182 0.0160027
16 0.4614183 0.6171336 0.0278182 0.0160027
31 0.0365585 0.6747435 0.0278182 0.0160027
2 0.1073685 0.6747435 0.0278182 0.0160027
26 0.1781784 0.6747435 0.0278182 0.0160027
25 0.3197984 0.6747435 0.0278182 0.0160027
23 0.4614183 0.6747435 0.0278182 0.0160027
27 0.3906083 0.6171336 0.0278182 0.0160027
3 0.3906083 0.6747435 0.0278182 0.0160027
6 0.4614183 0.5019137 0.0278182 0.0160027
21 0.3197984 0.4443038 0.0278182 0.0160027
20 0.1781784 0.4443038 0.0278182 0.0160027
7 0.2477239 0.5019137 0.0278182 0.0160027
24 0.2477239 0.6747435 0.0278182 0.0160027
1 0.1781784 0.5595237 0.0278182 0.0160027
22 0.0365585 0.5595237 0.0278182 0.0160027
