25 0.1145638 0.4409396 0.0278576 0.0171330
17 0.3272944 0.3792608 0.0278576 0.0171330
32 0.2582836 0.4460795 0.5128326 0.4386052
33 0.2570174 0.2564742 0.4647150 0.0159908
31 0.1145638 0.3175819 0.0278576 0.0171330
20 0.2551180 0.3175819 0.0278576 0.0171330
11 0.3272944 0.3175819 0.0278576 0.0171330
24 0.3982046 0.3175819 0.0278576 0.0171330
25 0.4691148 0.3175819 0.0278576 0.0171330
23 0.0436537 0.3792608 0.0278576 0.0171330
15 0.1145638 0.3792608 0.0278576 0.0171330
30 0.1854741 0.3792608 0.0278576 0.0171330
9 0.2551180 0.3792608 0.0278576 0.0171330
21 0.3982046 0.3792608 0.0278576 0.0171330
1 0.4691148 0.3792608 0.0278576 0.0171330
16 0.0436537 0.4409396 0.0278576 0.0171330
19 0.1854741 0.4409396 0.0278576 0.0171330
17 0.2551180 0.4409396 0.0278576 0.0171330
2 0.3982046 0.4409396 0.0278576 0.0171330
3 0.4691148 0.4409396 0.0278576 0.0171330
10 0.0436537 0.5026185 0.0278576 0.0171330
18 0.1145638 0.5026185 0.0278576 0.0171330
12 0.1854741 0.5026185 0.0278576 0.0171330
6 0.2551180 0.5026185 0.0278576 0.0171330
29 0.3982046 0.5026185 0.0278576 0.0171330
27 0.4691148 0.5026185 0.0278576 0.0171330
13 0.0436537 0.5642973 0.0278576 0.0171330
8 0.1145638 0.5642973 0.0278576 0.0171330
34 0.1854740 0.5637262 0.0658452 0.0616788
30 0.1854741 0.5642973 0.0278576 0.0171330
7 0.3272944 0.5642973 0.0278576 0.0171330
4 0.3982046 0.5642973 0.0278576 0.0171330
26 0.1854741 0.6259762 0.0278576 0.0171330
22 0.3272944 0.6259762 0.0278576 0.0171330
5 0.3982046 0.6259762 0.0278576 0.0171330
14 0.4691148 0.6259762 0.0278576 0.0171330
6 0.3272944 0.5026185 0.0278576 0.0171330
29 0.4691148 0.5642973 0.0278576 0.0171330
21 0.1854741 0.3175819 0.0278576 0.0171330
5 0.2551180 0.6259762 0.0278576 0.0171330
29 0.2551180 0.5642973 0.0278576 0.0171330
7 0.0436537 0.6259762 0.0278576 0.0171330
15 0.1145638 0.6259762 0.0278576 0.0171330
7 0.3272944 0.4409396 0.0278576 0.0171330
13 0.0436537 0.3175819 0.0278576 0.0171330
