25 0.4653498 0.2527985 0.0278537 0.0159042
7 0.7489510 0.3673087 0.0278537 0.0159042
32 0.5381493 0.3720799 0.5127611 0.4071473
33 0.5368832 0.1960736 0.4646501 0.0148439
14 0.3235492 0.2527985 0.0278537 0.0159042
6 0.3944495 0.2527985 0.0278537 0.0159042
7 0.5349841 0.2527985 0.0278537 0.0159042
16 0.6071504 0.2527985 0.0278537 0.0159042
9 0.7489510 0.2527985 0.0278537 0.0159042
4 0.3235492 0.3100536 0.0278537 0.0159042
24 0.4653498 0.3100536 0.0278537 0.0159042
2 0.6780507 0.3100536 0.0278537 0.0159042
19 0.3235492 0.3673087 0.0278537 0.0159042
31 0.3944495 0.3673087 0.0278537 0.0159042
27 0.4653498 0.3673087 0.0278537 0.0159042
8 0.5349841 0.3673087 0.0278537 0.0159042
23 0.6071504 0.3673087 0.0278537 0.0159042
10 0.6780507 0.3673087 0.0278537 0.0159042
34 0.3938165 0.4240336 0.0645699 0.0572550
19 0.3944495 0.4245638 0.0278537 0.0159042
30 0.4653498 0.4245638 0.0278537 0.0159042
1 0.5349841 0.4245638 0.0278537 0.0159042
11 0.6071504 0.4245638 0.0278537 0.0159042
17 0.6780507 0.4245638 0.0278537 0.0159042
5 0.7489510 0.4245638 0.0278537 0.0159042
29 0.3235492 0.4818188 0.0278537 0.0159042
15 0.4653498 0.4818188 0.0278537 0.0159042
21 0.5349841 0.4818188 0.0278537 0.0159042
25 0.6071504 0.4818188 0.0278537 0.0159042
18 0.6780507 0.4818188 0.0278537 0.0159042
26 0.3944495 0.5390739 0.0278537 0.0159042
12 0.4653498 0.5390739 0.0278537 0.0159042
13 0.5349841 0.5390739 0.0278537 0.0159042
20 0.6071504 0.5390739 0.0278537 0.0159042
3 0.6780507 0.5390739 0.0278537 0.0159042
22 0.7489510 0.5390739 0.0278537 0.0159042
4 0.7489510 0.4818188 0.0278537 0.0159042
30 0.7489510 0.3100536 0.0278537 0.0159042
17 0.6071504 0.3100536 0.0278537 0.0159042
8 0.5349841 0.3100536 0.0278537 0.0159042
9 0.3944495 0.3100536 0.0278537 0.0159042
1 0.3235492 0.5390739 0.0278537 0.0159042
29 0.3235492 0.4245638 0.0278537 0.0159042
26 0.6780507 0.2527985 0.0278537 0.0159042
5 0.3944495 0.4818188 0.0278537 0.0159042
