28 0.2603635 0.2777050 0.0261405 0.0173350
12 0.4599819 0.4649229 0.0261405 0.0173350
32 0.3286853 0.4077174 0.4812228 0.4437756
33 0.3274971 0.2158769 0.4360711 0.0161793
26 0.1938240 0.2777050 0.0261405 0.0173350
8 0.3257148 0.2777050 0.0261405 0.0173350
34 0.3928483 0.2771272 0.0629749 0.0624060
29 0.3934424 0.2777050 0.0261405 0.0173350
4 0.4599819 0.2777050 0.0261405 0.0173350
1 0.5265213 0.2777050 0.0261405 0.0173350
23 0.1272846 0.3401110 0.0261405 0.0173350
16 0.1938240 0.3401110 0.0261405 0.0173350
10 0.2603635 0.3401110 0.0261405 0.0173350
18 0.3257148 0.3401110 0.0261405 0.0173350
19 0.3934424 0.3401110 0.0261405 0.0173350
30 0.4599819 0.3401110 0.0261405 0.0173350
14 0.1272846 0.4025169 0.0261405 0.0173350
31 0.1938240 0.4025169 0.0261405 0.0173350
9 0.2603635 0.4025169 0.0261405 0.0173350
5 0.3934424 0.4025169 0.0261405 0.0173350
27 0.4599819 0.4025169 0.0261405 0.0173350
6 0.1272846 0.4649229 0.0261405 0.0173350
25 0.2603635 0.4649229 0.0261405 0.0173350
13 0.3257148 0.4649229 0.0261405 0.0173350
20 0.5265213 0.4649229 0.0261405 0.0173350
2 0.1272846 0.5273288 0.0261405 0.0173349
3 0.1938240 0.5273288 0.0261405 0.0173349
7 0.3257148 0.5273288 0.0261405 0.0173349
29 0.3934424 0.5273288 0.0261405 0.0173349
11 0.4599819 0.5273288 0.0261405 0.0173349
15 0.5265213 0.5273288 0.0261405 0.0173349
21 0.1272846 0.5897348 0.0261405 0.0173349
17 0.1938240 0.5897348 0.0261405 0.0173349
12 0.3934424 0.5897348 0.0261405 0.0173349
24 0.4599819 0.5897348 0.0261405 0.0173349
22 0.5265213 0.5897348 0.0261405 0.0173349
13 0.3934424 0.4649229 0.0261405 0.0173350
14 0.5265213 0.3401110 0.0261405 0.0173350
25 0.2603635 0.5897348 0.0261405 0.0173349
5 0.2603635 0.5273288 0.0261405 0.0173349
1 0.5265213 0.4025169 0.0261405 0.0173350
18 0.1938240 0.4649229 0.0261405 0.0173350
8 0.1272846 0.2777050 0.0261405 0.0173350
7 0.3257148 0.5897348 0.0261405 0.0173349
15 0.3257148 0.4025169 0.0261405 0.0173350
