1 0.5524148 0.2146402 0.0269074 0.0173286
14 0.5524148 0.4017885 0.0269074 0.0173286
32 0.6227410 0.3446043 0.4953411 0.4436106
33 0.6215179 0.1528351 0.4488647 0.0161733
14 0.4839232 0.2146402 0.0269074 0.0173286
29 0.6196833 0.2146402 0.0269074 0.0173286
1 0.6893980 0.2146402 0.0269073 0.0173286
8 0.7578897 0.2146402 0.0269074 0.0173286
11 0.8263812 0.2146402 0.0269074 0.0173286
19 0.4839232 0.2770230 0.0269074 0.0173286
22 0.5524148 0.2770230 0.0269074 0.0173286
23 0.6196833 0.2770230 0.0269074 0.0173286
31 0.6893980 0.2770230 0.0269073 0.0173286
34 0.8263812 0.2764453 0.0635993 0.0623827
11 0.8263812 0.2770230 0.0269074 0.0173286
12 0.4839232 0.3394057 0.0269074 0.0173286
5 0.5524148 0.3394057 0.0269074 0.0173286
16 0.6196833 0.3394057 0.0269074 0.0173286
4 0.6893980 0.3394057 0.0269073 0.0173286
24 0.7578897 0.3394057 0.0269074 0.0173286
18 0.8263812 0.3394057 0.0269074 0.0173286
6 0.4839232 0.4017885 0.0269074 0.0173286
2 0.8263812 0.4017885 0.0269074 0.0173286
30 0.4154316 0.4641712 0.0269074 0.0173286
17 0.4839232 0.4641712 0.0269074 0.0173286
3 0.5524148 0.4641712 0.0269074 0.0173286
26 0.6196833 0.4641712 0.0269074 0.0173286
10 0.6893980 0.4641712 0.0269073 0.0173286
15 0.7578897 0.4641712 0.0269074 0.0173286
13 0.8263812 0.4641712 0.0269074 0.0173286
21 0.4154316 0.5265540 0.0269074 0.0173286
7 0.4839232 0.5265540 0.0269074 0.0173286
27 0.5524148 0.5265540 0.0269074 0.0173286
25 0.6196833 0.5265540 0.0269074 0.0173286
20 0.7578897 0.5265540 0.0269074 0.0173286
9 0.8263812 0.5265540 0.0269074 0.0173286
25 0.7578897 0.2770230 0.0269074 0.0173286
3 0.6893980 0.5265540 0.0269073 0.0173286
5 0.7578897 0.4017885 0.0269074 0.0173286
24 0.4154316 0.4017885 0.0269074 0.0173286
7 0.4154316 0.3394057 0.0269074 0.0173286
27 0.6893980 0.4017885 0.0269073 0.0173286
15 0.4154316 0.2146402 0.0269074 0.0173286
4 0.4154316 0.2770230 0.0269074 0.0173286
5 0.6196833 0.4017885 0.0269074 0.0173286
