9 0.5087114 0.7517158 0.0261713 0.0173929
10 0.4420934 0.5638720 0.0261714 0.0173929
32 0.5771138 0.5690898 0.4817908 0.4452593
33 0.5759241 0.3766080 0.4365858 0.0162334
15 0.3754754 0.4386428 0.0261714 0.0173930
11 0.5087114 0.4386428 0.0261713 0.0173930
12 0.7085654 0.4386428 0.0261713 0.0173930
25 0.7751834 0.4386428 0.0261713 0.0173930
31 0.3754754 0.5012574 0.0261714 0.0173930
14 0.5087114 0.5012574 0.0261713 0.0173930
13 0.5741398 0.5012574 0.0261714 0.0173930
20 0.7085654 0.5012574 0.0261713 0.0173930
9 0.3754754 0.5638720 0.0261714 0.0173929
34 0.5087114 0.5632922 0.0618596 0.0626145
9 0.5087114 0.5638720 0.0261713 0.0173929
26 0.5741398 0.5638720 0.0261714 0.0173929
18 0.6419473 0.5638720 0.0261713 0.0173929
2 0.7085654 0.5638720 0.0261713 0.0173929
30 0.7751834 0.5638720 0.0261713 0.0173929
4 0.3754754 0.6264865 0.0261714 0.0173929
17 0.4420934 0.6264865 0.0261714 0.0173929
3 0.5087114 0.6264865 0.0261713 0.0173929
5 0.6419473 0.6264865 0.0261713 0.0173929
22 0.7085654 0.6264865 0.0261713 0.0173929
24 0.3754754 0.6891012 0.0261714 0.0173930
27 0.4420934 0.6891012 0.0261714 0.0173930
10 0.5741398 0.6891012 0.0261714 0.0173930
19 0.6419473 0.6891012 0.0261713 0.0173930
6 0.7085654 0.6891012 0.0261713 0.0173930
8 0.7751834 0.6891012 0.0261713 0.0173930
1 0.3754754 0.7517158 0.0261714 0.0173929
16 0.4420934 0.7517158 0.0261714 0.0173929
29 0.5741398 0.7517158 0.0261714 0.0173929
21 0.6419473 0.7517158 0.0261713 0.0173929
7 0.7085654 0.7517158 0.0261713 0.0173929
23 0.7751834 0.7517158 0.0261713 0.0173929
24 0.7751834 0.5012574 0.0261713 0.0173930
14 0.5741398 0.6264865 0.0261714 0.0173929
15 0.6419473 0.4386428 0.0261713 0.0173930
19 0.4420934 0.4386428 0.0261714 0.0173930
14 0.5741398 0.4386428 0.0261714 0.0173930
2 0.4420934 0.5012574 0.0261714 0.0173930
10 0.6419473 0.5012574 0.0261713 0.0173930
1 0.7751834 0.6264865 0.0261713 0.0173929
19 0.5087114 0.6891012 0.0261713 0.0173930
