1 0.5851422 0.6202196 0.0279198 0.0167818
27 0.4430050 0.7410481 0.0279198 0.0167817
32 0.5159772 0.6252542 0.5139782 0.4296124
33 0.5147081 0.4395363 0.4657531 0.0156630
22 0.3008678 0.4993912 0.0279198 0.0167818
21 0.3719364 0.4993912 0.0279198 0.0167818
4 0.5128045 0.4993912 0.0279198 0.0167818
12 0.5851422 0.4993912 0.0279198 0.0167818
13 0.7272794 0.4993912 0.0279198 0.0167818
25 0.3008678 0.5598054 0.0279198 0.0167817
1 0.3719364 0.5598054 0.0279198 0.0167817
34 0.5128045 0.5592460 0.0659923 0.0604142
20 0.5128045 0.5598054 0.0279198 0.0167817
9 0.6562108 0.5598054 0.0279198 0.0167817
16 0.7272794 0.5598054 0.0279198 0.0167817
26 0.3008678 0.6202196 0.0279198 0.0167818
30 0.3719364 0.6202196 0.0279198 0.0167818
8 0.5128045 0.6202196 0.0279198 0.0167818
10 0.6562108 0.6202196 0.0279198 0.0167818
15 0.7272794 0.6202196 0.0279198 0.0167818
31 0.3008678 0.6806339 0.0279198 0.0167817
24 0.5128045 0.6806339 0.0279198 0.0167817
20 0.5851422 0.6806339 0.0279198 0.0167817
3 0.6562108 0.6806339 0.0279198 0.0167817
27 0.3008678 0.7410481 0.0279198 0.0167817
11 0.3719364 0.7410481 0.0279198 0.0167817
23 0.5128045 0.7410481 0.0279198 0.0167817
17 0.5851422 0.7410481 0.0279198 0.0167817
29 0.6562108 0.7410481 0.0279198 0.0167817
19 0.7272794 0.7410481 0.0279198 0.0167817
6 0.3008678 0.8014623 0.0279198 0.0167817
14 0.3719364 0.8014623 0.0279198 0.0167817
2 0.4430050 0.8014623 0.0279198 0.0167817
5 0.5851422 0.8014623 0.0279198 0.0167817
18 0.6562108 0.8014623 0.0279198 0.0167817
7 0.7272794 0.8014623 0.0279198 0.0167817
8 0.7272794 0.6806339 0.0279198 0.0167817
29 0.3719364 0.6806339 0.0279198 0.0167817
9 0.5128045 0.8014623 0.0279198 0.0167817
24 0.4430050 0.4993912 0.0279198 0.0167818
20 0.5851422 0.5598054 0.0279198 0.0167817
17 0.4430050 0.6806339 0.0279198 0.0167817
13 0.4430050 0.6202196 0.0279198 0.0167818
5 0.6562108 0.4993912 0.0279198 0.0167818
13 0.4430050 0.5598054 0.0279198 0.0167817
