21 0.5293120 0.3108596 0.0265255 0.0172760
26 0.2592337 0.3730534 0.0265256 0.0172760
32 0.3960814 0.3782362 0.4883112 0.4422666
33 0.3948757 0.1870480 0.4424944 0.0161243
23 0.1917141 0.2486659 0.0265255 0.0172760
22 0.2592337 0.2486659 0.0265256 0.0172760
20 0.3267533 0.2486659 0.0265256 0.0172760
4 0.3930672 0.2486659 0.0265255 0.0172760
16 0.5293120 0.2486659 0.0265255 0.0172760
34 0.5968316 0.2480900 0.0626967 0.0621937
28 0.5968316 0.2486659 0.0265255 0.0172760
7 0.1917141 0.3108596 0.0265255 0.0172760
24 0.2592337 0.3108596 0.0265256 0.0172760
3 0.3930672 0.3108596 0.0265255 0.0172760
18 0.4617924 0.3108596 0.0265255 0.0172760
26 0.5968316 0.3108596 0.0265255 0.0172760
17 0.3267533 0.3730534 0.0265256 0.0172760
25 0.3930672 0.3730534 0.0265255 0.0172760
8 0.4617924 0.3730534 0.0265255 0.0172760
5 0.5293120 0.3730534 0.0265255 0.0172760
11 0.1917141 0.4352471 0.0265255 0.0172761
6 0.3267533 0.4352471 0.0265256 0.0172761
19 0.3930672 0.4352471 0.0265255 0.0172761
21 0.4617924 0.4352471 0.0265255 0.0172761
29 0.5293120 0.4352471 0.0265255 0.0172761
9 0.3267533 0.4974409 0.0265256 0.0172761
2 0.3930672 0.4974409 0.0265255 0.0172761
1 0.4617924 0.4974409 0.0265255 0.0172761
31 0.5293120 0.4974409 0.0265255 0.0172761
30 0.1917141 0.5596346 0.0265255 0.0172761
27 0.2592337 0.5596346 0.0265256 0.0172761
10 0.3267533 0.5596346 0.0265256 0.0172761
15 0.3930672 0.5596346 0.0265255 0.0172761
13 0.4617924 0.5596346 0.0265255 0.0172761
14 0.5293120 0.5596346 0.0265255 0.0172761
12 0.5968316 0.5596346 0.0265255 0.0172761
29 0.2592337 0.4974409 0.0265256 0.0172761
25 0.5968316 0.4974409 0.0265255 0.0172761
18 0.4617924 0.2486659 0.0265255 0.0172760
7 0.5968316 0.3730534 0.0265255 0.0172760
8 0.5968316 0.4352471 0.0265255 0.0172761
13 0.3267533 0.3108596 0.0265256 0.0172760
5 0.1917141 0.4974409 0.0265255 0.0172761
21 0.2592337 0.4352471 0.0265256 0.0172761
19 0.1917141 0.3730534 0.0265255 0.0172760
