31 0.5942567 0.7196391 0.0280500 0.0172461
31 0.2372563 0.7196391 0.0280500 0.0172461
32 0.4533690 0.5385552 0.5163757 0.4414997
33 0.4520940 0.3476986 0.4679256 0.0160963
24 0.2372563 0.4092097 0.0280500 0.0172461
1 0.3086564 0.4092097 0.0280500 0.0172461
3 0.3800565 0.4092097 0.0280501 0.0172461
12 0.4501815 0.4092097 0.0280500 0.0172461
21 0.5228566 0.4092097 0.0280500 0.0172461
31 0.5942567 0.4092097 0.0280500 0.0172461
25 0.2372563 0.4712955 0.0280500 0.0172461
26 0.3800565 0.4712955 0.0280501 0.0172461
7 0.5228566 0.4712955 0.0280500 0.0172461
22 0.6656568 0.4712955 0.0280501 0.0172461
23 0.2372563 0.5333814 0.0280500 0.0172461
19 0.3800565 0.5333814 0.0280501 0.0172461
11 0.4501815 0.5333814 0.0280500 0.0172461
30 0.5228566 0.5333814 0.0280500 0.0172461
10 0.5942567 0.5333814 0.0280500 0.0172461
27 0.6656568 0.5333814 0.0280501 0.0172461
16 0.2372563 0.5954673 0.0280500 0.0172461
9 0.4501815 0.5954673 0.0280500 0.0172461
18 0.5228566 0.5954673 0.0280500 0.0172461
34 0.5936192 0.5948924 0.0650251 0.0620859
11 0.5942567 0.5954673 0.0280500 0.0172461
6 0.2372563 0.6575532 0.0280500 0.0172461
5 0.3086564 0.6575532 0.0280500 0.0172461
14 0.3800565 0.6575532 0.0280501 0.0172461
17 0.4501815 0.6575532 0.0280500 0.0172461
2 0.5228566 0.6575532 0.0280500 0.0172461
20 0.6656568 0.6575532 0.0280501 0.0172461
4 0.3086564 0.7196391 0.0280500 0.0172461
13 0.3800565 0.7196391 0.0280501 0.0172461
8 0.4501815 0.7196391 0.0280500 0.0172461
29 0.5228566 0.7196391 0.0280500 0.0172461
15 0.6656568 0.7196391 0.0280501 0.0172461
18 0.4501815 0.4712955 0.0280500 0.0172461
28 0.3086564 0.4712955 0.0280500 0.0172461
11 0.3086564 0.5954673 0.0280500 0.0172461
8 0.6656568 0.5954673 0.0280501 0.0172461
7 0.5942567 0.4712955 0.0280500 0.0172461
17 0.3800565 0.5954673 0.0280501 0.0172461
10 0.6656568 0.4092097 0.0280501 0.0172461
14 0.5942567 0.6575532 0.0280500 0.0172461
22 0.3086564 0.5333814 0.0280500 0.0172461
