30 0.4759772 0.5312503 0.0287576 0.0159045
3 0.5491785 0.5312503 0.0287576 0.0159045
32 0.4047369 0.4787653 0.5294014 0.4071560
33 0.4034296 0.3027551 0.4797291 0.0148442
4 0.2563737 0.3594813 0.0287576 0.0159045
3 0.3295749 0.3594813 0.0287576 0.0159045
27 0.4014690 0.3594813 0.0287576 0.0159045
10 0.5491785 0.3594813 0.0287576 0.0159045
22 0.6223796 0.3594813 0.0287576 0.0159045
16 0.1831726 0.4167376 0.0287576 0.0159045
24 0.2563737 0.4167376 0.0287576 0.0159045
21 0.5491785 0.4167376 0.0287576 0.0159045
5 0.6223796 0.4167376 0.0287576 0.0159045
12 0.1831726 0.4739939 0.0287576 0.0159045
20 0.2563737 0.4739939 0.0287576 0.0159045
15 0.3295749 0.4739939 0.0287576 0.0159045
31 0.4014690 0.4739939 0.0287576 0.0159045
11 0.5491785 0.4739939 0.0287576 0.0159045
13 0.6223796 0.4739939 0.0287576 0.0159045
7 0.1831726 0.5312503 0.0287576 0.0159045
19 0.2563737 0.5312503 0.0287576 0.0159045
2 0.3295749 0.5312503 0.0287576 0.0159045
6 0.4014690 0.5312503 0.0287576 0.0159045
25 0.6223796 0.5312503 0.0287576 0.0159045
26 0.1831726 0.5885065 0.0287576 0.0159045
29 0.2563737 0.5885065 0.0287576 0.0159045
30 0.4014690 0.5885065 0.0287576 0.0159045
9 0.4759772 0.5885065 0.0287576 0.0159045
23 0.5491785 0.5885065 0.0287576 0.0159045
8 0.6223796 0.5885065 0.0287576 0.0159045
34 0.1831726 0.6452327 0.0679725 0.0572563
16 0.1831726 0.6457629 0.0287576 0.0159045
17 0.3295749 0.6457629 0.0287576 0.0159045
14 0.4014690 0.6457629 0.0287576 0.0159045
18 0.4759772 0.6457629 0.0287576 0.0159045
1 0.6223796 0.6457629 0.0287576 0.0159045
14 0.2563737 0.6457629 0.0287576 0.0159045
21 0.4759772 0.3594813 0.0287576 0.0159045
9 0.4759772 0.4167376 0.0287576 0.0159045
6 0.3295749 0.4167376 0.0287576 0.0159045
27 0.4014690 0.4167376 0.0287576 0.0159045
31 0.3295749 0.5885065 0.0287576 0.0159045
25 0.1831726 0.3594813 0.0287576 0.0159045
6 0.5491785 0.6457629 0.0287576 0.0159045
28 0.4759772 0.4739939 0.0287576 0.0159045
