28 0.4377331 0.2912696 0.0267719 0.0164513
24 0.3695863 0.4689444 0.0267719 0.0164513
32 0.5077052 0.3554300 0.4928469 0.4211552
33 0.5064883 0.1733681 0.4466045 0.0153546
17 0.3014396 0.2320446 0.0267719 0.0164514
16 0.3695863 0.2320446 0.0267719 0.0164514
26 0.6421733 0.2320446 0.0267719 0.0164514
13 0.7103200 0.2320446 0.0267719 0.0164514
15 0.3014396 0.2912696 0.0267719 0.0164513
4 0.3695863 0.2912696 0.0267719 0.0164513
31 0.3014396 0.3504945 0.0267719 0.0164514
2 0.3695863 0.3504945 0.0267719 0.0164514
19 0.4377331 0.3504945 0.0267719 0.0164514
14 0.5046629 0.3504945 0.0267719 0.0164514
22 0.5740266 0.3504945 0.0267720 0.0164514
30 0.6421733 0.3504945 0.0267719 0.0164514
34 0.7103200 0.3499461 0.0632791 0.0592249
22 0.7103200 0.3504945 0.0267719 0.0164514
29 0.3014396 0.4097195 0.0267719 0.0164513
9 0.3695863 0.4097195 0.0267719 0.0164513
27 0.4377331 0.4097195 0.0267719 0.0164513
8 0.5046629 0.4097195 0.0267719 0.0164513
3 0.5740266 0.4097195 0.0267720 0.0164513
1 0.6421733 0.4097195 0.0267719 0.0164513
18 0.7103200 0.4097195 0.0267719 0.0164513
12 0.3014396 0.4689444 0.0267719 0.0164513
20 0.4377331 0.4689444 0.0267719 0.0164513
25 0.5046629 0.4689444 0.0267719 0.0164513
6 0.5740266 0.4689444 0.0267720 0.0164513
11 0.7103200 0.4689444 0.0267719 0.0164513
21 0.3695863 0.5281694 0.0267719 0.0164514
7 0.4377331 0.5281694 0.0267719 0.0164514
5 0.5046629 0.5281694 0.0267719 0.0164514
23 0.5740266 0.5281694 0.0267720 0.0164514
24 0.6421733 0.5281694 0.0267719 0.0164514
10 0.7103200 0.5281694 0.0267719 0.0164514
10 0.4377331 0.2320446 0.0267719 0.0164514
27 0.3014396 0.5281694 0.0267719 0.0164514
17 0.5740266 0.2320446 0.0267720 0.0164514
14 0.7103200 0.2912696 0.0267719 0.0164513
24 0.5046629 0.2320446 0.0267719 0.0164514
12 0.6421733 0.2912696 0.0267719 0.0164513
1 0.5740266 0.2912696 0.0267720 0.0164513
9 0.5046629 0.2912696 0.0267719 0.0164513
27 0.6421733 0.4689444 0.0267719 0.0164513
