30 0.1308585 0.4000499 0.0277230 0.0170297
17 0.4131286 0.4613569 0.0277230 0.0170297
32 0.3444513 0.5277728 0.5103545 0.4359607
33 0.3431911 0.3393106 0.4624693 0.0158944
6 0.2014260 0.4000499 0.0277230 0.0170297
27 0.2719936 0.4000499 0.0277229 0.0170297
30 0.3413010 0.4000499 0.0277230 0.0170297
8 0.4131286 0.4000499 0.0277230 0.0170297
31 0.4836961 0.4000499 0.0277229 0.0170297
4 0.5542637 0.4000499 0.0277230 0.0170297
14 0.2014260 0.4613569 0.0277230 0.0170297
34 0.2719936 0.4607893 0.0655270 0.0613070
8 0.2719936 0.4613569 0.0277229 0.0170297
22 0.4836961 0.4613569 0.0277229 0.0170297
1 0.5542637 0.4613569 0.0277230 0.0170297
12 0.1308585 0.5226639 0.0277230 0.0170297
2 0.2014260 0.5226639 0.0277230 0.0170297
23 0.2719936 0.5226639 0.0277229 0.0170297
19 0.3413010 0.5226639 0.0277230 0.0170297
11 0.4836961 0.5226639 0.0277229 0.0170297
7 0.5542637 0.5226639 0.0277230 0.0170297
21 0.2014260 0.5839708 0.0277230 0.0170297
24 0.4131286 0.5839708 0.0277230 0.0170297
15 0.5542637 0.5839708 0.0277230 0.0170297
10 0.1308585 0.6452778 0.0277230 0.0170297
9 0.2014260 0.6452778 0.0277230 0.0170297
25 0.2719936 0.6452778 0.0277229 0.0170297
18 0.3413010 0.6452778 0.0277230 0.0170297
13 0.4131286 0.6452778 0.0277230 0.0170297
29 0.4836961 0.6452778 0.0277229 0.0170297
16 0.5542637 0.6452778 0.0277230 0.0170297
20 0.1308585 0.7065847 0.0277230 0.0170297
3 0.2014260 0.7065847 0.0277230 0.0170297
26 0.3413010 0.7065847 0.0277230 0.0170297
17 0.4836961 0.7065847 0.0277229 0.0170297
17 0.4131286 0.5226639 0.0277230 0.0170297
21 0.3413010 0.4613569 0.0277230 0.0170297
30 0.1308585 0.4613569 0.0277230 0.0170297
13 0.4131286 0.7065847 0.0277230 0.0170297
6 0.2719936 0.5839708 0.0277229 0.0170297
22 0.3413010 0.5839708 0.0277230 0.0170297
31 0.5542637 0.7065847 0.0277230 0.0170297
2 0.1308585 0.5839708 0.0277230 0.0170297
8 0.4836961 0.5839708 0.0277229 0.0170297
26 0.2719936 0.7065847 0.0277229 0.0170297
