28 0.5145116 0.5847419 0.0265673 0.0170465
10 0.6497632 0.4620069 0.0265673 0.0170465
32 0.5839488 0.4057534 0.4890796 0.4363910
33 0.5827412 0.2171052 0.4431907 0.0159101
23 0.4468858 0.2779044 0.0265673 0.0170465
27 0.5145116 0.2779044 0.0265673 0.0170465
11 0.5809298 0.2779044 0.0265673 0.0170465
31 0.6497632 0.2779044 0.0265673 0.0170465
7 0.7850148 0.2779044 0.0265673 0.0170465
17 0.3792599 0.3392720 0.0265673 0.0170465
21 0.4468858 0.3392720 0.0265673 0.0170465
24 0.5145116 0.3392720 0.0265673 0.0170465
25 0.6497632 0.3392720 0.0265673 0.0170465
26 0.7173890 0.3392720 0.0265672 0.0170465
12 0.3792599 0.4006394 0.0265673 0.0170465
22 0.4468858 0.4006394 0.0265673 0.0170465
9 0.5145116 0.4006394 0.0265673 0.0170465
6 0.5809298 0.4006394 0.0265673 0.0170465
16 0.7173890 0.4006394 0.0265672 0.0170465
15 0.7850148 0.4006394 0.0265673 0.0170465
1 0.3792599 0.4620069 0.0265673 0.0170465
10 0.4468858 0.4620069 0.0265673 0.0170465
20 0.5145116 0.4620069 0.0265673 0.0170465
5 0.5809298 0.4620069 0.0265673 0.0170465
14 0.7850148 0.4620069 0.0265673 0.0170465
34 0.4462820 0.5228062 0.0615878 0.0613675
6 0.4468858 0.5233744 0.0265673 0.0170465
29 0.5809298 0.5233744 0.0265673 0.0170465
3 0.6497632 0.5233744 0.0265673 0.0170465
4 0.7173890 0.5233744 0.0265672 0.0170465
8 0.7850148 0.5233744 0.0265673 0.0170465
30 0.3792599 0.5847419 0.0265673 0.0170465
18 0.4468858 0.5847419 0.0265673 0.0170465
2 0.5809298 0.5847419 0.0265673 0.0170465
13 0.7850148 0.5847419 0.0265673 0.0170465
6 0.7173890 0.5847419 0.0265672 0.0170465
9 0.5809298 0.3392720 0.0265673 0.0170465
5 0.7850148 0.3392720 0.0265673 0.0170465
27 0.7173890 0.4620069 0.0265672 0.0170465
21 0.7173890 0.2779044 0.0265672 0.0170465
5 0.6497632 0.4006394 0.0265673 0.0170465
12 0.3792599 0.2779044 0.0265673 0.0170465
19 0.5145116 0.5233744 0.0265673 0.0170465
7 0.6497632 0.5847419 0.0265673 0.0170465
5 0.3792599 0.5233744 0.0265673 0.0170465
