27 0.4405345 0.5304130 0.0287310 0.0167567
5 0.2942675 0.4097650 0.0287310 0.0167567
32 0.3693600 0.4147920 0.5289119 0.4289705
33 0.3680540 0.2293516 0.4792855 0.0156395
1 0.1480005 0.2891171 0.0287310 0.0167567
34 0.2204811 0.2885585 0.0666037 0.0603240
7 0.2211340 0.2891171 0.0287310 0.0167567
2 0.2942675 0.2891171 0.0287310 0.0167567
30 0.3660951 0.2891171 0.0287310 0.0167567
20 0.5136680 0.2891171 0.0287310 0.0167567
17 0.5868015 0.2891171 0.0287310 0.0167567
5 0.1480005 0.3494410 0.0287310 0.0167567
16 0.2211340 0.3494410 0.0287310 0.0167567
13 0.2942675 0.3494410 0.0287310 0.0167567
26 0.4405345 0.3494410 0.0287310 0.0167567
9 0.5868015 0.3494410 0.0287310 0.0167567
19 0.2211340 0.4097650 0.0287310 0.0167567
21 0.3660951 0.4097650 0.0287310 0.0167567
29 0.4405345 0.4097650 0.0287310 0.0167567
25 0.5136680 0.4097650 0.0287310 0.0167567
31 0.3660951 0.4700890 0.0287310 0.0167567
24 0.4405345 0.4700890 0.0287310 0.0167567
27 0.5136680 0.4700890 0.0287310 0.0167567
11 0.5868015 0.4700890 0.0287310 0.0167567
23 0.1480005 0.5304130 0.0287310 0.0167567
8 0.2211340 0.5304130 0.0287310 0.0167567
7 0.2942675 0.5304130 0.0287310 0.0167567
10 0.5136680 0.5304130 0.0287310 0.0167567
3 0.5868015 0.5304130 0.0287310 0.0167567
22 0.1480005 0.5907369 0.0287310 0.0167567
18 0.2211340 0.5907369 0.0287310 0.0167567
14 0.3660951 0.5907369 0.0287310 0.0167567
15 0.4405345 0.5907369 0.0287310 0.0167567
6 0.5136680 0.5907369 0.0287310 0.0167567
12 0.5868015 0.5907369 0.0287310 0.0167567
25 0.1480005 0.4700890 0.0287310 0.0167567
14 0.4405345 0.2891171 0.0287310 0.0167567
18 0.5868015 0.4097650 0.0287310 0.0167567
4 0.1480005 0.4097650 0.0287310 0.0167567
3 0.2942675 0.4700890 0.0287310 0.0167567
2 0.2942675 0.5907369 0.0287310 0.0167567
16 0.2211340 0.4700890 0.0287310 0.0167567
14 0.5136680 0.3494410 0.0287310 0.0167567
10 0.3660951 0.5304130 0.0287310 0.0167567
25 0.3660951 0.3494410 0.0287310 0.0167567
