13 0.2628273 0.7487767 0.0280069 0.0174150
3 0.5479885 0.6233890 0.0280069 0.0174150
32 0.4073175 0.6286135 0.5155817 0.4458226
33 0.4060444 0.4358881 0.4672062 0.0162540
16 0.1915369 0.4980014 0.0280069 0.0174150
25 0.4041348 0.4980014 0.0280069 0.0174150
31 0.4766982 0.4980014 0.0280069 0.0174150
15 0.5479885 0.4980014 0.0280069 0.0174150
29 0.6192788 0.4980014 0.0280069 0.0174150
27 0.1915369 0.5606952 0.0280069 0.0174150
18 0.4041348 0.5606952 0.0280069 0.0174150
23 0.4766982 0.5606952 0.0280069 0.0174150
10 0.5479885 0.5606952 0.0280069 0.0174150
3 0.3341176 0.6233890 0.0280069 0.0174150
24 0.4041348 0.6233890 0.0280069 0.0174150
17 0.4766982 0.6233890 0.0280069 0.0174150
7 0.6192788 0.6233890 0.0280069 0.0174150
8 0.1915369 0.6860828 0.0280069 0.0174150
6 0.2628273 0.6860828 0.0280069 0.0174150
26 0.4041348 0.6860828 0.0280069 0.0174150
4 0.4766982 0.6860828 0.0280069 0.0174150
20 0.6192788 0.6860828 0.0280069 0.0174150
5 0.1915369 0.7487767 0.0280069 0.0174150
21 0.3341176 0.7487767 0.0280069 0.0174150
19 0.4041348 0.7487767 0.0280069 0.0174150
22 0.4766982 0.7487767 0.0280069 0.0174150
11 0.5479885 0.7487767 0.0280069 0.0174150
13 0.6192788 0.7487767 0.0280069 0.0174150
34 0.1915370 0.8108899 0.0661982 0.0626938
30 0.1915369 0.8114704 0.0280069 0.0174150
2 0.2628273 0.8114704 0.0280069 0.0174150
14 0.3341176 0.8114704 0.0280069 0.0174150
12 0.4766982 0.8114704 0.0280069 0.0174150
1 0.5479885 0.8114704 0.0280069 0.0174150
9 0.6192788 0.8114704 0.0280069 0.0174150
29 0.2628273 0.4980014 0.0280069 0.0174150
10 0.3341176 0.4980014 0.0280069 0.0174150
1 0.5479885 0.6860828 0.0280069 0.0174150
20 0.4041348 0.8114704 0.0280069 0.0174150
13 0.1915369 0.6233890 0.0280069 0.0174150
30 0.2628273 0.5606952 0.0280069 0.0174150
26 0.6192788 0.5606952 0.0280069 0.0174150
17 0.3341176 0.6860828 0.0280069 0.0174150
18 0.3341176 0.5606952 0.0280069 0.0174150
16 0.2628273 0.6233890 0.0280069 0.0174150
