19 0.6184750 0.6288795 0.0266146 0.0161220
25 0.4152364 0.3386831 0.0266146 0.0161220
32 0.4847972 0.4595983 0.4899503 0.4127238
33 0.4835874 0.2811812 0.4439796 0.0150472
5 0.3474901 0.3386831 0.0266146 0.0161220
30 0.4817728 0.3386831 0.0266146 0.0161220
15 0.5507288 0.3386831 0.0266146 0.0161220
22 0.6184750 0.3386831 0.0266146 0.0161220
34 0.3468853 0.3961850 0.0616975 0.0580393
25 0.3474901 0.3967223 0.0266146 0.0161220
27 0.4152364 0.3967223 0.0266146 0.0161220
25 0.4817728 0.3967223 0.0266146 0.0161220
6 0.5507288 0.3967223 0.0266146 0.0161220
24 0.6184750 0.3967223 0.0266146 0.0161220
7 0.2797439 0.4547616 0.0266146 0.0161220
21 0.3474901 0.4547616 0.0266146 0.0161220
12 0.4817728 0.4547616 0.0266146 0.0161220
8 0.5507288 0.4547616 0.0266146 0.0161220
31 0.6184750 0.4547616 0.0266146 0.0161220
18 0.3474901 0.5128009 0.0266146 0.0161220
29 0.4152364 0.5128009 0.0266146 0.0161220
19 0.4817728 0.5128009 0.0266146 0.0161220
1 0.5507288 0.5128009 0.0266146 0.0161220
9 0.6184750 0.5128009 0.0266146 0.0161220
11 0.2797439 0.5708403 0.0266146 0.0161220
10 0.3474901 0.5708403 0.0266146 0.0161220
16 0.4152364 0.5708403 0.0266146 0.0161220
26 0.4817728 0.5708403 0.0266146 0.0161220
13 0.5507288 0.5708403 0.0266146 0.0161220
4 0.6184750 0.5708403 0.0266146 0.0161220
14 0.6862212 0.5708403 0.0266146 0.0161220
17 0.4152364 0.6288795 0.0266146 0.0161220
23 0.4817728 0.6288795 0.0266146 0.0161220
2 0.5507288 0.6288795 0.0266146 0.0161220
20 0.6862212 0.6288795 0.0266146 0.0161220
3 0.6862212 0.3386831 0.0266146 0.0161220
21 0.2797439 0.3386831 0.0266146 0.0161220
22 0.2797439 0.6288795 0.0266146 0.0161220
4 0.6862212 0.4547616 0.0266146 0.0161220
1 0.2797439 0.3967223 0.0266146 0.0161220
11 0.3474901 0.6288795 0.0266146 0.0161220
6 0.2797439 0.5128009 0.0266146 0.0161220
6 0.6862212 0.3967223 0.0266146 0.0161220
6 0.4152364 0.4547616 0.0266146 0.0161220
22 0.6862212 0.5128009 0.0266146 0.0161220
