15 0.3480809 0.4797037 0.0266085 0.0164503
8 0.3480809 0.5389247 0.0266085 0.0164503
32 0.4176259 0.5438598 0.4898383 0.4211269
33 0.4164164 0.3618101 0.4438781 0.0153536
12 0.2126195 0.4204828 0.0266085 0.0164503
25 0.2803502 0.4204828 0.0266085 0.0164503
8 0.3480809 0.4204828 0.0266085 0.0164503
14 0.4146022 0.4204828 0.0266085 0.0164503
1 0.5512731 0.4204828 0.0266085 0.0164503
5 0.6190038 0.4204828 0.0266085 0.0164503
27 0.2803502 0.4797037 0.0266085 0.0164503
16 0.4146022 0.4797037 0.0266085 0.0164503
22 0.4835424 0.4797037 0.0266085 0.0164503
15 0.5512731 0.4797037 0.0266085 0.0164503
7 0.6190038 0.4797037 0.0266085 0.0164503
19 0.2803502 0.5389247 0.0266085 0.0164503
20 0.4835424 0.5389247 0.0266085 0.0164503
31 0.5512731 0.5389247 0.0266085 0.0164503
4 0.2126195 0.5981456 0.0266085 0.0164503
24 0.3480809 0.5981456 0.0266085 0.0164503
30 0.4146022 0.5981456 0.0266085 0.0164503
9 0.4835424 0.5981456 0.0266085 0.0164503
2 0.6190038 0.5981456 0.0266085 0.0164503
21 0.2126195 0.6573667 0.0266085 0.0164503
10 0.2803502 0.6573667 0.0266085 0.0164503
13 0.4146022 0.6573667 0.0266085 0.0164503
23 0.4835424 0.6573667 0.0266085 0.0164503
34 0.5506684 0.6568183 0.0616833 0.0592209
26 0.5512731 0.6573667 0.0266085 0.0164503
3 0.6190038 0.6573667 0.0266085 0.0164503
18 0.2803502 0.7165876 0.0266085 0.0164503
17 0.4146022 0.7165876 0.0266085 0.0164503
29 0.4835424 0.7165876 0.0266085 0.0164503
11 0.5512731 0.7165876 0.0266085 0.0164503
26 0.6190038 0.7165876 0.0266085 0.0164503
8 0.4146022 0.5389247 0.0266085 0.0164503
17 0.3480809 0.7165876 0.0266085 0.0164503
14 0.3480809 0.6573667 0.0266085 0.0164503
10 0.2126195 0.4797037 0.0266085 0.0164503
4 0.2126195 0.7165876 0.0266085 0.0164503
17 0.2803502 0.5981456 0.0266085 0.0164503
19 0.5512731 0.5981456 0.0266085 0.0164503
20 0.2126195 0.5389247 0.0266085 0.0164503
8 0.4835424 0.4204828 0.0266085 0.0164503
6 0.6190038 0.5389247 0.0266085 0.0164503
