30 0.3477367 0.6300728 0.0287241 0.0166483
16 0.5657782 0.6300728 0.0287241 0.0166483
32 0.5690423 0.4552663 0.5287834 0.4261951
33 0.5677367 0.2710257 0.4791692 0.0155384
12 0.3477367 0.3304045 0.0287241 0.0166483
34 0.5657782 0.3298495 0.0678932 0.0599337
9 0.5657782 0.3304045 0.0287241 0.0166483
13 0.7133153 0.3304045 0.0287241 0.0166483
17 0.3477367 0.3903382 0.0287241 0.0166483
11 0.4939681 0.3903382 0.0287241 0.0166483
19 0.5657782 0.3903382 0.0287241 0.0166483
27 0.7133153 0.3903382 0.0287241 0.0166483
5 0.7864310 0.3903382 0.0287240 0.0166483
3 0.3477367 0.4502718 0.0287241 0.0166483
26 0.4208524 0.4502718 0.0287240 0.0166483
30 0.4939681 0.4502718 0.0287241 0.0166483
2 0.5657782 0.4502718 0.0287241 0.0166483
1 0.6401996 0.4502718 0.0287241 0.0166483
7 0.7133153 0.4502718 0.0287241 0.0166483
23 0.7864310 0.4502718 0.0287240 0.0166483
22 0.3477367 0.5102055 0.0287241 0.0166483
10 0.4939681 0.5102055 0.0287241 0.0166483
4 0.5657782 0.5102055 0.0287241 0.0166483
8 0.7133153 0.5102055 0.0287241 0.0166483
24 0.7864310 0.5102055 0.0287240 0.0166483
6 0.3477367 0.5701392 0.0287241 0.0166483
14 0.4208524 0.5701392 0.0287240 0.0166483
16 0.4939681 0.5701392 0.0287241 0.0166483
9 0.5657782 0.5701392 0.0287241 0.0166483
31 0.7133153 0.5701392 0.0287241 0.0166483
20 0.7864310 0.5701392 0.0287240 0.0166483
21 0.4939681 0.6300728 0.0287241 0.0166483
29 0.6401996 0.6300728 0.0287241 0.0166483
25 0.7133153 0.6300728 0.0287241 0.0166483
15 0.7864310 0.6300728 0.0287240 0.0166483
14 0.4208524 0.3903382 0.0287240 0.0166483
28 0.4939681 0.3304045 0.0287241 0.0166483
11 0.6401996 0.3304045 0.0287241 0.0166483
14 0.6401996 0.5102055 0.0287241 0.0166483
27 0.4208524 0.5102055 0.0287240 0.0166483
18 0.7864310 0.3304045 0.0287240 0.0166483
29 0.6401996 0.5701392 0.0287241 0.0166483
3 0.4208524 0.6300728 0.0287240 0.0166483
24 0.6401996 0.3903382 0.0287241 0.0166483
21 0.4208524 0.3304045 0.0287240 0.0166483
