4 0.6191347 0.5056259 0.0267046 0.0166002
3 0.5511593 0.5653868 0.0267046 0.0166002
32 0.4170292 0.6301276 0.4916077 0.4249660
33 0.4158154 0.4464184 0.4454816 0.0154935
27 0.2112823 0.5056259 0.0267046 0.0166002
13 0.3472331 0.5056259 0.0267046 0.0166002
8 0.5511593 0.5056259 0.0267046 0.0166002
15 0.2112823 0.5653868 0.0267046 0.0166002
26 0.2792577 0.5653868 0.0267046 0.0166002
18 0.3472331 0.5653868 0.0267046 0.0166002
17 0.4139946 0.5653868 0.0267046 0.0166002
16 0.4831839 0.5653868 0.0267046 0.0166002
2 0.6191347 0.5653868 0.0267046 0.0166002
11 0.2112823 0.6251476 0.0267046 0.0166003
10 0.3472331 0.6251476 0.0267046 0.0166003
1 0.4139946 0.6251476 0.0267046 0.0166003
22 0.6191347 0.6251476 0.0267046 0.0166003
19 0.2112823 0.6849084 0.0267046 0.0166002
30 0.3472331 0.6849084 0.0267046 0.0166002
9 0.4139946 0.6849084 0.0267046 0.0166002
29 0.4831839 0.6849084 0.0267046 0.0166002
7 0.2112823 0.7446693 0.0267046 0.0166003
4 0.2792577 0.7446693 0.0267046 0.0166003
5 0.3472331 0.7446693 0.0267046 0.0166003
12 0.4139946 0.7446693 0.0267046 0.0166003
31 0.5511593 0.7446693 0.0267046 0.0166003
3 0.6191347 0.7446693 0.0267046 0.0166003
24 0.2112823 0.8044301 0.0267046 0.0166002
6 0.2792577 0.8044301 0.0267046 0.0166002
20 0.3472331 0.8044301 0.0267046 0.0166002
21 0.4139946 0.8044301 0.0267046 0.0166002
34 0.4825769 0.8038768 0.0643339 0.0597609
30 0.4831839 0.8044301 0.0267046 0.0166002
14 0.5511593 0.8044301 0.0267046 0.0166002
25 0.6191347 0.8044301 0.0267046 0.0166002
19 0.2792577 0.6251476 0.0267046 0.0166003
26 0.2792577 0.6849084 0.0267046 0.0166002
17 0.5511593 0.6849084 0.0267046 0.0166002
8 0.4831839 0.5056259 0.0267046 0.0166002
19 0.4139946 0.5056259 0.0267046 0.0166002
3 0.2792577 0.5056259 0.0267046 0.0166002
4 0.6191347 0.6849084 0.0267046 0.0166002
12 0.4831839 0.7446693 0.0267046 0.0166003
29 0.4831839 0.6251476 0.0267046 0.0166003
16 0.5511593 0.6251476 0.0267046 0.0166003
