12 0.5845491 0.6227196 0.0264364 0.0164841
19 0.4487622 0.5040338 0.0264364 0.0164841
32 0.4517663 0.6276648 0.4866700 0.4219940
33 0.4505647 0.4452403 0.4410072 0.0153852
14 0.2480859 0.5040338 0.0264364 0.0164841
1 0.3153786 0.5040338 0.0264364 0.0164841
11 0.3826712 0.5040338 0.0264364 0.0164841
22 0.5172565 0.5040338 0.0264364 0.0164841
4 0.5845491 0.5040338 0.0264364 0.0164841
27 0.6518417 0.5040338 0.0264364 0.0164841
6 0.3826712 0.5633767 0.0264364 0.0164842
15 0.5172565 0.5633767 0.0264364 0.0164842
21 0.5845491 0.5633767 0.0264364 0.0164842
25 0.6518417 0.5633767 0.0264364 0.0164842
34 0.3147777 0.6221701 0.0612844 0.0593430
6 0.3153786 0.6227196 0.0264364 0.0164841
17 0.4487622 0.6227196 0.0264364 0.0164841
20 0.5172565 0.6227196 0.0264364 0.0164841
8 0.2480859 0.6820625 0.0264364 0.0164842
18 0.3826712 0.6820625 0.0264364 0.0164842
26 0.4487622 0.6820625 0.0264364 0.0164842
13 0.6518417 0.6820625 0.0264364 0.0164842
9 0.2480859 0.7414054 0.0264364 0.0164841
2 0.3153786 0.7414054 0.0264364 0.0164841
24 0.3826712 0.7414054 0.0264364 0.0164841
7 0.4487622 0.7414054 0.0264364 0.0164841
30 0.5172565 0.7414054 0.0264364 0.0164841
31 0.5845491 0.7414054 0.0264364 0.0164841
12 0.6518417 0.7414054 0.0264364 0.0164841
29 0.2480859 0.8007483 0.0264364 0.0164841
16 0.3153786 0.8007483 0.0264364 0.0164841
23 0.4487622 0.8007483 0.0264364 0.0164841
19 0.5172565 0.8007483 0.0264364 0.0164841
5 0.5845491 0.8007483 0.0264364 0.0164841
3 0.6518417 0.8007483 0.0264364 0.0164841
28 0.2480859 0.6227196 0.0264364 0.0164841
29 0.6518417 0.6227196 0.0264364 0.0164841
25 0.3826712 0.8007483 0.0264364 0.0164841
15 0.4487622 0.5633767 0.0264364 0.0164842
25 0.5845491 0.6820625 0.0264364 0.0164842
8 0.3153786 0.6820625 0.0264364 0.0164842
19 0.2480859 0.5633767 0.0264364 0.0164842
17 0.5172565 0.6820625 0.0264364 0.0164842
12 0.3153786 0.5633767 0.0264364 0.0164842
2 0.3826712 0.6227196 0.0264364 0.0164841
