15 0.6817848 0.4115036 0.0268643 0.0168118
24 0.5450210 0.2299358 0.0268644 0.0168119
32 0.6152346 0.3560246 0.4945479 0.4303830
33 0.6140135 0.1699736 0.4481458 0.0156910
16 0.4082571 0.2299358 0.0268643 0.0168119
23 0.4766391 0.2299358 0.0268643 0.0168119
30 0.6121819 0.2299358 0.0268644 0.0168119
27 0.6817848 0.2299358 0.0268643 0.0168119
15 0.7501668 0.2299358 0.0268643 0.0168119
20 0.8185487 0.2299358 0.0268643 0.0168119
11 0.5450210 0.2904584 0.0268644 0.0168118
7 0.6121819 0.2904584 0.0268644 0.0168118
13 0.6817848 0.2904584 0.0268643 0.0168118
1 0.8185487 0.2904584 0.0268643 0.0168118
8 0.4082571 0.3509810 0.0268643 0.0168118
26 0.4766391 0.3509810 0.0268643 0.0168118
24 0.5450210 0.3509810 0.0268644 0.0168118
22 0.6817848 0.3509810 0.0268643 0.0168118
3 0.7501668 0.3509810 0.0268643 0.0168118
31 0.8185487 0.3509810 0.0268643 0.0168118
25 0.4082571 0.4115036 0.0268643 0.0168118
2 0.4766391 0.4115036 0.0268643 0.0168118
21 0.6121819 0.4115036 0.0268644 0.0168118
19 0.8185487 0.4115036 0.0268643 0.0168118
17 0.4766391 0.4720263 0.0268643 0.0168119
29 0.5450210 0.4720263 0.0268644 0.0168119
9 0.6817848 0.4720263 0.0268643 0.0168119
10 0.7501668 0.4720263 0.0268643 0.0168119
6 0.8185487 0.4720263 0.0268643 0.0168119
12 0.4082571 0.5325489 0.0268643 0.0168119
5 0.4766391 0.5325489 0.0268643 0.0168119
34 0.5450210 0.5319885 0.0634975 0.0605226
15 0.5450210 0.5325489 0.0268644 0.0168119
4 0.7501668 0.5325489 0.0268643 0.0168119
18 0.8185487 0.5325489 0.0268643 0.0168119
31 0.6121819 0.4720263 0.0268644 0.0168119
7 0.6817848 0.5325489 0.0268643 0.0168119
21 0.6121819 0.5325489 0.0268644 0.0168119
27 0.4082571 0.4720263 0.0268643 0.0168119
16 0.5450210 0.4115036 0.0268644 0.0168118
14 0.7501668 0.4115036 0.0268643 0.0168118
10 0.6121819 0.3509810 0.0268644 0.0168118
17 0.4766391 0.2904584 0.0268643 0.0168118
25 0.4082571 0.2904584 0.0268643 0.0168118
11 0.7501668 0.2904584 0.0268643 0.0168118
