31 0.6325969 0.5600133 0.0286860 0.0163234
13 0.5595780 0.2661915 0.0286860 0.0163234
32 0.4885150 0.3886173 0.5280831 0.4178799
33 0.4872111 0.2079713 0.4785346 0.0152352
10 0.2675024 0.2661915 0.0286860 0.0163234
22 0.3405213 0.2661915 0.0286860 0.0163234
20 0.4852552 0.2661915 0.0286860 0.0163234
4 0.6325969 0.2661915 0.0286860 0.0163234
17 0.7056158 0.2661915 0.0286860 0.0163234
11 0.2675024 0.3249559 0.0286860 0.0163234
30 0.3405213 0.3249559 0.0286860 0.0163234
3 0.4852552 0.3249559 0.0286860 0.0163234
1 0.7056158 0.3249559 0.0286860 0.0163234
34 0.2675024 0.3831761 0.0678033 0.0587644
4 0.2675024 0.3837203 0.0286860 0.0163234
18 0.4135402 0.3837203 0.0286860 0.0163234
31 0.5595780 0.3837203 0.0286860 0.0163234
26 0.6325969 0.3837203 0.0286860 0.0163234
15 0.7056158 0.3837203 0.0286860 0.0163234
24 0.2675024 0.4424846 0.0286860 0.0163234
27 0.3405213 0.4424846 0.0286860 0.0163234
7 0.4135402 0.4424846 0.0286860 0.0163234
9 0.5595780 0.4424846 0.0286860 0.0163234
5 0.7056158 0.4424846 0.0286860 0.0163234
19 0.2675024 0.5012489 0.0286860 0.0163234
16 0.3405213 0.5012489 0.0286860 0.0163234
23 0.4135402 0.5012489 0.0286860 0.0163234
2 0.4852552 0.5012489 0.0286860 0.0163234
12 0.5595780 0.5012489 0.0286860 0.0163234
29 0.6325969 0.5012489 0.0286860 0.0163234
6 0.2675024 0.5600133 0.0286860 0.0163234
21 0.3405213 0.5600133 0.0286860 0.0163234
8 0.4135402 0.5600133 0.0286860 0.0163234
14 0.4852552 0.5600133 0.0286860 0.0163234
25 0.5595780 0.5600133 0.0286860 0.0163234
31 0.6325969 0.4424846 0.0286860 0.0163234
9 0.5595780 0.3249559 0.0286860 0.0163234
25 0.4852552 0.4424846 0.0286860 0.0163234
12 0.4852552 0.3837203 0.0286860 0.0163234
27 0.7056158 0.5012489 0.0286860 0.0163234
1 0.4135402 0.2661915 0.0286860 0.0163234
4 0.4135402 0.3249559 0.0286860 0.0163234
6 0.7056158 0.5600133 0.0286860 0.0163234
18 0.3405213 0.3837203 0.0286860 0.0163234
28 0.6325969 0.3249559 0.0286860 0.0163234
