13 0.2875696 0.6254345 0.0286523 0.0162162
9 0.7251686 0.5670562 0.0286523 0.0162162
32 0.5083226 0.6302993 0.5274630 0.4151345
33 0.5070203 0.4508401 0.4779727 0.0151351
23 0.2875696 0.5086779 0.0286523 0.0162162
10 0.3605028 0.5086779 0.0286523 0.0162162
16 0.4334359 0.5086779 0.0286523 0.0162162
13 0.5050667 0.5086779 0.0286523 0.0162162
3 0.5793023 0.5086779 0.0286523 0.0162162
4 0.3605028 0.5670562 0.0286523 0.0162162
15 0.5793023 0.5670562 0.0286523 0.0162162
8 0.6522354 0.5670562 0.0286523 0.0162162
12 0.3605028 0.6254345 0.0286523 0.0162162
24 0.4334359 0.6254345 0.0286523 0.0162162
26 0.5050667 0.6254345 0.0286523 0.0162162
18 0.5793023 0.6254345 0.0286523 0.0162162
20 0.6522354 0.6254345 0.0286523 0.0162162
31 0.7251686 0.6254345 0.0286523 0.0162162
2 0.2875696 0.6838127 0.0286523 0.0162162
34 0.3598516 0.6832722 0.0664213 0.0583782
14 0.3605028 0.6838127 0.0286523 0.0162162
1 0.4334359 0.6838127 0.0286523 0.0162162
5 0.5050667 0.6838127 0.0286523 0.0162162
22 0.5793023 0.6838127 0.0286523 0.0162162
29 0.2875696 0.7421911 0.0286523 0.0162162
25 0.3605028 0.7421911 0.0286523 0.0162162
30 0.4334359 0.7421911 0.0286523 0.0162162
27 0.5050667 0.7421911 0.0286523 0.0162162
21 0.5793023 0.7421911 0.0286523 0.0162162
11 0.6522354 0.7421911 0.0286523 0.0162162
14 0.3605028 0.8005693 0.0286523 0.0162162
19 0.5050667 0.8005693 0.0286523 0.0162162
17 0.5793023 0.8005693 0.0286523 0.0162162
6 0.6522354 0.8005693 0.0286523 0.0162162
9 0.7251686 0.8005693 0.0286523 0.0162162
8 0.6522354 0.6838127 0.0286523 0.0162162
18 0.7251686 0.5086779 0.0286523 0.0162162
7 0.7251686 0.6838127 0.0286523 0.0162162
4 0.4334359 0.8005693 0.0286523 0.0162162
21 0.2875696 0.8005693 0.0286523 0.0162162
18 0.7251686 0.7421911 0.0286523 0.0162162
30 0.2875696 0.5670562 0.0286523 0.0162162
1 0.5050667 0.5670562 0.0286523 0.0162162
15 0.4334359 0.5670562 0.0286523 0.0162162
2 0.6522354 0.5086779 0.0286523 0.0162162
