30 0.6636463 0.6650024 0.0276808 0.0169781
20 0.6636463 0.3593969 0.0276808 0.0169781
32 0.5246131 0.4867325 0.5095787 0.4346389
33 0.5233549 0.2988417 0.4617664 0.0158462
13 0.4522655 0.3593969 0.0276808 0.0169781
31 0.5214676 0.3593969 0.0276808 0.0169781
20 0.5931860 0.3593969 0.0276808 0.0169781
6 0.3113450 0.4205180 0.0276808 0.0169781
14 0.3818053 0.4205180 0.0276808 0.0169781
22 0.5214676 0.4205180 0.0276808 0.0169781
24 0.5931860 0.4205180 0.0276808 0.0169781
2 0.6636463 0.4205180 0.0276808 0.0169781
9 0.3113450 0.4816391 0.0276808 0.0169781
1 0.3818053 0.4816391 0.0276808 0.0169781
15 0.5214676 0.4816391 0.0276808 0.0169781
27 0.5931860 0.4816391 0.0276808 0.0169781
26 0.6636463 0.4816391 0.0276808 0.0169781
8 0.7341066 0.4816391 0.0276808 0.0169781
25 0.3113450 0.5427602 0.0276808 0.0169781
18 0.3818053 0.5427602 0.0276808 0.0169781
12 0.4522655 0.5427602 0.0276808 0.0169781
23 0.5214676 0.5427602 0.0276808 0.0169781
30 0.6636463 0.5427602 0.0276808 0.0169781
11 0.7341066 0.5427602 0.0276808 0.0169781
7 0.3113450 0.6038813 0.0276808 0.0169781
16 0.3818053 0.6038813 0.0276808 0.0169781
4 0.4522655 0.6038813 0.0276808 0.0169781
29 0.5214676 0.6038813 0.0276808 0.0169781
34 0.6630172 0.6033154 0.0641692 0.0611211
8 0.6636463 0.6038813 0.0276808 0.0169781
3 0.7341066 0.6038813 0.0276808 0.0169781
21 0.3113450 0.6650024 0.0276808 0.0169781
5 0.3818053 0.6650024 0.0276808 0.0169781
10 0.4522655 0.6650024 0.0276808 0.0169781
17 0.5931860 0.6650024 0.0276808 0.0169781
28 0.4522655 0.4205180 0.0276808 0.0169781
11 0.4522655 0.4816391 0.0276808 0.0169781
4 0.5214676 0.6650024 0.0276808 0.0169781
29 0.7341066 0.3593969 0.0276808 0.0169781
8 0.3113450 0.3593969 0.0276808 0.0169781
30 0.7341066 0.4205180 0.0276808 0.0169781
31 0.3818053 0.3593969 0.0276808 0.0169781
29 0.5931860 0.6038813 0.0276808 0.0169781
2 0.5931860 0.5427602 0.0276808 0.0169781
1 0.7341066 0.6650024 0.0276808 0.0169781
