6 0.4360688 0.6205425 0.0276630 0.0164820
20 0.2952392 0.6205425 0.0276630 0.0164820
32 0.3675401 0.5068166 0.5092502 0.4219394
33 0.3662827 0.3244158 0.4614687 0.0153832
5 0.1544095 0.3832016 0.0276630 0.0164820
29 0.2248243 0.3832016 0.0276630 0.0164820
8 0.2952392 0.3832016 0.0276630 0.0164820
3 0.3643966 0.3832016 0.0276630 0.0164820
31 0.2248243 0.4425368 0.0276630 0.0164820
23 0.2952392 0.4425368 0.0276630 0.0164820
7 0.3643966 0.4425368 0.0276630 0.0164820
4 0.4360688 0.4425368 0.0276630 0.0164820
22 0.5064837 0.4425368 0.0276630 0.0164820
18 0.5768985 0.4425368 0.0276630 0.0164820
15 0.1544095 0.5018720 0.0276630 0.0164820
21 0.2248243 0.5018720 0.0276630 0.0164820
24 0.3643966 0.5018720 0.0276630 0.0164820
10 0.4360688 0.5018720 0.0276630 0.0164820
20 0.5064837 0.5018720 0.0276630 0.0164820
9 0.5768985 0.5018720 0.0276630 0.0164820
17 0.1544095 0.5612072 0.0276630 0.0164820
13 0.2248243 0.5612072 0.0276630 0.0164820
6 0.2952392 0.5612072 0.0276630 0.0164820
19 0.3643966 0.5612072 0.0276630 0.0164820
11 0.5064837 0.5612072 0.0276630 0.0164820
14 0.5768985 0.5612072 0.0276630 0.0164820
2 0.1544095 0.6205425 0.0276630 0.0164820
12 0.2248243 0.6205425 0.0276630 0.0164820
30 0.3643966 0.6205425 0.0276630 0.0164820
1 0.5064837 0.6205425 0.0276630 0.0164820
34 0.2241956 0.6793283 0.0641278 0.0593352
10 0.2248243 0.6798777 0.0276630 0.0164820
25 0.3643966 0.6798777 0.0276630 0.0164820
27 0.5064837 0.6798777 0.0276630 0.0164820
16 0.5768985 0.6798777 0.0276630 0.0164820
20 0.1544095 0.6798777 0.0276630 0.0164820
18 0.4360688 0.3832016 0.0276630 0.0164820
16 0.5768985 0.6205425 0.0276630 0.0164820
2 0.4360688 0.5612072 0.0276630 0.0164820
1 0.1544095 0.4425368 0.0276630 0.0164820
18 0.2952392 0.5018720 0.0276630 0.0164820
27 0.5064837 0.3832016 0.0276630 0.0164820
29 0.4360688 0.6798777 0.0276630 0.0164820
13 0.2952392 0.6798777 0.0276630 0.0164820
29 0.5768985 0.3832016 0.0276630 0.0164820
