18 0.7096346 0.5807060 0.0286432 0.0173863
30 0.7096346 0.3303434 0.0286432 0.0173863
32 0.6386775 0.3981499 0.5272956 0.4450890
33 0.6373756 0.2057416 0.4778209 0.0162272
27 0.4179945 0.2677527 0.0286432 0.0173863
6 0.4909045 0.2677527 0.0286432 0.0173863
8 0.5638145 0.2677527 0.0286432 0.0173863
23 0.6354226 0.2677527 0.0286432 0.0173863
12 0.7096346 0.2677527 0.0286432 0.0173863
3 0.7825446 0.2677527 0.0286432 0.0173863
31 0.8554546 0.2677527 0.0286432 0.0173863
13 0.4909045 0.3303434 0.0286432 0.0173863
14 0.5638145 0.3303434 0.0286432 0.0173863
10 0.6354226 0.3303434 0.0286432 0.0173863
26 0.7825446 0.3303434 0.0286432 0.0173863
20 0.8554546 0.3303434 0.0286432 0.0173863
34 0.4179945 0.3923545 0.0677022 0.0625906
30 0.4179945 0.3929340 0.0286432 0.0173863
21 0.4909045 0.3929340 0.0286432 0.0173863
30 0.5638145 0.3929340 0.0286432 0.0173863
15 0.7096346 0.3929340 0.0286432 0.0173863
25 0.7825446 0.3929340 0.0286432 0.0173863
7 0.4179945 0.4555247 0.0286432 0.0173863
24 0.4909045 0.4555247 0.0286432 0.0173863
18 0.5638145 0.4555247 0.0286432 0.0173863
5 0.6354226 0.4555247 0.0286432 0.0173863
16 0.7096346 0.4555247 0.0286432 0.0173863
9 0.7825446 0.4555247 0.0286432 0.0173863
2 0.4179945 0.5181153 0.0286432 0.0173863
17 0.4909045 0.5181153 0.0286432 0.0173863
4 0.5638145 0.5181153 0.0286432 0.0173863
19 0.7096346 0.5181153 0.0286432 0.0173863
1 0.7825446 0.5181153 0.0286432 0.0173863
11 0.4909045 0.5807060 0.0286432 0.0173863
22 0.6354226 0.5807060 0.0286432 0.0173863
6 0.4179945 0.3303434 0.0286432 0.0173863
31 0.7825446 0.5807060 0.0286432 0.0173863
17 0.8554546 0.3929340 0.0286432 0.0173863
22 0.6354226 0.5181153 0.0286432 0.0173863
20 0.4179945 0.5807060 0.0286432 0.0173863
7 0.8554546 0.5181153 0.0286432 0.0173863
8 0.8554546 0.5807060 0.0286432 0.0173863
29 0.8554546 0.4555247 0.0286432 0.0173863
16 0.6354226 0.3929340 0.0286432 0.0173863
9 0.5638145 0.5807060 0.0286432 0.0173863
