1 0.3250074 0.4477559 0.0278780 0.0159197
31 0.6088559 0.5050669 0.0278780 0.0159197
32 0.3978703 0.5098429 0.5132083 0.4075453
33 0.3966031 0.3336644 0.4650554 0.0148584
30 0.2540452 0.3904448 0.0278780 0.0159197
18 0.3250074 0.3904448 0.0278780 0.0159197
2 0.3947023 0.3904448 0.0278780 0.0159197
19 0.5378938 0.3904448 0.0278780 0.0159197
17 0.2540452 0.4477559 0.0278780 0.0159197
7 0.3947023 0.4477559 0.0278780 0.0159197
9 0.5378938 0.4477559 0.0278780 0.0159197
8 0.6088559 0.4477559 0.0278780 0.0159197
22 0.1830831 0.5050669 0.0278780 0.0159197
26 0.2540452 0.5050669 0.0278780 0.0159197
25 0.3250074 0.5050669 0.0278780 0.0159197
20 0.3947023 0.5050669 0.0278780 0.0159197
10 0.5378938 0.5050669 0.0278780 0.0159197
23 0.1830831 0.5623780 0.0278780 0.0159197
15 0.2540452 0.5623780 0.0278780 0.0159197
1 0.3250074 0.5623780 0.0278780 0.0159197
21 0.5378938 0.5623780 0.0278780 0.0159197
6 0.6088559 0.5623780 0.0278780 0.0159197
14 0.1830831 0.6196891 0.0278780 0.0159197
11 0.3250074 0.6196891 0.0278780 0.0159197
3 0.3947023 0.6196891 0.0278780 0.0159197
13 0.4669316 0.6196891 0.0278780 0.0159197
29 0.5378938 0.6196891 0.0278780 0.0159197
27 0.1830831 0.6770001 0.0278780 0.0159197
34 0.2534116 0.6764695 0.0646262 0.0573111
13 0.2540452 0.6770001 0.0278780 0.0159197
5 0.3250074 0.6770001 0.0278780 0.0159197
4 0.3947023 0.6770001 0.0278780 0.0159197
12 0.4669316 0.6770001 0.0278780 0.0159197
16 0.5378938 0.6770001 0.0278780 0.0159197
31 0.6088559 0.6770001 0.0278780 0.0159197
17 0.6088559 0.6196891 0.0278780 0.0159197
16 0.2540452 0.6196891 0.0278780 0.0159197
13 0.4669316 0.3904448 0.0278780 0.0159197
6 0.3947023 0.5623780 0.0278780 0.0159197
25 0.1830831 0.3904448 0.0278780 0.0159197
17 0.4669316 0.4477559 0.0278780 0.0159197
9 0.6088559 0.3904448 0.0278780 0.0159197
12 0.1830831 0.4477559 0.0278780 0.0159197
28 0.4669316 0.5050669 0.0278780 0.0159197
27 0.4669316 0.5623780 0.0278780 0.0159197
