19 0.8545444 0.3914828 0.0269544 0.0166029
11 0.5800991 0.3914828 0.0269544 0.0166029
32 0.6505482 0.5160044 0.4962068 0.4250335
33 0.6493230 0.3322659 0.4496492 0.0154960
1 0.4428764 0.3914828 0.0269544 0.0166029
10 0.5114877 0.3914828 0.0269545 0.0166029
13 0.6474852 0.3914828 0.0269544 0.0166029
29 0.7173217 0.3914828 0.0269545 0.0166029
2 0.7859330 0.3914828 0.0269545 0.0166029
6 0.4428764 0.4512532 0.0269544 0.0166029
22 0.5114877 0.4512532 0.0269545 0.0166029
26 0.6474852 0.4512532 0.0269544 0.0166029
17 0.7173217 0.4512532 0.0269545 0.0166029
23 0.7859330 0.4512532 0.0269545 0.0166029
9 0.8545444 0.4512532 0.0269544 0.0166029
18 0.4428764 0.5110235 0.0269544 0.0166029
30 0.5114877 0.5110235 0.0269545 0.0166029
7 0.5800991 0.5110235 0.0269544 0.0166029
25 0.7173217 0.5110235 0.0269545 0.0166029
3 0.7859330 0.5110235 0.0269545 0.0166029
21 0.8545444 0.5110235 0.0269544 0.0166029
24 0.4428764 0.5707939 0.0269544 0.0166029
19 0.5114877 0.5707939 0.0269545 0.0166029
34 0.5800991 0.5702405 0.0637106 0.0597703
14 0.5800991 0.5707939 0.0269544 0.0166029
31 0.6474852 0.5707939 0.0269544 0.0166029
12 0.7173217 0.5707939 0.0269545 0.0166029
20 0.7859330 0.5707939 0.0269545 0.0166029
16 0.5800991 0.6305642 0.0269544 0.0166029
5 0.8545444 0.6305642 0.0269544 0.0166029
8 0.4428764 0.6903345 0.0269544 0.0166029
4 0.5114877 0.6903345 0.0269545 0.0166029
27 0.5800991 0.6903345 0.0269544 0.0166029
15 0.6474852 0.6903345 0.0269544 0.0166029
11 0.8545444 0.6903345 0.0269544 0.0166029
25 0.4428764 0.6305642 0.0269544 0.0166029
24 0.7859330 0.6903345 0.0269545 0.0166029
11 0.8545444 0.5707939 0.0269544 0.0166029
7 0.7859330 0.6305642 0.0269545 0.0166029
27 0.6474852 0.6305642 0.0269544 0.0166029
22 0.7173217 0.6903345 0.0269545 0.0166029
15 0.6474852 0.5110235 0.0269544 0.0166029
1 0.5800991 0.4512532 0.0269544 0.0166029
10 0.7173217 0.6305642 0.0269545 0.0166029
20 0.5114877 0.6305642 0.0269545 0.0166029
