16 0.3789062 0.4359888 0.0280459 0.0159591
31 0.3062418 0.5508940 0.0280459 0.0159591
32 0.3094288 0.4407765 0.5163002 0.4085515
33 0.3081540 0.2641631 0.4678572 0.0148951
9 0.0933476 0.3210837 0.0280459 0.0159590
14 0.1647373 0.3210837 0.0280459 0.0159590
15 0.3062418 0.3210837 0.0280459 0.0159590
21 0.3789062 0.3210837 0.0280459 0.0159590
25 0.4502959 0.3210837 0.0280459 0.0159590
11 0.0933476 0.3785363 0.0280459 0.0159591
23 0.4502959 0.3785363 0.0280459 0.0159591
27 0.5216856 0.3785363 0.0280459 0.0159591
16 0.0933476 0.4359888 0.0280459 0.0159591
34 0.1640999 0.4354569 0.0650156 0.0574525
7 0.1647373 0.4359888 0.0280459 0.0159591
4 0.2361269 0.4359888 0.0280459 0.0159591
20 0.3062418 0.4359888 0.0280459 0.0159591
24 0.4502959 0.4359888 0.0280459 0.0159591
17 0.5216856 0.4359888 0.0280459 0.0159591
31 0.0933476 0.4934414 0.0280459 0.0159590
12 0.1647373 0.4934414 0.0280459 0.0159590
10 0.2361269 0.4934414 0.0280459 0.0159590
8 0.3062418 0.4934414 0.0280459 0.0159590
13 0.4502959 0.4934414 0.0280459 0.0159590
7 0.5216856 0.4934414 0.0280459 0.0159590
3 0.0933476 0.5508940 0.0280459 0.0159591
6 0.1647373 0.5508940 0.0280459 0.0159591
19 0.2361269 0.5508940 0.0280459 0.0159591
22 0.4502959 0.5508940 0.0280459 0.0159591
30 0.5216856 0.5508940 0.0280459 0.0159591
18 0.0933476 0.6083465 0.0280459 0.0159590
1 0.1647373 0.6083465 0.0280459 0.0159590
5 0.3789062 0.6083465 0.0280459 0.0159590
26 0.4502959 0.6083465 0.0280459 0.0159590
2 0.5216856 0.6083465 0.0280459 0.0159590
22 0.3789062 0.4934414 0.0280459 0.0159590
1 0.2361269 0.3785363 0.0280459 0.0159591
17 0.3789062 0.3785363 0.0280459 0.0159591
31 0.3789062 0.5508940 0.0280459 0.0159591
7 0.3062418 0.3785363 0.0280459 0.0159591
28 0.5216856 0.3210837 0.0280459 0.0159590
15 0.2361269 0.6083465 0.0280459 0.0159590
20 0.3062418 0.6083465 0.0280459 0.0159590
30 0.2361269 0.3210837 0.0280459 0.0159590
31 0.1647373 0.3785363 0.0280459 0.0159591
