7 0.2485943 0.2893276 0.0281488 0.0167394
13 0.3202456 0.5906376 0.0281487 0.0167394
32 0.4654676 0.4148734 0.5181929 0.4285297
33 0.4641881 0.2296236 0.4695724 0.0156235
11 0.3202456 0.2893276 0.0281487 0.0167394
27 0.3918970 0.2893276 0.0281488 0.0167394
2 0.4622689 0.2893276 0.0281487 0.0167394
6 0.6068511 0.2893276 0.0281487 0.0167394
7 0.6785025 0.2893276 0.0281487 0.0167394
31 0.3918970 0.3495896 0.0281488 0.0167394
3 0.4622689 0.3495896 0.0281487 0.0167394
16 0.5351997 0.3495896 0.0281487 0.0167394
17 0.6068511 0.3495896 0.0281487 0.0167394
1 0.6785025 0.3495896 0.0281487 0.0167394
19 0.2485943 0.4098516 0.0281488 0.0167394
25 0.3202456 0.4098516 0.0281487 0.0167394
18 0.3918970 0.4098516 0.0281488 0.0167394
23 0.4622689 0.4098516 0.0281487 0.0167394
20 0.5351997 0.4098516 0.0281487 0.0167394
29 0.6068511 0.4098516 0.0281487 0.0167394
8 0.6785025 0.4098516 0.0281487 0.0167394
22 0.2485943 0.4701136 0.0281488 0.0167394
4 0.3918970 0.4701136 0.0281488 0.0167394
5 0.4622689 0.4701136 0.0281487 0.0167394
26 0.5351997 0.4701136 0.0281487 0.0167394
9 0.6068511 0.4701136 0.0281487 0.0167394
24 0.3202456 0.5303756 0.0281487 0.0167395
21 0.3918970 0.5303756 0.0281488 0.0167395
10 0.6068511 0.5303756 0.0281487 0.0167395
34 0.6785025 0.5298176 0.0665334 0.0602620
18 0.6785025 0.5303756 0.0281487 0.0167395
15 0.2485943 0.5906376 0.0281488 0.0167394
12 0.3918970 0.5906376 0.0281488 0.0167394
30 0.6068511 0.5906376 0.0281487 0.0167394
13 0.6785025 0.5906376 0.0281487 0.0167394
2 0.2485943 0.3495896 0.0281488 0.0167394
10 0.5351997 0.2893276 0.0281487 0.0167394
17 0.3202456 0.4701136 0.0281487 0.0167394
1 0.4622689 0.5303756 0.0281487 0.0167395
22 0.3202456 0.3495896 0.0281487 0.0167394
15 0.5351997 0.5906376 0.0281487 0.0167394
1 0.2485943 0.5303756 0.0281488 0.0167395
3 0.6785025 0.4701136 0.0281487 0.0167394
6 0.4622689 0.5906376 0.0281487 0.0167394
15 0.5351997 0.5303756 0.0281487 0.0167395
