8 0.6491357 0.5611820 0.0274606 0.0174986
21 0.6491357 0.4981868 0.0274606 0.0174986
32 0.5112084 0.5664316 0.5055256 0.4479657
33 0.5099602 0.3727798 0.4580936 0.0163321
27 0.2996366 0.4351917 0.0274606 0.0174987
23 0.4394363 0.4351917 0.0274607 0.0174987
20 0.5792359 0.4351917 0.0274606 0.0174987
12 0.6491357 0.4351917 0.0274606 0.0174987
1 0.2996366 0.4981868 0.0274606 0.0174986
7 0.3695364 0.4981868 0.0274607 0.0174986
31 0.4394363 0.4981868 0.0274607 0.0174986
17 0.5080878 0.4981868 0.0274606 0.0174986
10 0.5792359 0.4981868 0.0274606 0.0174986
18 0.7190356 0.4981868 0.0274606 0.0174986
11 0.2996366 0.5611820 0.0274606 0.0174986
21 0.3695364 0.5611820 0.0274607 0.0174986
34 0.5080878 0.5605987 0.0649070 0.0629951
24 0.5080878 0.5611820 0.0274606 0.0174986
29 0.7190356 0.5611820 0.0274606 0.0174986
24 0.4394363 0.6241772 0.0274607 0.0174986
15 0.5080878 0.6241772 0.0274606 0.0174986
19 0.5792359 0.6241772 0.0274606 0.0174986
13 0.6491357 0.6241772 0.0274606 0.0174986
6 0.7190356 0.6241772 0.0274606 0.0174986
8 0.2996366 0.6871723 0.0274606 0.0174987
3 0.3695364 0.6871723 0.0274607 0.0174987
16 0.4394363 0.6871723 0.0274607 0.0174987
5 0.5792359 0.6871723 0.0274606 0.0174987
30 0.7190356 0.6871723 0.0274606 0.0174987
14 0.2996366 0.7501675 0.0274606 0.0174986
2 0.4394363 0.7501675 0.0274607 0.0174986
25 0.5080878 0.7501675 0.0274606 0.0174986
26 0.5792359 0.7501675 0.0274606 0.0174986
22 0.6491357 0.7501675 0.0274606 0.0174986
9 0.7190356 0.7501675 0.0274606 0.0174986
18 0.5080878 0.4351917 0.0274606 0.0174987
1 0.5792359 0.5611820 0.0274606 0.0174986
2 0.6491357 0.6871723 0.0274606 0.0174987
30 0.3695364 0.4351917 0.0274607 0.0174987
31 0.4394363 0.5611820 0.0274607 0.0174986
26 0.7190356 0.4351917 0.0274606 0.0174987
17 0.3695364 0.6241772 0.0274607 0.0174986
7 0.2996366 0.6241772 0.0274606 0.0174986
25 0.5080878 0.6871723 0.0274606 0.0174987
24 0.3695364 0.7501675 0.0274607 0.0174986
