28 0.6255095 0.4842623 0.0286072 0.0168568
12 0.5526912 0.4235778 0.0286072 0.0168568
32 0.4090052 0.4286349 0.5266320 0.4315341
33 0.4077048 0.2420863 0.4772197 0.0157330
14 0.2614182 0.3022089 0.0286072 0.0168568
6 0.4057544 0.3022089 0.0286072 0.0168568
25 0.4798730 0.3022089 0.0286071 0.0168568
9 0.5526912 0.3022089 0.0286072 0.0168568
8 0.6255095 0.3022089 0.0286072 0.0168568
12 0.1885999 0.3628933 0.0286072 0.0168568
23 0.2614182 0.3628933 0.0286072 0.0168568
29 0.4057544 0.3628933 0.0286072 0.0168568
10 0.4798730 0.3628933 0.0286071 0.0168568
15 0.6255095 0.3628933 0.0286072 0.0168568
24 0.1885999 0.4235778 0.0286072 0.0168568
27 0.4057544 0.4235778 0.0286072 0.0168568
2 0.4798730 0.4235778 0.0286071 0.0168568
11 0.6255095 0.4235778 0.0286072 0.0168568
7 0.1885999 0.4842623 0.0286072 0.0168568
26 0.2614182 0.4842623 0.0286072 0.0168568
22 0.3342365 0.4842623 0.0286072 0.0168568
13 0.4798730 0.4842623 0.0286071 0.0168568
17 0.5526912 0.4842623 0.0286072 0.0168568
21 0.1885999 0.5449468 0.0286072 0.0168568
18 0.2614182 0.5449468 0.0286072 0.0168568
34 0.3342364 0.5443849 0.0676169 0.0606845
12 0.3342365 0.5449468 0.0286072 0.0168568
3 0.4057544 0.5449468 0.0286072 0.0168568
16 0.4798730 0.5449468 0.0286071 0.0168568
5 0.6255095 0.5449468 0.0286072 0.0168568
20 0.2614182 0.6056312 0.0286072 0.0168568
31 0.3342365 0.6056312 0.0286072 0.0168568
4 0.4057544 0.6056312 0.0286072 0.0168568
1 0.5526912 0.6056312 0.0286072 0.0168568
30 0.6255095 0.6056312 0.0286072 0.0168568
10 0.4057544 0.4842623 0.0286072 0.0168568
17 0.1885999 0.3022089 0.0286072 0.0168568
8 0.5526912 0.5449468 0.0286072 0.0168568
18 0.5526912 0.3628933 0.0286072 0.0168568
2 0.3342365 0.3022089 0.0286072 0.0168568
20 0.4798730 0.6056312 0.0286071 0.0168568
30 0.2614182 0.4235778 0.0286072 0.0168568
15 0.1885999 0.6056312 0.0286072 0.0168568
8 0.3342365 0.3628933 0.0286072 0.0168568
10 0.3342365 0.4235778 0.0286072 0.0168568
