17 0.3669906 0.7679041 0.0278259 0.0171571
4 0.6503086 0.5208431 0.0278259 0.0171570
32 0.5813763 0.5877554 0.5122492 0.4392195
33 0.5801115 0.3978845 0.4641863 0.0160132
20 0.3669906 0.4590778 0.0278259 0.0171570
26 0.4378201 0.4590778 0.0278259 0.0171570
8 0.5086496 0.4590778 0.0278259 0.0171570
16 0.5782143 0.4590778 0.0278259 0.0171570
21 0.6503086 0.4590778 0.0278259 0.0171570
13 0.7211382 0.4590778 0.0278259 0.0171570
31 0.7919676 0.4590778 0.0278259 0.0171570
2 0.4378201 0.5208431 0.0278259 0.0171570
5 0.5086496 0.5208431 0.0278259 0.0171570
11 0.7211382 0.5208431 0.0278259 0.0171570
10 0.7919676 0.5208431 0.0278259 0.0171570
1 0.3669906 0.5826084 0.0278259 0.0171571
19 0.5086496 0.5826084 0.0278259 0.0171571
18 0.5782143 0.5826084 0.0278259 0.0171571
24 0.7211382 0.5826084 0.0278259 0.0171571
22 0.7919676 0.5826084 0.0278259 0.0171571
4 0.3669906 0.6443736 0.0278259 0.0171570
17 0.4378201 0.6443736 0.0278259 0.0171570
34 0.5086496 0.6438017 0.0657703 0.0617653
1 0.5086496 0.6443736 0.0278259 0.0171570
25 0.6503086 0.6443736 0.0278259 0.0171570
12 0.7211382 0.6443736 0.0278259 0.0171570
23 0.4378201 0.7061388 0.0278259 0.0171570
14 0.5086496 0.7061388 0.0278259 0.0171570
7 0.6503086 0.7061388 0.0278259 0.0171570
3 0.7211382 0.7061388 0.0278259 0.0171570
29 0.7919676 0.7061388 0.0278259 0.0171570
30 0.4378201 0.7679041 0.0278259 0.0171571
27 0.5086496 0.7679041 0.0278259 0.0171571
15 0.6503086 0.7679041 0.0278259 0.0171571
9 0.7919676 0.7679041 0.0278259 0.0171571
30 0.5782143 0.5208431 0.0278259 0.0171570
28 0.7211382 0.7679041 0.0278259 0.0171571
8 0.5782143 0.6443736 0.0278259 0.0171570
13 0.3669906 0.7061388 0.0278259 0.0171570
1 0.5782143 0.7061388 0.0278259 0.0171570
15 0.3669906 0.5208431 0.0278259 0.0171570
7 0.6503086 0.5826084 0.0278259 0.0171571
6 0.4378201 0.5826084 0.0278259 0.0171571
18 0.5782143 0.7679041 0.0278259 0.0171571
9 0.7919676 0.6443736 0.0278259 0.0171570
