12 0.4856525 0.4508759 0.0277428 0.0172901
2 0.2031807 0.6376088 0.0277428 0.0172900
32 0.2756902 0.5183072 0.5107191 0.4426262
33 0.2744292 0.3269636 0.4627998 0.0161374
30 0.0619448 0.3886316 0.0277428 0.0172901
8 0.1325628 0.3886316 0.0277428 0.0172901
34 0.2031807 0.3880552 0.0655738 0.0622443
6 0.2031807 0.3886316 0.0277428 0.0172901
17 0.3444167 0.3886316 0.0277427 0.0172901
19 0.4150346 0.3886316 0.0277428 0.0172901
24 0.0619448 0.4508759 0.0277428 0.0172901
18 0.2031807 0.4508759 0.0277428 0.0172901
5 0.2725377 0.4508759 0.0277428 0.0172901
6 0.3444167 0.4508759 0.0277427 0.0172901
1 0.4150346 0.4508759 0.0277428 0.0172901
20 0.0619448 0.5131202 0.0277428 0.0172901
15 0.1325628 0.5131202 0.0277428 0.0172901
12 0.2031807 0.5131202 0.0277428 0.0172901
7 0.2725377 0.5131202 0.0277428 0.0172901
13 0.3444167 0.5131202 0.0277427 0.0172901
10 0.4856525 0.5131202 0.0277428 0.0172901
3 0.0619448 0.5753644 0.0277428 0.0172901
9 0.1325628 0.5753644 0.0277428 0.0172901
26 0.2031807 0.5753644 0.0277428 0.0172901
14 0.2725377 0.5753644 0.0277428 0.0172901
27 0.4150346 0.5753644 0.0277428 0.0172901
31 0.4856525 0.5753644 0.0277428 0.0172901
23 0.1325628 0.6376088 0.0277428 0.0172900
25 0.2725377 0.6376088 0.0277428 0.0172900
2 0.4856525 0.6376088 0.0277428 0.0172900
4 0.2031807 0.6998531 0.0277428 0.0172901
22 0.2725377 0.6998531 0.0277428 0.0172901
29 0.3444167 0.6998531 0.0277427 0.0172901
11 0.4150346 0.6998531 0.0277428 0.0172901
16 0.4856525 0.6998531 0.0277428 0.0172901
26 0.0619448 0.6376088 0.0277428 0.0172900
1 0.4150346 0.5131202 0.0277428 0.0172901
8 0.4150346 0.6376088 0.0277428 0.0172900
17 0.3444167 0.5753644 0.0277427 0.0172901
10 0.2725377 0.3886316 0.0277428 0.0172901
26 0.0619448 0.6998531 0.0277428 0.0172901
2 0.3444167 0.6376088 0.0277427 0.0172900
3 0.1325628 0.6998531 0.0277428 0.0172901
5 0.1325628 0.4508759 0.0277428 0.0172901
16 0.4856525 0.3886316 0.0277428 0.0172901
