26 0.4476735 0.4510719 0.0267259 0.0174773
25 0.5825177 0.2623178 0.0267258 0.0174772
32 0.5855547 0.3933970 0.4919989 0.4474173
33 0.5843398 0.1999822 0.4458360 0.0163121
31 0.3796441 0.2623178 0.0267258 0.0174772
23 0.4476735 0.2623178 0.0267259 0.0174772
22 0.5157030 0.2623178 0.0267259 0.0174772
29 0.6517619 0.2623178 0.0267258 0.0174772
21 0.7197914 0.2623178 0.0267258 0.0174772
4 0.4476735 0.3252358 0.0267259 0.0174772
11 0.5157030 0.3252358 0.0267259 0.0174772
8 0.5825177 0.3252358 0.0267258 0.0174772
6 0.7197914 0.3252358 0.0267258 0.0174772
3 0.7878209 0.3252358 0.0267258 0.0174772
15 0.3796441 0.3881539 0.0267258 0.0174772
1 0.4476735 0.3881539 0.0267259 0.0174772
24 0.5157030 0.3881539 0.0267259 0.0174772
17 0.5825177 0.3881539 0.0267258 0.0174772
19 0.6517619 0.3881539 0.0267258 0.0174772
10 0.7878209 0.3881539 0.0267258 0.0174772
14 0.3796441 0.4510719 0.0267258 0.0174773
34 0.5825177 0.4504894 0.0631702 0.0629180
5 0.5825177 0.4510719 0.0267258 0.0174773
16 0.7197914 0.4510719 0.0267258 0.0174773
7 0.7878209 0.4510719 0.0267258 0.0174773
18 0.3796441 0.5139900 0.0267258 0.0174772
26 0.4476735 0.5139900 0.0267259 0.0174772
5 0.5157030 0.5139900 0.0267259 0.0174772
13 0.5825177 0.5139900 0.0267258 0.0174772
20 0.6517619 0.5139900 0.0267258 0.0174772
12 0.7197914 0.5139900 0.0267258 0.0174772
25 0.7878209 0.5139900 0.0267258 0.0174772
2 0.3796441 0.5769081 0.0267258 0.0174773
27 0.5157030 0.5769081 0.0267259 0.0174773
9 0.6517619 0.5769081 0.0267258 0.0174773
26 0.4476735 0.5769081 0.0267259 0.0174773
6 0.7197914 0.5769081 0.0267258 0.0174773
9 0.7878209 0.5769081 0.0267258 0.0174773
24 0.6517619 0.4510719 0.0267258 0.0174773
30 0.5157030 0.4510719 0.0267259 0.0174773
6 0.3796441 0.3252358 0.0267258 0.0174772
26 0.6517619 0.3252358 0.0267258 0.0174772
15 0.7197914 0.3881539 0.0267258 0.0174772
11 0.7878209 0.2623178 0.0267258 0.0174772
13 0.5825177 0.5769081 0.0267258 0.0174773
