7 0.3408935 0.5232552 0.0277524 0.0162742
13 0.3408935 0.4060813 0.0277524 0.0162741
32 0.2721432 0.3523766 0.5108968 0.4166183
33 0.2708817 0.1722760 0.4629607 0.0151892
30 0.0583235 0.2303205 0.0277524 0.0162741
6 0.1289660 0.2303205 0.0277524 0.0162741
16 0.1996085 0.2303205 0.0277524 0.0162741
25 0.2689895 0.2303205 0.0277524 0.0162741
1 0.3408935 0.2303205 0.0277524 0.0162741
7 0.4821785 0.2303205 0.0277524 0.0162741
17 0.0583235 0.2889074 0.0277524 0.0162742
22 0.1289660 0.2889074 0.0277524 0.0162742
12 0.1996085 0.2889074 0.0277524 0.0162742
11 0.2689895 0.2889074 0.0277524 0.0162742
27 0.3408935 0.2889074 0.0277524 0.0162742
29 0.4115360 0.2889074 0.0277524 0.0162742
13 0.1289660 0.3474944 0.0277524 0.0162741
31 0.1996085 0.3474944 0.0277524 0.0162741
3 0.3408935 0.3474944 0.0277524 0.0162741
4 0.4115360 0.3474944 0.0277524 0.0162741
26 0.0583235 0.4060813 0.0277524 0.0162741
15 0.1289660 0.4060813 0.0277524 0.0162741
19 0.1996085 0.4060813 0.0277524 0.0162741
5 0.4115360 0.4060813 0.0277524 0.0162741
2 0.0583235 0.4646683 0.0277524 0.0162741
9 0.1289660 0.4646683 0.0277524 0.0162741
18 0.1996085 0.4646683 0.0277524 0.0162741
23 0.2689895 0.4646683 0.0277524 0.0162741
24 0.3408935 0.4646683 0.0277524 0.0162741
20 0.4821785 0.4646683 0.0277524 0.0162741
34 0.0583235 0.5227127 0.0655966 0.0585870
19 0.0583235 0.5232552 0.0277524 0.0162742
8 0.1289660 0.5232552 0.0277524 0.0162742
14 0.4115360 0.5232552 0.0277524 0.0162742
10 0.4821785 0.5232552 0.0277524 0.0162742
15 0.4115360 0.2303205 0.0277524 0.0162741
26 0.1996085 0.5232552 0.0277524 0.0162742
31 0.4821785 0.3474944 0.0277524 0.0162741
11 0.2689895 0.5232552 0.0277524 0.0162742
4 0.4821785 0.2889074 0.0277524 0.0162742
28 0.2689895 0.3474944 0.0277524 0.0162741
1 0.2689895 0.4060813 0.0277524 0.0162741
6 0.0583235 0.3474944 0.0277524 0.0162741
28 0.4821785 0.4060813 0.0277524 0.0162741
27 0.4115360 0.4646683 0.0277524 0.0162741
