7 0.5173501 0.4015214 0.0262621 0.0161703
3 0.5841992 0.4015214 0.0262622 0.0161703
32 0.3854426 0.3481594 0.4834621 0.4139598
33 0.3842488 0.1692080 0.4381002 0.0150923
12 0.1831047 0.2268821 0.0262621 0.0161703
11 0.3824582 0.2268821 0.0262621 0.0161703
26 0.4505011 0.2268821 0.0262621 0.0161703
4 0.1831047 0.2850952 0.0262621 0.0161703
6 0.2499538 0.2850952 0.0262621 0.0161703
3 0.3168029 0.2850952 0.0262621 0.0161703
16 0.3824582 0.2850952 0.0262621 0.0161703
30 0.4505011 0.2850952 0.0262621 0.0161703
14 0.5173501 0.2850952 0.0262621 0.0161703
2 0.1831047 0.3433083 0.0262621 0.0161703
27 0.2499538 0.3433083 0.0262621 0.0161703
18 0.3824582 0.3433083 0.0262621 0.0161703
19 0.4505011 0.3433083 0.0262621 0.0161703
10 0.5173501 0.3433083 0.0262621 0.0161703
22 0.1831047 0.4015214 0.0262621 0.0161703
20 0.2499538 0.4015214 0.0262621 0.0161703
25 0.3168029 0.4015214 0.0262621 0.0161703
13 0.3824582 0.4015214 0.0262621 0.0161703
24 0.4505011 0.4015214 0.0262621 0.0161703
9 0.1831047 0.4597345 0.0262621 0.0161703
8 0.2499538 0.4597345 0.0262621 0.0161703
29 0.3824582 0.4597345 0.0262621 0.0161703
5 0.4505011 0.4597345 0.0262621 0.0161703
31 0.5173501 0.4597345 0.0262621 0.0161703
23 0.1831047 0.5179476 0.0262621 0.0161703
34 0.2493569 0.5174086 0.0608804 0.0582131
28 0.2499538 0.5179476 0.0262621 0.0161703
1 0.3824582 0.5179476 0.0262621 0.0161703
17 0.4505011 0.5179476 0.0262621 0.0161703
7 0.5173501 0.5179476 0.0262621 0.0161703
15 0.5841992 0.5179476 0.0262622 0.0161703
9 0.2499538 0.2268821 0.0262621 0.0161703
30 0.5841992 0.4597345 0.0262622 0.0161703
13 0.3168029 0.3433083 0.0262621 0.0161703
27 0.5841992 0.2850952 0.0262622 0.0161703
20 0.5841992 0.2268821 0.0262622 0.0161703
16 0.5173501 0.2268821 0.0262621 0.0161703
25 0.5841992 0.3433083 0.0262622 0.0161703
22 0.3168029 0.4597345 0.0262621 0.0161703
12 0.3168029 0.2268821 0.0262621 0.0161703
31 0.3168029 0.5179476 0.0262621 0.0161703
