13 0.3405929 0.4402789 0.0288019 0.0167528
29 0.2672791 0.4402789 0.0288019 0.0167528
32 0.4158705 0.3849947 0.5302161 0.4288714
33 0.4145613 0.1995972 0.4804675 0.0156360
2 0.1939652 0.2593488 0.0288019 0.0167528
19 0.4872206 0.2593488 0.0288019 0.0167528
23 0.5605344 0.2593488 0.0288019 0.0167528
18 0.6338483 0.2593488 0.0288019 0.0167528
8 0.2672791 0.3196588 0.0288019 0.0167528
25 0.3405929 0.3196588 0.0288019 0.0167528
22 0.4125976 0.3196588 0.0288019 0.0167528
26 0.5605344 0.3196588 0.0288019 0.0167528
6 0.6338483 0.3196588 0.0288019 0.0167528
3 0.1939652 0.3799689 0.0288019 0.0167528
15 0.4125976 0.3799689 0.0288019 0.0167528
7 0.4872206 0.3799689 0.0288019 0.0167528
12 0.5605344 0.3799689 0.0288019 0.0167528
27 0.6338483 0.3799689 0.0288019 0.0167528
16 0.1939652 0.4402789 0.0288019 0.0167528
11 0.4125976 0.4402789 0.0288019 0.0167528
34 0.4865660 0.4397205 0.0693863 0.0603101
3 0.4872206 0.4402789 0.0288019 0.0167528
20 0.5605344 0.4402789 0.0288019 0.0167528
29 0.6338483 0.4402789 0.0288019 0.0167528
10 0.1939652 0.5005890 0.0288019 0.0167528
30 0.2672791 0.5005890 0.0288019 0.0167528
31 0.3405929 0.5005890 0.0288019 0.0167528
24 0.4125976 0.5005890 0.0288019 0.0167528
9 0.4872206 0.5005890 0.0288019 0.0167528
14 0.6338483 0.5005890 0.0288019 0.0167528
17 0.1939652 0.5608990 0.0288019 0.0167528
4 0.2672791 0.5608990 0.0288019 0.0167528
13 0.3405929 0.5608990 0.0288019 0.0167528
1 0.4872206 0.5608990 0.0288019 0.0167528
5 0.6338483 0.5608990 0.0288019 0.0167528
3 0.4872206 0.3196588 0.0288019 0.0167528
22 0.1939652 0.3196588 0.0288019 0.0167528
26 0.2672791 0.2593488 0.0288019 0.0167528
17 0.3405929 0.2593488 0.0288019 0.0167528
31 0.5605344 0.5608990 0.0288019 0.0167528
4 0.2672791 0.3799689 0.0288019 0.0167528
13 0.5605344 0.5005890 0.0288019 0.0167528
25 0.3405929 0.3799689 0.0288019 0.0167528
27 0.4125976 0.2593488 0.0288019 0.0167528
4 0.4125976 0.5608990 0.0288019 0.0167528
