9 0.5603376 0.8101410 0.0281161 0.0168431
21 0.3456324 0.6282357 0.0281161 0.0168431
32 0.4906862 0.6332887 0.5175929 0.4311828
33 0.4894082 0.4468920 0.4690286 0.0157202
31 0.2740639 0.5069656 0.0281162 0.0168431
24 0.3456324 0.5069656 0.0281161 0.0168431
19 0.4172008 0.5069656 0.0281161 0.0168431
4 0.5603376 0.5069656 0.0281161 0.0168431
22 0.6319060 0.5069656 0.0281161 0.0168431
25 0.7034744 0.5069656 0.0281161 0.0168431
15 0.2740639 0.5676007 0.0281162 0.0168431
7 0.6319060 0.5676007 0.0281161 0.0168431
23 0.7034744 0.5676007 0.0281161 0.0168431
12 0.2740639 0.6282357 0.0281162 0.0168431
10 0.4172008 0.6282357 0.0281161 0.0168431
18 0.4874911 0.6282357 0.0281161 0.0168431
11 0.7034744 0.6282357 0.0281161 0.0168431
27 0.2740639 0.6888708 0.0281162 0.0168430
3 0.3456324 0.6888708 0.0281161 0.0168430
16 0.4172008 0.6888708 0.0281161 0.0168430
6 0.4874911 0.6888708 0.0281161 0.0168430
30 0.5603376 0.6888708 0.0281161 0.0168430
29 0.6319060 0.6888708 0.0281161 0.0168430
21 0.7034744 0.6888708 0.0281161 0.0168430
1 0.2740639 0.7495060 0.0281162 0.0168431
17 0.3456324 0.7495060 0.0281161 0.0168431
8 0.4172008 0.7495060 0.0281161 0.0168431
26 0.4874911 0.7495060 0.0281161 0.0168431
14 0.2740639 0.8101410 0.0281162 0.0168431
5 0.3456324 0.8101410 0.0281161 0.0168431
34 0.4172008 0.8095795 0.0664563 0.0606350
24 0.4172008 0.8101410 0.0281161 0.0168431
2 0.4874911 0.8101410 0.0281161 0.0168431
9 0.6319060 0.8101410 0.0281161 0.0168431
20 0.7034744 0.8101410 0.0281161 0.0168431
25 0.6319060 0.7495060 0.0281161 0.0168431
28 0.4172008 0.5676007 0.0281161 0.0168431
16 0.7034744 0.7495060 0.0281161 0.0168431
28 0.4874911 0.5676007 0.0281161 0.0168431
14 0.6319060 0.6282357 0.0281161 0.0168431
18 0.4874911 0.5069656 0.0281161 0.0168431
2 0.3456324 0.5676007 0.0281161 0.0168431
15 0.5603376 0.7495060 0.0281161 0.0168431
13 0.5603376 0.6282357 0.0281161 0.0168431
14 0.5603376 0.5676007 0.0281161 0.0168431
