6 0.5364850 0.2860522 0.0274524 0.0172318
3 0.1870903 0.4101208 0.0274524 0.0172318
32 0.3287199 0.4152903 0.5053744 0.4411329
33 0.3274721 0.2245923 0.4579565 0.0160830
19 0.1870903 0.2860522 0.0274524 0.0172318
31 0.2569693 0.2860522 0.0274524 0.0172318
7 0.3256004 0.2860522 0.0274524 0.0172318
25 0.3967271 0.2860522 0.0274524 0.0172318
16 0.4666061 0.2860522 0.0274524 0.0172318
24 0.1172114 0.3480865 0.0274524 0.0172318
27 0.1870903 0.3480865 0.0274524 0.0172318
18 0.2569693 0.3480865 0.0274524 0.0172318
26 0.3256004 0.3480865 0.0274524 0.0172318
8 0.3967271 0.3480865 0.0274524 0.0172318
15 0.4666061 0.3480865 0.0274524 0.0172318
2 0.5364850 0.3480865 0.0274524 0.0172318
34 0.2569693 0.4095464 0.0648876 0.0620343
3 0.2569693 0.4101208 0.0274524 0.0172318
13 0.3256004 0.4101208 0.0274524 0.0172318
12 0.3967271 0.4101208 0.0274524 0.0172318
9 0.5364850 0.4101208 0.0274524 0.0172318
11 0.1172114 0.4721551 0.0274524 0.0172318
17 0.1870903 0.4721551 0.0274524 0.0172318
3 0.2569693 0.4721551 0.0274524 0.0172318
29 0.3256004 0.4721551 0.0274524 0.0172318
1 0.3967271 0.4721551 0.0274524 0.0172318
4 0.5364850 0.4721551 0.0274524 0.0172318
20 0.1172114 0.5341895 0.0274524 0.0172317
30 0.1870903 0.5341895 0.0274524 0.0172317
14 0.3256004 0.5341895 0.0274524 0.0172317
23 0.3967271 0.5341895 0.0274524 0.0172317
21 0.5364850 0.5341895 0.0274524 0.0172317
5 0.2569693 0.5962238 0.0274524 0.0172317
10 0.3256004 0.5962238 0.0274524 0.0172317
6 0.4666061 0.5962238 0.0274524 0.0172317
26 0.4666061 0.4721551 0.0274524 0.0172318
10 0.1172114 0.5962238 0.0274524 0.0172317
24 0.4666061 0.4101208 0.0274524 0.0172318
22 0.1172114 0.2860522 0.0274524 0.0172318
26 0.5364850 0.5962238 0.0274524 0.0172317
13 0.1870903 0.5962238 0.0274524 0.0172317
30 0.4666061 0.5341895 0.0274524 0.0172317
6 0.3967271 0.5962238 0.0274524 0.0172317
27 0.2569693 0.5341895 0.0274524 0.0172317
21 0.1172114 0.4101208 0.0274524 0.0172318
