7 0.4144030 0.3912008 0.0277447 0.0164375
1 0.5556485 0.5095508 0.0277446 0.0164375
32 0.4869175 0.5144821 0.5107537 0.4208002
33 0.4856564 0.3325737 0.4628311 0.0153417
17 0.2731576 0.3912008 0.0277447 0.0164375
13 0.3437803 0.3912008 0.0277446 0.0164375
15 0.4837646 0.3912008 0.0277446 0.0164375
26 0.6968939 0.3912008 0.0277447 0.0164375
23 0.4144030 0.4503758 0.0277447 0.0164375
24 0.6262712 0.4503758 0.0277447 0.0164375
34 0.6968939 0.4498279 0.0655782 0.0591750
13 0.6968939 0.4503758 0.0277447 0.0164375
30 0.2731576 0.5095508 0.0277447 0.0164375
8 0.3437803 0.5095508 0.0277446 0.0164375
22 0.4144030 0.5095508 0.0277447 0.0164375
27 0.4837646 0.5095508 0.0277446 0.0164375
1 0.6262712 0.5095508 0.0277447 0.0164375
5 0.6968939 0.5095508 0.0277447 0.0164375
20 0.2731576 0.5687259 0.0277447 0.0164375
12 0.3437803 0.5687259 0.0277446 0.0164375
25 0.4144030 0.5687259 0.0277447 0.0164375
14 0.4837646 0.5687259 0.0277446 0.0164375
18 0.5556485 0.5687259 0.0277446 0.0164375
3 0.6262712 0.5687259 0.0277447 0.0164375
2 0.6968939 0.5687259 0.0277447 0.0164375
9 0.2731576 0.6279009 0.0277447 0.0164375
11 0.4144030 0.6279009 0.0277447 0.0164375
21 0.4837646 0.6279009 0.0277446 0.0164375
7 0.6262712 0.6279009 0.0277447 0.0164375
19 0.6968939 0.6279009 0.0277447 0.0164375
16 0.2731576 0.6870759 0.0277447 0.0164375
31 0.3437803 0.6870759 0.0277446 0.0164375
4 0.5556485 0.6870759 0.0277446 0.0164375
29 0.6262712 0.6870759 0.0277447 0.0164375
6 0.6968939 0.6870759 0.0277447 0.0164375
7 0.4837646 0.6870759 0.0277446 0.0164375
28 0.6262712 0.3912008 0.0277447 0.0164375
4 0.5556485 0.6279009 0.0277446 0.0164375
9 0.4144030 0.6870759 0.0277447 0.0164375
20 0.4837646 0.4503758 0.0277446 0.0164375
9 0.3437803 0.6279009 0.0277446 0.0164375
25 0.5556485 0.4503758 0.0277446 0.0164375
27 0.3437803 0.4503758 0.0277446 0.0164375
12 0.2731576 0.4503758 0.0277447 0.0164375
29 0.5556485 0.3912008 0.0277446 0.0164375
