17 0.3699300 0.5786729 0.0262848 0.0163085
30 0.3018286 0.4612518 0.0262847 0.0163085
32 0.3048155 0.5835654 0.4838782 0.4174971
33 0.3036207 0.4030849 0.4384773 0.0152213
9 0.1023035 0.4612518 0.0262847 0.0163085
21 0.1692101 0.4612518 0.0262847 0.0163085
8 0.2361167 0.4612518 0.0262847 0.0163085
1 0.1023035 0.5199623 0.0262847 0.0163085
18 0.1692101 0.5199623 0.0262847 0.0163085
23 0.2361167 0.5199623 0.0262847 0.0163085
30 0.3699300 0.5199623 0.0262848 0.0163085
12 0.4368365 0.5199623 0.0262848 0.0163085
10 0.1023035 0.5786729 0.0262847 0.0163085
11 0.1692101 0.5786729 0.0262847 0.0163085
22 0.2361167 0.5786729 0.0262847 0.0163085
24 0.3018286 0.5786729 0.0262847 0.0163085
4 0.4368365 0.5786729 0.0262848 0.0163085
34 0.5037432 0.5781293 0.0621276 0.0587106
22 0.5037432 0.5786729 0.0262847 0.0163085
19 0.1023035 0.6373834 0.0262847 0.0163085
6 0.2361167 0.6373834 0.0262847 0.0163085
13 0.3018286 0.6373834 0.0262847 0.0163085
31 0.3699300 0.6373834 0.0262848 0.0163085
27 0.4368365 0.6373834 0.0262848 0.0163085
26 0.5037432 0.6373834 0.0262847 0.0163085
2 0.1023035 0.6960940 0.0262847 0.0163085
15 0.1692101 0.6960940 0.0262847 0.0163085
17 0.2361167 0.6960940 0.0262847 0.0163085
14 0.4368365 0.6960940 0.0262848 0.0163085
25 0.5037432 0.6960940 0.0262847 0.0163085
7 0.1023035 0.7548045 0.0262847 0.0163085
3 0.2361167 0.7548045 0.0262847 0.0163085
29 0.3018286 0.7548045 0.0262847 0.0163085
20 0.3699300 0.7548045 0.0262848 0.0163085
5 0.4368365 0.7548045 0.0262848 0.0163085
31 0.4368365 0.4612518 0.0262848 0.0163085
17 0.1692101 0.7548045 0.0262847 0.0163085
10 0.3699300 0.6960940 0.0262848 0.0163085
9 0.1692101 0.6373834 0.0262847 0.0163085
11 0.5037432 0.4612518 0.0262847 0.0163085
9 0.3018286 0.6960940 0.0262847 0.0163085
21 0.3699300 0.4612518 0.0262848 0.0163085
21 0.3018286 0.5199623 0.0262847 0.0163085
15 0.5037432 0.7548045 0.0262847 0.0163085
25 0.5037432 0.5199623 0.0262847 0.0163085
