27 0.4484285 0.5163761 0.0271003 0.0170321
16 0.5876254 0.4550605 0.0271003 0.0170321
32 0.4515080 0.5828012 0.4988913 0.4360216
33 0.4502762 0.3943127 0.4520818 0.0158966
2 0.2427128 0.4550605 0.0271003 0.0170321
15 0.3116953 0.4550605 0.0271003 0.0170321
16 0.3806778 0.4550605 0.0271003 0.0170321
3 0.4484285 0.4550605 0.0271003 0.0170321
20 0.5186428 0.4550605 0.0271003 0.0170321
18 0.3116953 0.5163761 0.0271003 0.0170321
24 0.3806778 0.5163761 0.0271003 0.0170321
6 0.5186428 0.5163761 0.0271003 0.0170321
23 0.5876254 0.5163761 0.0271003 0.0170321
11 0.6566078 0.5163761 0.0271002 0.0170321
19 0.2427128 0.5776917 0.0271003 0.0170321
4 0.3806778 0.5776917 0.0271003 0.0170321
13 0.6566078 0.5776917 0.0271002 0.0170321
10 0.2427128 0.6390072 0.0271003 0.0170321
21 0.3116953 0.6390072 0.0271003 0.0170321
17 0.5186428 0.6390072 0.0271003 0.0170321
26 0.5876254 0.6390072 0.0271003 0.0170321
31 0.6566078 0.6390072 0.0271002 0.0170321
29 0.2427128 0.7003227 0.0271003 0.0170321
30 0.3806778 0.7003227 0.0271003 0.0170321
25 0.4484285 0.7003227 0.0271003 0.0170321
1 0.5876254 0.7003227 0.0271003 0.0170321
14 0.6566078 0.7003227 0.0271002 0.0170321
8 0.2427128 0.7616382 0.0271003 0.0170321
12 0.3116953 0.7616382 0.0271003 0.0170321
7 0.3806778 0.7616382 0.0271003 0.0170321
9 0.4484285 0.7616382 0.0271003 0.0170321
34 0.5180269 0.7610705 0.0652870 0.0613155
20 0.5186428 0.7616382 0.0271003 0.0170321
27 0.5876254 0.7616382 0.0271003 0.0170321
5 0.6566078 0.7616382 0.0271002 0.0170321
7 0.6566078 0.4550605 0.0271002 0.0170321
19 0.4484285 0.6390072 0.0271003 0.0170321
18 0.3116953 0.7003227 0.0271003 0.0170321
29 0.5186428 0.5776917 0.0271003 0.0170321
11 0.4484285 0.5776917 0.0271003 0.0170321
3 0.3806778 0.6390072 0.0271003 0.0170321
6 0.3116953 0.5776917 0.0271003 0.0170321
14 0.5876254 0.5776917 0.0271003 0.0170321
17 0.2427128 0.5163761 0.0271003 0.0170321
3 0.5186428 0.7003227 0.0271003 0.0170321
