3 0.6874012 0.5173196 0.0269649 0.0161878
18 0.6874012 0.6921476 0.0269649 0.0161877
32 0.6206019 0.5804519 0.4963988 0.4144071
33 0.6193762 0.4013072 0.4498231 0.0151086
17 0.4814877 0.4590436 0.0269649 0.0161878
3 0.5501255 0.4590436 0.0269649 0.0161878
4 0.6175377 0.4590436 0.0269649 0.0161878
16 0.6874012 0.4590436 0.0269649 0.0161878
31 0.7560390 0.4590436 0.0269649 0.0161878
26 0.8246769 0.4590436 0.0269649 0.0161878
13 0.4128498 0.5173196 0.0269649 0.0161878
2 0.6175377 0.5173196 0.0269649 0.0161878
1 0.7560390 0.5173196 0.0269649 0.0161878
15 0.8246769 0.5173196 0.0269649 0.0161878
34 0.4808748 0.5750560 0.0625095 0.0582760
5 0.4814877 0.5755956 0.0269649 0.0161878
5 0.6175377 0.5755956 0.0269649 0.0161878
8 0.6874012 0.5755956 0.0269649 0.0161878
25 0.7560390 0.5755956 0.0269649 0.0161878
7 0.8246769 0.5755956 0.0269649 0.0161878
12 0.4128498 0.6338716 0.0269649 0.0161877
11 0.4814877 0.6338716 0.0269649 0.0161877
20 0.5501255 0.6338716 0.0269649 0.0161877
6 0.6175377 0.6338716 0.0269649 0.0161877
19 0.6874012 0.6338716 0.0269649 0.0161877
21 0.8246769 0.6338716 0.0269649 0.0161877
10 0.5501255 0.6921476 0.0269649 0.0161877
29 0.6175377 0.6921476 0.0269649 0.0161877
27 0.8246769 0.6921476 0.0269649 0.0161877
14 0.4128498 0.7504236 0.0269649 0.0161878
9 0.5501255 0.7504236 0.0269649 0.0161878
30 0.6175377 0.7504236 0.0269649 0.0161878
24 0.6874012 0.7504236 0.0269649 0.0161878
22 0.7560390 0.7504236 0.0269649 0.0161878
23 0.8246769 0.7504236 0.0269649 0.0161878
19 0.4128498 0.6921476 0.0269649 0.0161877
22 0.4128498 0.5755956 0.0269649 0.0161878
10 0.4814877 0.6921476 0.0269649 0.0161877
14 0.4814877 0.7504236 0.0269649 0.0161878
4 0.7560390 0.6921476 0.0269649 0.0161877
25 0.7560390 0.6338716 0.0269649 0.0161877
25 0.5501255 0.5173196 0.0269649 0.0161878
22 0.4814877 0.5173196 0.0269649 0.0161878
17 0.4128498 0.4590436 0.0269649 0.0161878
17 0.5501255 0.5755956 0.0269649 0.0161878
