24 0.5139165 0.3868942 0.0279767 0.0172173
10 0.3714895 0.6968053 0.0279768 0.0172173
32 0.3021835 0.5160238 0.5150262 0.4407625
33 0.3009119 0.3254859 0.4667028 0.0160695
25 0.0866355 0.3868942 0.0279767 0.0172173
23 0.1578490 0.3868942 0.0279767 0.0172173
12 0.2290625 0.3868942 0.0279767 0.0172173
3 0.2990044 0.3868942 0.0279767 0.0172173
22 0.4427030 0.3868942 0.0279767 0.0172173
1 0.1578490 0.4488764 0.0279767 0.0172173
5 0.2290625 0.4488764 0.0279767 0.0172173
27 0.2990044 0.4488764 0.0279767 0.0172173
20 0.4427030 0.4488764 0.0279767 0.0172173
15 0.5139165 0.4488764 0.0279767 0.0172173
13 0.1578490 0.5108586 0.0279767 0.0172173
9 0.2990044 0.5108586 0.0279767 0.0172173
7 0.3714895 0.5108586 0.0279768 0.0172173
24 0.5139165 0.5108586 0.0279767 0.0172173
8 0.0866355 0.5728408 0.0279767 0.0172173
19 0.1578490 0.5728408 0.0279767 0.0172173
31 0.2290625 0.5728408 0.0279767 0.0172173
30 0.2990044 0.5728408 0.0279767 0.0172173
16 0.3714895 0.5728408 0.0279768 0.0172173
6 0.4427030 0.5728408 0.0279767 0.0172173
10 0.0866355 0.6348231 0.0279767 0.0172173
14 0.1578490 0.6348231 0.0279767 0.0172173
17 0.2290625 0.6348231 0.0279767 0.0172173
11 0.3714895 0.6348231 0.0279768 0.0172173
34 0.4420672 0.6342491 0.0648552 0.0619822
7 0.4427030 0.6348231 0.0279767 0.0172173
4 0.5139165 0.6348231 0.0279767 0.0172173
18 0.2290625 0.6968053 0.0279767 0.0172173
29 0.2990044 0.6968053 0.0279767 0.0172173
2 0.4427030 0.6968053 0.0279767 0.0172173
21 0.5139165 0.6968053 0.0279767 0.0172173
31 0.1578490 0.6968053 0.0279767 0.0172173
27 0.2290625 0.5108586 0.0279767 0.0172173
13 0.0866355 0.6968053 0.0279767 0.0172173
24 0.0866355 0.5108586 0.0279767 0.0172173
30 0.3714895 0.4488764 0.0279768 0.0172173
28 0.4427030 0.5108586 0.0279767 0.0172173
30 0.2990044 0.6348231 0.0279767 0.0172173
8 0.5139165 0.5728408 0.0279767 0.0172173
25 0.3714895 0.3868942 0.0279768 0.0172173
27 0.0866355 0.4488764 0.0279767 0.0172173
