18 0.5284405 0.3117175 0.0264838 0.0159707
1 0.3249968 0.4267063 0.0264838 0.0159707
32 0.3280063 0.4314975 0.4875425 0.4088490
33 0.3268025 0.2547555 0.4417978 0.0149059
19 0.1239607 0.3117175 0.0264838 0.0159707
4 0.1913740 0.3117175 0.0264838 0.0159707
11 0.2587873 0.3117175 0.0264838 0.0159707
29 0.3249968 0.3117175 0.0264838 0.0159707
12 0.3936139 0.3117175 0.0264838 0.0159707
26 0.4610271 0.3117175 0.0264838 0.0159707
1 0.1239607 0.3692119 0.0264838 0.0159707
8 0.1913740 0.3692119 0.0264838 0.0159707
6 0.2587873 0.3692119 0.0264838 0.0159707
3 0.3249968 0.3692119 0.0264838 0.0159707
18 0.4610271 0.3692119 0.0264838 0.0159707
7 0.1239607 0.4267063 0.0264838 0.0159707
27 0.2587873 0.4267063 0.0264838 0.0159707
23 0.4610271 0.4267063 0.0264838 0.0159707
14 0.5284405 0.4267063 0.0264838 0.0159707
21 0.1913740 0.4842007 0.0264838 0.0159707
16 0.2587873 0.4842007 0.0264838 0.0159707
31 0.3249968 0.4842007 0.0264838 0.0159707
20 0.5284405 0.4842007 0.0264838 0.0159707
13 0.1239607 0.5416950 0.0264838 0.0159707
9 0.1913740 0.5416950 0.0264838 0.0159707
25 0.2587873 0.5416950 0.0264838 0.0159707
22 0.3936139 0.5416950 0.0264838 0.0159707
30 0.4610271 0.5416950 0.0264838 0.0159707
5 0.1239607 0.5991895 0.0264838 0.0159707
15 0.1913740 0.5991895 0.0264838 0.0159707
34 0.2587873 0.5986571 0.0625980 0.0574944
20 0.2587873 0.5991895 0.0264838 0.0159707
24 0.3936139 0.5991895 0.0264838 0.0159707
2 0.4610271 0.5991895 0.0264838 0.0159707
17 0.5284405 0.5991895 0.0264838 0.0159707
21 0.1239607 0.4842007 0.0264838 0.0159707
17 0.4610271 0.4842007 0.0264838 0.0159707
1 0.3249968 0.5416950 0.0264838 0.0159707
29 0.5284405 0.3692119 0.0264838 0.0159707
7 0.3249968 0.5991895 0.0264838 0.0159707
24 0.1913740 0.4267063 0.0264838 0.0159707
31 0.3936139 0.3692119 0.0264838 0.0159707
4 0.3936139 0.4842007 0.0264838 0.0159707
28 0.3936139 0.4267063 0.0264838 0.0159707
8 0.5284405 0.5416950 0.0264838 0.0159707
