2 0.3408054 0.4654609 0.0265160 0.0165642
17 0.4745907 0.4654609 0.0265160 0.0165642
32 0.4776038 0.4107991 0.4881355 0.4240432
33 0.4763986 0.2274888 0.4423351 0.0154599
12 0.2733101 0.2865677 0.0265160 0.0165642
21 0.3408054 0.2865677 0.0265160 0.0165642
29 0.4083007 0.2865677 0.0265160 0.0165642
34 0.4745907 0.2860156 0.0626742 0.0596311
2 0.4745907 0.2865677 0.0265160 0.0165642
8 0.5432912 0.2865677 0.0265160 0.0165642
13 0.6107865 0.2865677 0.0265160 0.0165642
22 0.6782818 0.2865677 0.0265160 0.0165642
24 0.2733101 0.3461988 0.0265160 0.0165642
18 0.3408054 0.3461988 0.0265160 0.0165642
9 0.4083007 0.3461988 0.0265160 0.0165642
20 0.6782818 0.3461988 0.0265160 0.0165642
11 0.2733101 0.4058298 0.0265160 0.0165642
4 0.4083007 0.4058298 0.0265160 0.0165642
19 0.4745907 0.4058298 0.0265160 0.0165642
23 0.5432912 0.4058298 0.0265160 0.0165642
1 0.6107865 0.4058298 0.0265160 0.0165642
3 0.6782818 0.4058298 0.0265160 0.0165642
31 0.4083007 0.4654609 0.0265160 0.0165642
6 0.5432912 0.4654609 0.0265160 0.0165642
7 0.6107865 0.4654609 0.0265160 0.0165642
17 0.6782818 0.4654609 0.0265160 0.0165642
5 0.2733101 0.5250920 0.0265160 0.0165641
2 0.3408054 0.5250920 0.0265160 0.0165641
14 0.4083007 0.5250920 0.0265160 0.0165641
16 0.4745907 0.5250920 0.0265160 0.0165641
30 0.5432912 0.5250920 0.0265160 0.0165641
10 0.2733101 0.5847231 0.0265160 0.0165641
26 0.3408054 0.5847231 0.0265160 0.0165641
25 0.4745907 0.5847231 0.0265160 0.0165641
15 0.6107865 0.5847231 0.0265160 0.0165641
8 0.5432912 0.5847231 0.0265160 0.0165641
25 0.3408054 0.4058298 0.0265160 0.0165642
28 0.2733101 0.4654609 0.0265160 0.0165642
12 0.4745907 0.3461988 0.0265160 0.0165642
29 0.6107865 0.3461988 0.0265160 0.0165642
27 0.4083007 0.5847231 0.0265160 0.0165641
21 0.6782818 0.5847231 0.0265160 0.0165641
19 0.5432912 0.3461988 0.0265160 0.0165642
29 0.6782818 0.5250920 0.0265160 0.0165641
31 0.6107865 0.5250920 0.0265160 0.0165641
