19 0.3209031 0.2958689 0.0284625 0.0170387
12 0.4658028 0.2958689 0.0284625 0.0170387
32 0.2568139 0.3623199 0.5111278 0.4361910
33 0.2491000 0.1737582 0.4748056 0.0159028
3 0.0311034 0.2345296 0.0284625 0.0170387
27 0.1035533 0.2345296 0.0284625 0.0170387
7 0.1760032 0.2345296 0.0284625 0.0170387
24 0.2471594 0.2345296 0.0284625 0.0170387
6 0.3209031 0.2345296 0.0284625 0.0170387
2 0.3933530 0.2345296 0.0284625 0.0170387
25 0.0311034 0.2958689 0.0284625 0.0170387
23 0.1035533 0.2958689 0.0284625 0.0170387
12 0.2471594 0.2958689 0.0284625 0.0170387
26 0.3933530 0.2958689 0.0284625 0.0170387
30 0.0311034 0.3572083 0.0284625 0.0170387
34 0.1029065 0.3566403 0.0659812 0.0613393
17 0.1035533 0.3572083 0.0284625 0.0170387
14 0.1760032 0.3572083 0.0284625 0.0170387
11 0.2471594 0.3572083 0.0284625 0.0170387
13 0.3209031 0.3572083 0.0284625 0.0170387
18 0.3933530 0.3572083 0.0284625 0.0170387
16 0.4658028 0.3572083 0.0284625 0.0170387
4 0.1035533 0.4185476 0.0284625 0.0170387
19 0.1760032 0.4185476 0.0284625 0.0170387
22 0.2471594 0.4185476 0.0284625 0.0170387
9 0.3209031 0.4185476 0.0284625 0.0170387
29 0.3933530 0.4185476 0.0284625 0.0170387
8 0.0311034 0.4798869 0.0284625 0.0170387
15 0.1760032 0.4798869 0.0284625 0.0170387
31 0.2471594 0.4798869 0.0284625 0.0170387
5 0.3933530 0.4798869 0.0284625 0.0170387
17 0.4658028 0.4798869 0.0284625 0.0170387
10 0.0311034 0.5412263 0.0284625 0.0170387
1 0.2471594 0.5412263 0.0284625 0.0170387
21 0.4658028 0.5412263 0.0284625 0.0170387
24 0.3209031 0.5412263 0.0284625 0.0170387
1 0.4658028 0.4185476 0.0284625 0.0170387
28 0.1035533 0.4798869 0.0284625 0.0170387
13 0.0311034 0.4185476 0.0284625 0.0170387
30 0.1035533 0.5412263 0.0284625 0.0170387
9 0.4658028 0.2345296 0.0284625 0.0170387
25 0.1760032 0.2958689 0.0284625 0.0170387
2 0.3209031 0.4798869 0.0284625 0.0170387
10 0.3933530 0.5412263 0.0284625 0.0170387
30 0.1760032 0.5412263 0.0284625 0.0170387
