31 0.4469503 0.4476470 0.0269863 0.0164853
3 0.2408731 0.3883002 0.0269863 0.0164852
32 0.3800979 0.3932457 0.4967932 0.4220219
33 0.3788712 0.2108092 0.4501805 0.0153862
20 0.1721807 0.2696065 0.0269863 0.0164852
13 0.2408731 0.2696065 0.0269863 0.0164852
5 0.3095655 0.2696065 0.0269863 0.0164852
3 0.4469503 0.2696065 0.0269863 0.0164852
18 0.5156427 0.2696065 0.0269863 0.0164852
17 0.5843351 0.2696065 0.0269863 0.0164852
14 0.1721807 0.3289533 0.0269863 0.0164853
31 0.2408731 0.3289533 0.0269863 0.0164853
2 0.3095655 0.3289533 0.0269863 0.0164853
9 0.3770312 0.3289533 0.0269863 0.0164853
24 0.5843351 0.3289533 0.0269863 0.0164853
7 0.1721807 0.3883002 0.0269863 0.0164852
10 0.3770312 0.3883002 0.0269863 0.0164852
29 0.4469503 0.3883002 0.0269863 0.0164852
26 0.5156427 0.3883002 0.0269863 0.0164852
25 0.1721807 0.4476470 0.0269863 0.0164853
1 0.2408731 0.4476470 0.0269863 0.0164853
34 0.3770312 0.4470975 0.0637858 0.0593468
14 0.3770312 0.4476470 0.0269863 0.0164853
27 0.5843351 0.4476470 0.0269863 0.0164853
12 0.1721807 0.5069938 0.0269863 0.0164853
22 0.2408731 0.5069938 0.0269863 0.0164853
19 0.3095655 0.5069938 0.0269863 0.0164853
23 0.3770312 0.5069938 0.0269863 0.0164853
21 0.4469503 0.5069938 0.0269863 0.0164853
6 0.5156427 0.5069938 0.0269863 0.0164853
15 0.2408731 0.5663407 0.0269863 0.0164852
8 0.3095655 0.5663407 0.0269863 0.0164852
16 0.3770312 0.5663407 0.0269863 0.0164852
30 0.5156427 0.5663407 0.0269863 0.0164852
4 0.5843351 0.5663407 0.0269863 0.0164852
6 0.5843351 0.3883002 0.0269863 0.0164852
8 0.3770312 0.2696065 0.0269863 0.0164852
10 0.3095655 0.4476470 0.0269863 0.0164853
7 0.4469503 0.3289533 0.0269863 0.0164853
26 0.4469503 0.5663407 0.0269863 0.0164852
11 0.5156427 0.3289533 0.0269863 0.0164853
13 0.3095655 0.3883002 0.0269863 0.0164852
14 0.5843351 0.5069938 0.0269863 0.0164853
6 0.5156427 0.4476470 0.0269863 0.0164853
18 0.1721807 0.5663407 0.0269863 0.0164852
