22 0.8157964 0.6549374 0.0287548 0.0164031
28 0.3766327 0.6549374 0.0287548 0.0164031
32 0.5981750 0.6008070 0.5293490 0.4199209
33 0.5968681 0.4192787 0.4796817 0.0153096
4 0.3766327 0.4777833 0.0287548 0.0164032
34 0.4491731 0.4772365 0.0666588 0.0590514
1 0.4498267 0.4777833 0.0287548 0.0164032
16 0.5230206 0.4777833 0.0287548 0.0164032
13 0.5949075 0.4777833 0.0287548 0.0164032
20 0.6694085 0.4777833 0.0287547 0.0164032
17 0.7426024 0.4777833 0.0287548 0.0164032
23 0.8157964 0.4777833 0.0287548 0.0164032
9 0.3766327 0.5368347 0.0287548 0.0164032
5 0.4498267 0.5368347 0.0287548 0.0164032
22 0.5949075 0.5368347 0.0287548 0.0164032
19 0.6694085 0.5368347 0.0287547 0.0164032
10 0.8157964 0.5368347 0.0287548 0.0164032
27 0.3766327 0.5958861 0.0287548 0.0164032
30 0.4498267 0.5958861 0.0287548 0.0164032
1 0.5949075 0.5958861 0.0287548 0.0164032
2 0.7426024 0.5958861 0.0287548 0.0164032
7 0.6694085 0.6549374 0.0287547 0.0164031
14 0.7426024 0.6549374 0.0287548 0.0164031
31 0.3766327 0.7139888 0.0287548 0.0164031
25 0.5230206 0.7139888 0.0287548 0.0164031
21 0.5949075 0.7139888 0.0287548 0.0164031
26 0.6694085 0.7139888 0.0287547 0.0164031
6 0.7426024 0.7139888 0.0287548 0.0164031
12 0.8157964 0.7139888 0.0287548 0.0164031
29 0.3766327 0.7730402 0.0287548 0.0164031
18 0.4498267 0.7730402 0.0287548 0.0164031
24 0.5230206 0.7730402 0.0287548 0.0164031
11 0.5949075 0.7730402 0.0287548 0.0164031
8 0.6694085 0.7730402 0.0287547 0.0164031
3 0.8157964 0.7730402 0.0287548 0.0164031
3 0.5230206 0.5368347 0.0287548 0.0164032
24 0.5230206 0.6549374 0.0287548 0.0164031
7 0.7426024 0.7730402 0.0287548 0.0164031
1 0.4498267 0.7139888 0.0287548 0.0164031
10 0.8157964 0.5958861 0.0287548 0.0164032
4 0.7426024 0.5368347 0.0287548 0.0164032
16 0.6694085 0.5958861 0.0287547 0.0164032
16 0.4498267 0.6549374 0.0287548 0.0164031
13 0.5949075 0.6549374 0.0287548 0.0164031
7 0.5230206 0.5958861 0.0287548 0.0164032
