12 0.2559090 0.5255778 0.0278629 0.0172026
24 0.2559090 0.4636483 0.0278629 0.0172027
32 0.3996564 0.5926681 0.5129311 0.4403878
33 0.3983899 0.4022921 0.4648042 0.0160558
21 0.1849852 0.4636483 0.0278629 0.0172027
20 0.3268328 0.4636483 0.0278629 0.0172027
5 0.4686804 0.4636483 0.0278629 0.0172027
9 0.5396042 0.4636483 0.0278629 0.0172027
27 0.6105280 0.4636483 0.0278629 0.0172027
15 0.3268328 0.5255778 0.0278629 0.0172026
22 0.3964901 0.5255778 0.0278629 0.0172026
13 0.4686804 0.5255778 0.0278629 0.0172026
30 0.6105280 0.5255778 0.0278629 0.0172026
6 0.1849852 0.5875073 0.0278629 0.0172027
7 0.2559090 0.5875073 0.0278629 0.0172027
4 0.3268328 0.5875073 0.0278629 0.0172027
24 0.3964901 0.5875073 0.0278629 0.0172027
11 0.4686804 0.5875073 0.0278629 0.0172027
12 0.1849852 0.6494368 0.0278629 0.0172027
31 0.2559090 0.6494368 0.0278629 0.0172027
17 0.3268328 0.6494368 0.0278629 0.0172027
3 0.4686804 0.6494368 0.0278629 0.0172027
10 0.6105280 0.6494368 0.0278629 0.0172027
1 0.2559090 0.7113664 0.0278629 0.0172027
8 0.3268328 0.7113664 0.0278629 0.0172027
2 0.3964901 0.7113664 0.0278629 0.0172027
26 0.5396042 0.7113664 0.0278629 0.0172027
18 0.1849852 0.7732959 0.0278629 0.0172027
19 0.2559090 0.7732959 0.0278629 0.0172027
34 0.3268328 0.7727224 0.0658578 0.0619295
25 0.3268328 0.7732959 0.0278629 0.0172027
23 0.3964901 0.7732959 0.0278629 0.0172027
25 0.4686804 0.7732959 0.0278629 0.0172027
16 0.5396042 0.7732959 0.0278629 0.0172027
5 0.6105280 0.5875073 0.0278629 0.0172027
25 0.5396042 0.6494368 0.0278629 0.0172027
17 0.5396042 0.5255778 0.0278629 0.0172026
16 0.1849852 0.7113664 0.0278629 0.0172027
10 0.6105280 0.7732959 0.0278629 0.0172027
4 0.3964901 0.6494368 0.0278629 0.0172027
26 0.6105280 0.7113664 0.0278629 0.0172027
22 0.1849852 0.5255778 0.0278629 0.0172026
13 0.5396042 0.5875073 0.0278629 0.0172027
26 0.3964901 0.4636483 0.0278629 0.0172027
2 0.4686804 0.7113664 0.0278629 0.0172027
