12 0.3725669 0.3900401 0.0267111 0.0164165
5 0.2365829 0.3900401 0.0267112 0.0164165
32 0.4423801 0.3358658 0.4917281 0.4202613
33 0.4411660 0.1541904 0.4455906 0.0153220
30 0.2365829 0.2127424 0.0267112 0.0164165
16 0.3045749 0.2127424 0.0267112 0.0164165
13 0.5765430 0.2127424 0.0267112 0.0164165
34 0.2365829 0.2712944 0.0631355 0.0590993
8 0.2365829 0.2718416 0.0267112 0.0164164
18 0.3725669 0.2718416 0.0267111 0.0164164
11 0.4393448 0.2718416 0.0267112 0.0164164
29 0.5085510 0.2718416 0.0267112 0.0164164
1 0.5765430 0.2718416 0.0267112 0.0164164
8 0.6445351 0.2718416 0.0267112 0.0164164
21 0.3045749 0.3309409 0.0267112 0.0164164
15 0.4393448 0.3309409 0.0267112 0.0164164
7 0.5085510 0.3309409 0.0267112 0.0164164
2 0.5765430 0.3309409 0.0267112 0.0164164
27 0.6445351 0.3309409 0.0267112 0.0164164
31 0.3045749 0.3900401 0.0267112 0.0164165
5 0.4393448 0.3900401 0.0267112 0.0164165
3 0.5085510 0.3900401 0.0267112 0.0164165
17 0.5765430 0.3900401 0.0267112 0.0164165
24 0.2365829 0.4491394 0.0267112 0.0164165
14 0.3045749 0.4491394 0.0267112 0.0164165
9 0.4393448 0.4491394 0.0267112 0.0164165
10 0.5085510 0.4491394 0.0267112 0.0164165
23 0.5765430 0.4491394 0.0267112 0.0164165
12 0.6445351 0.4491394 0.0267112 0.0164165
4 0.3045749 0.5082386 0.0267112 0.0164164
25 0.4393448 0.5082386 0.0267112 0.0164164
26 0.5085510 0.5082386 0.0267112 0.0164164
6 0.5765430 0.5082386 0.0267112 0.0164164
22 0.6445351 0.5082386 0.0267112 0.0164164
16 0.3045749 0.2718416 0.0267112 0.0164164
14 0.2365829 0.3309409 0.0267112 0.0164164
3 0.5085510 0.2127424 0.0267112 0.0164165
1 0.6445351 0.2127424 0.0267112 0.0164165
22 0.4393448 0.2127424 0.0267112 0.0164165
1 0.3725669 0.4491394 0.0267111 0.0164165
10 0.3725669 0.3309409 0.0267111 0.0164164
11 0.2365829 0.5082386 0.0267112 0.0164164
9 0.3725669 0.5082386 0.0267111 0.0164164
12 0.6445351 0.3900401 0.0267112 0.0164165
28 0.3725669 0.2127424 0.0267111 0.0164165
