20 0.4449577 0.7956089 0.0264098 0.0168726
30 0.1760579 0.4919024 0.0264098 0.0168726
32 0.3795335 0.6184467 0.4861804 0.4319381
33 0.3783330 0.4317235 0.4405635 0.0157477
31 0.2432829 0.4919024 0.0264098 0.0168726
19 0.3105078 0.4919024 0.0264098 0.0168726
4 0.3765323 0.4919024 0.0264098 0.0168726
34 0.5794076 0.4913400 0.0624231 0.0607413
23 0.5794076 0.4919024 0.0264098 0.0168726
25 0.1760579 0.5526437 0.0264098 0.0168726
13 0.2432829 0.5526437 0.0264098 0.0168726
21 0.3105078 0.5526437 0.0264098 0.0168726
15 0.3765323 0.5526437 0.0264098 0.0168726
24 0.4449577 0.5526437 0.0264098 0.0168726
20 0.5121826 0.5526437 0.0264098 0.0168726
5 0.5794076 0.5526437 0.0264098 0.0168726
3 0.1760579 0.6133850 0.0264098 0.0168726
17 0.3105078 0.6133850 0.0264098 0.0168726
30 0.3765323 0.6133850 0.0264098 0.0168726
10 0.4449577 0.6133850 0.0264098 0.0168726
12 0.1760579 0.6741262 0.0264098 0.0168726
23 0.2432829 0.6741262 0.0264098 0.0168726
7 0.3105078 0.6741262 0.0264098 0.0168726
26 0.3765323 0.6741262 0.0264098 0.0168726
11 0.5794076 0.6741262 0.0264098 0.0168726
29 0.1760579 0.7348676 0.0264098 0.0168726
2 0.2432829 0.7348676 0.0264098 0.0168726
27 0.3765323 0.7348676 0.0264098 0.0168726
6 0.4449577 0.7348676 0.0264098 0.0168726
9 0.5121826 0.7348676 0.0264098 0.0168726
22 0.1760579 0.7956089 0.0264098 0.0168726
16 0.3765323 0.7956089 0.0264098 0.0168726
14 0.5121826 0.7956089 0.0264098 0.0168726
1 0.5794076 0.7956089 0.0264098 0.0168726
14 0.2432829 0.7956089 0.0264098 0.0168726
16 0.5121826 0.6741262 0.0264098 0.0168726
22 0.3105078 0.7956089 0.0264098 0.0168726
13 0.4449577 0.6741262 0.0264098 0.0168726
16 0.5794076 0.6133850 0.0264098 0.0168726
17 0.5121826 0.6133850 0.0264098 0.0168726
21 0.4449577 0.4919024 0.0264098 0.0168726
16 0.2432829 0.6133850 0.0264098 0.0168726
9 0.3105078 0.7348676 0.0264098 0.0168726
3 0.5794076 0.7348676 0.0264098 0.0168726
13 0.5121826 0.4919024 0.0264098 0.0168726
