9 0.5588107 0.7595106 0.0286344 0.0166534
27 0.5588107 0.4597492 0.0286344 0.0166534
32 0.4149878 0.5846498 0.5271338 0.4263274
33 0.4136862 0.4003520 0.4776743 0.0155432
11 0.1943725 0.4597492 0.0286344 0.0166534
8 0.4117339 0.4597492 0.0286344 0.0166534
5 0.4859231 0.4597492 0.0286344 0.0166534
24 0.6316983 0.4597492 0.0286344 0.0166534
4 0.2672602 0.5197015 0.0286344 0.0166534
27 0.3401478 0.5197015 0.0286344 0.0166534
12 0.4859231 0.5197015 0.0286344 0.0166534
22 0.5588107 0.5197015 0.0286344 0.0166534
23 0.6316983 0.5197015 0.0286344 0.0166534
9 0.1943725 0.5796538 0.0286344 0.0166534
3 0.3401478 0.5796538 0.0286344 0.0166534
6 0.4117339 0.5796538 0.0286344 0.0166534
1 0.6316983 0.5796538 0.0286344 0.0166534
29 0.1943725 0.6396061 0.0286344 0.0166534
31 0.2672602 0.6396061 0.0286344 0.0166534
25 0.4117339 0.6396061 0.0286344 0.0166534
14 0.4859231 0.6396061 0.0286344 0.0166534
30 0.5588107 0.6396061 0.0286344 0.0166534
17 0.6316983 0.6396061 0.0286344 0.0166534
20 0.1943725 0.6995584 0.0286344 0.0166534
2 0.2672602 0.6995584 0.0286344 0.0166534
10 0.3401478 0.6995584 0.0286344 0.0166534
21 0.4859231 0.6995584 0.0286344 0.0166534
7 0.5588107 0.6995584 0.0286344 0.0166534
15 0.6316983 0.6995584 0.0286344 0.0166534
16 0.1943725 0.7595106 0.0286344 0.0166534
34 0.3401478 0.7589556 0.0676814 0.0599523
28 0.3401478 0.7595106 0.0286344 0.0166534
26 0.4117339 0.7595106 0.0286344 0.0166534
19 0.6316983 0.7595106 0.0286344 0.0166534
24 0.1943725 0.5197015 0.0286344 0.0166534
8 0.5588107 0.5796538 0.0286344 0.0166534
5 0.4859231 0.7595106 0.0286344 0.0166534
10 0.4859231 0.5796538 0.0286344 0.0166534
14 0.2672602 0.5796538 0.0286344 0.0166534
20 0.4117339 0.6995584 0.0286344 0.0166534
2 0.2672602 0.7595106 0.0286344 0.0166534
11 0.3401478 0.4597492 0.0286344 0.0166534
29 0.4117339 0.5197015 0.0286344 0.0166534
9 0.2672602 0.4597492 0.0286344 0.0166534
4 0.3401478 0.6396061 0.0286344 0.0166534
