25 0.5385576 0.6070264 0.0271261 0.0169376
4 0.4682763 0.6680017 0.0271261 0.0169377
32 0.4713588 0.6121076 0.4993670 0.4336025
33 0.4701258 0.4246648 0.4525127 0.0158084
7 0.2623645 0.4850756 0.0271261 0.0169376
13 0.4682763 0.4850756 0.0271261 0.0169376
15 0.5385576 0.4850756 0.0271261 0.0169376
25 0.6076058 0.4850756 0.0271261 0.0169376
24 0.6766541 0.4850756 0.0271261 0.0169376
27 0.4004610 0.5460510 0.0271261 0.0169376
29 0.4682763 0.5460510 0.0271261 0.0169376
23 0.5385576 0.5460510 0.0271261 0.0169376
17 0.2623645 0.6070264 0.0271261 0.0169376
11 0.3314128 0.6070264 0.0271261 0.0169376
22 0.4004610 0.6070264 0.0271261 0.0169376
9 0.4682763 0.6070264 0.0271261 0.0169376
5 0.6076058 0.6070264 0.0271261 0.0169376
4 0.6766541 0.6070264 0.0271261 0.0169376
1 0.2623645 0.6680017 0.0271261 0.0169377
6 0.3314128 0.6680017 0.0271261 0.0169377
16 0.5385576 0.6680017 0.0271261 0.0169377
3 0.6766541 0.6680017 0.0271261 0.0169377
30 0.2623645 0.7289771 0.0271261 0.0169376
31 0.3314128 0.7289771 0.0271261 0.0169376
10 0.5385576 0.7289771 0.0271261 0.0169376
34 0.6069893 0.7284125 0.0628832 0.0609753
1 0.6076058 0.7289771 0.0271261 0.0169376
20 0.6766541 0.7289771 0.0271261 0.0169376
18 0.3314128 0.7899524 0.0271261 0.0169376
21 0.4004610 0.7899524 0.0271261 0.0169376
12 0.4682763 0.7899524 0.0271261 0.0169376
8 0.5385576 0.7899524 0.0271261 0.0169376
26 0.6076058 0.7899524 0.0271261 0.0169376
19 0.6766541 0.7899524 0.0271261 0.0169376
22 0.3314128 0.5460510 0.0271261 0.0169376
25 0.2623645 0.7899524 0.0271261 0.0169376
13 0.4004610 0.7289771 0.0271261 0.0169376
10 0.6076058 0.5460510 0.0271261 0.0169376
6 0.4682763 0.7289771 0.0271261 0.0169376
29 0.6076058 0.6680017 0.0271261 0.0169377
7 0.2623645 0.5460510 0.0271261 0.0169376
13 0.3314128 0.4850756 0.0271261 0.0169376
4 0.6766541 0.5460510 0.0271261 0.0169376
1 0.4004610 0.4850756 0.0271261 0.0169376
26 0.4004610 0.6680017 0.0271261 0.0169377
