13 0.2669998 0.2760551 0.0271481 0.0174946
13 0.3361041 0.5279765 0.0271481 0.0174946
32 0.4070595 0.3442838 0.4997726 0.4478602
33 0.4058255 0.1506775 0.4528803 0.0163282
30 0.1978954 0.2130747 0.0271481 0.0174945
6 0.4743128 0.2130747 0.0271481 0.0174945
11 0.6125215 0.2130747 0.0271481 0.0174945
31 0.1978954 0.2760551 0.0271481 0.0174946
24 0.3361041 0.2760551 0.0271481 0.0174946
26 0.4743128 0.2760551 0.0271481 0.0174946
18 0.5434172 0.2760551 0.0271481 0.0174946
4 0.6125215 0.2760551 0.0271481 0.0174946
10 0.3361041 0.3390354 0.0271481 0.0174946
25 0.4039745 0.3390354 0.0271481 0.0174946
20 0.4743128 0.3390354 0.0271481 0.0174946
1 0.5434172 0.3390354 0.0271481 0.0174946
17 0.6125215 0.3390354 0.0271481 0.0174946
5 0.1978954 0.4020158 0.0271481 0.0174946
15 0.3361041 0.4020158 0.0271481 0.0174946
29 0.4039745 0.4020158 0.0271481 0.0174946
7 0.4743128 0.4020158 0.0271481 0.0174946
14 0.6125215 0.4020158 0.0271481 0.0174946
16 0.1978954 0.4649961 0.0271481 0.0174946
12 0.2669998 0.4649961 0.0271481 0.0174946
9 0.4039745 0.4649961 0.0271481 0.0174946
3 0.4743128 0.4649961 0.0271481 0.0174946
13 0.5434172 0.4649961 0.0271481 0.0174946
8 0.1978954 0.5279765 0.0271481 0.0174946
27 0.2669998 0.5279765 0.0271481 0.0174946
23 0.4039745 0.5279765 0.0271481 0.0174946
2 0.4743128 0.5279765 0.0271481 0.0174946
19 0.5434172 0.5279765 0.0271481 0.0174946
34 0.6125215 0.5273933 0.0641684 0.0629803
24 0.6125215 0.5279765 0.0271481 0.0174946
31 0.5434172 0.2130747 0.0271481 0.0174945
24 0.2669998 0.3390354 0.0271481 0.0174946
7 0.4039745 0.2760551 0.0271481 0.0174946
21 0.1978954 0.3390354 0.0271481 0.0174946
31 0.3361041 0.4649961 0.0271481 0.0174946
4 0.3361041 0.2130747 0.0271481 0.0174945
27 0.2669998 0.4020158 0.0271481 0.0174946
6 0.5434172 0.4020158 0.0271481 0.0174946
29 0.2669998 0.2130747 0.0271481 0.0174945
25 0.4039745 0.2130747 0.0271481 0.0174945
8 0.6125215 0.4649961 0.0271481 0.0174946
