31 0.2374033 0.4627888 0.0277622 0.0167026
10 0.3080706 0.5830472 0.0277621 0.0167026
32 0.3806308 0.5279287 0.5110760 0.4275856
33 0.3793689 0.3430871 0.4631232 0.0155891
29 0.1667360 0.4026595 0.0277622 0.0167025
4 0.3080706 0.4026595 0.0277621 0.0167025
18 0.5907398 0.4026595 0.0277621 0.0167025
20 0.3080706 0.4627888 0.0277621 0.0167026
5 0.3774760 0.4627888 0.0277621 0.0167026
27 0.4494052 0.4627888 0.0277621 0.0167026
10 0.2374033 0.5229180 0.0277622 0.0167025
24 0.3080706 0.5229180 0.0277621 0.0167025
9 0.3774760 0.5229180 0.0277621 0.0167025
19 0.4494052 0.5229180 0.0277621 0.0167025
12 0.5200726 0.5229180 0.0277622 0.0167025
21 0.5907398 0.5229180 0.0277621 0.0167025
17 0.1667360 0.5830472 0.0277622 0.0167026
15 0.2374033 0.5830472 0.0277622 0.0167026
25 0.3774760 0.5830472 0.0277621 0.0167026
11 0.4494052 0.5830472 0.0277621 0.0167026
16 0.5200726 0.5830472 0.0277622 0.0167026
7 0.5907398 0.5830472 0.0277621 0.0167026
1 0.1667360 0.6431764 0.0277622 0.0167025
31 0.2374033 0.6431764 0.0277622 0.0167025
23 0.3080706 0.6431764 0.0277621 0.0167025
14 0.3774760 0.6431764 0.0277621 0.0167025
3 0.4494052 0.6431764 0.0277621 0.0167025
2 0.5200726 0.6431764 0.0277622 0.0167025
6 0.5907398 0.6431764 0.0277621 0.0167025
22 0.2374033 0.7033057 0.0277622 0.0167026
34 0.3080706 0.7027489 0.0656196 0.0601292
12 0.3080706 0.7033057 0.0277621 0.0167026
13 0.3774760 0.7033057 0.0277621 0.0167026
8 0.4494052 0.7033057 0.0277621 0.0167026
30 0.4494052 0.4026595 0.0277621 0.0167025
24 0.2374033 0.4026595 0.0277622 0.0167025
7 0.1667360 0.4627888 0.0277622 0.0167026
5 0.1667360 0.5229180 0.0277622 0.0167025
27 0.5907398 0.7033057 0.0277621 0.0167026
4 0.5200726 0.4627888 0.0277622 0.0167026
16 0.1667360 0.7033057 0.0277622 0.0167026
25 0.3774760 0.4026595 0.0277621 0.0167025
15 0.5200726 0.7033057 0.0277622 0.0167026
3 0.5907398 0.4627888 0.0277621 0.0167026
29 0.5200726 0.4026595 0.0277622 0.0167025
