13 0.4987591 0.5783184 0.0261541 0.0166586
13 0.0993146 0.4583768 0.0261541 0.0166586
32 0.3008201 0.4633743 0.4814732 0.4264594
33 0.2996313 0.2790195 0.4362980 0.0155480
27 0.0993146 0.3384351 0.0261541 0.0166586
13 0.1658887 0.3384351 0.0261541 0.0166586
8 0.2978480 0.3384351 0.0261541 0.0166586
4 0.3656109 0.3384351 0.0261541 0.0166586
23 0.4321850 0.3384351 0.0261541 0.0166586
20 0.0993146 0.3984059 0.0261541 0.0166585
18 0.2978480 0.3984059 0.0261541 0.0166585
29 0.3656109 0.3984059 0.0261541 0.0166585
15 0.4321850 0.3984059 0.0261541 0.0166585
17 0.4987591 0.3984059 0.0261541 0.0166585
7 0.2324628 0.4583768 0.0261541 0.0166586
26 0.3656109 0.4583768 0.0261541 0.0166586
11 0.4987591 0.4583768 0.0261541 0.0166586
34 0.0993146 0.5177923 0.0618188 0.0599709
28 0.0993146 0.5183476 0.0261541 0.0166586
24 0.1658887 0.5183476 0.0261541 0.0166586
22 0.2324628 0.5183476 0.0261541 0.0166586
30 0.2978480 0.5183476 0.0261541 0.0166586
31 0.3656109 0.5183476 0.0261541 0.0166586
1 0.4321850 0.5183476 0.0261541 0.0166586
25 0.4987591 0.5183476 0.0261541 0.0166586
21 0.1658887 0.5783184 0.0261541 0.0166586
10 0.2324628 0.5783184 0.0261541 0.0166586
14 0.2978480 0.5783184 0.0261541 0.0166586
12 0.3656109 0.5783184 0.0261541 0.0166586
3 0.4321850 0.5783184 0.0261541 0.0166586
6 0.2324628 0.6382893 0.0261541 0.0166585
2 0.2978480 0.6382893 0.0261541 0.0166585
9 0.3656109 0.6382893 0.0261541 0.0166585
16 0.4321850 0.6382893 0.0261541 0.0166585
28 0.2324628 0.3384351 0.0261541 0.0166586
18 0.2978480 0.4583768 0.0261541 0.0166586
16 0.1658887 0.6382893 0.0261541 0.0166585
5 0.0993146 0.6382893 0.0261541 0.0166585
4 0.0993146 0.5783184 0.0261541 0.0166586
7 0.4987591 0.3384351 0.0261541 0.0166586
27 0.1658887 0.4583768 0.0261541 0.0166586
19 0.2324628 0.3984059 0.0261541 0.0166585
28 0.4987591 0.6382893 0.0261541 0.0166585
3 0.1658887 0.3984059 0.0261541 0.0166585
24 0.4321850 0.4583768 0.0261541 0.0166586
