2 0.8313531 0.5382634 0.0279721 0.0158336
25 0.8313531 0.3672606 0.0279721 0.0158336
32 0.6196551 0.3720107 0.5149412 0.4053401
33 0.6183837 0.1967855 0.4666257 0.0147780
19 0.4753445 0.2532587 0.0279721 0.0158336
25 0.5465462 0.2532587 0.0279721 0.0158336
7 0.6164765 0.2532587 0.0279721 0.0158336
11 0.6889497 0.2532587 0.0279722 0.0158336
21 0.4041427 0.3102596 0.0279721 0.0158336
26 0.6889497 0.3102596 0.0279722 0.0158336
6 0.7601514 0.3102596 0.0279721 0.0158336
22 0.8313531 0.3102596 0.0279721 0.0158336
17 0.4041427 0.3672606 0.0279721 0.0158336
18 0.4753445 0.3672606 0.0279721 0.0158336
31 0.5465462 0.3672606 0.0279721 0.0158336
4 0.6164765 0.3672606 0.0279721 0.0158336
15 0.7601514 0.3672606 0.0279721 0.0158336
1 0.4041427 0.4242615 0.0279721 0.0158336
5 0.4753445 0.4242615 0.0279721 0.0158336
23 0.5465462 0.4242615 0.0279721 0.0158336
9 0.6164765 0.4242615 0.0279721 0.0158336
16 0.6889497 0.4242615 0.0279722 0.0158336
27 0.7601514 0.4242615 0.0279721 0.0158336
12 0.8313531 0.4242615 0.0279721 0.0158336
13 0.4041427 0.4812625 0.0279721 0.0158336
30 0.6164765 0.4812625 0.0279721 0.0158336
29 0.6889497 0.4812625 0.0279722 0.0158336
2 0.7601514 0.4812625 0.0279721 0.0158336
20 0.8313531 0.4812625 0.0279721 0.0158336
34 0.4041427 0.5377356 0.0661159 0.0570009
25 0.4041427 0.5382634 0.0279721 0.0158336
14 0.4753445 0.5382634 0.0279721 0.0158336
24 0.6164765 0.5382634 0.0279721 0.0158336
3 0.6889497 0.5382634 0.0279722 0.0158336
10 0.8313531 0.2532587 0.0279721 0.0158336
15 0.7601514 0.2532587 0.0279721 0.0158336
18 0.5465462 0.4812625 0.0279721 0.0158336
26 0.7601514 0.5382634 0.0279721 0.0158336
7 0.5465462 0.5382634 0.0279721 0.0158336
22 0.4753445 0.3102596 0.0279721 0.0158336
24 0.6164765 0.3102596 0.0279721 0.0158336
24 0.4753445 0.4812625 0.0279721 0.0158336
20 0.4041427 0.2532587 0.0279721 0.0158336
11 0.6889497 0.3672606 0.0279722 0.0158336
14 0.5465462 0.3102596 0.0279721 0.0158336
