20 0.1046855 0.5440897 0.0280576 0.0172772
7 0.4617828 0.5440897 0.0280577 0.0172772
32 0.2544726 0.3626788 0.5064453 0.4422972
33 0.2481621 0.1714774 0.4680525 0.0161254
23 0.0332661 0.2330996 0.0280576 0.0172772
24 0.1046855 0.2330996 0.0280576 0.0172772
11 0.1761050 0.2330996 0.0280576 0.0172772
16 0.3189439 0.2330996 0.0280577 0.0172772
26 0.3903633 0.2330996 0.0280577 0.0172772
14 0.4617828 0.2330996 0.0280577 0.0172772
6 0.0332661 0.2952976 0.0280576 0.0172772
15 0.1046855 0.2952976 0.0280576 0.0172772
17 0.2462491 0.2952976 0.0280576 0.0172772
1 0.3189439 0.2952976 0.0280577 0.0172772
18 0.3903633 0.2952976 0.0280577 0.0172772
20 0.4617828 0.2952976 0.0280577 0.0172772
25 0.0332661 0.3574956 0.0280576 0.0172772
2 0.2462491 0.3574956 0.0280576 0.0172772
7 0.3189439 0.3574956 0.0280577 0.0172772
22 0.0332661 0.4196937 0.0280576 0.0172772
4 0.1046855 0.4196937 0.0280576 0.0172772
21 0.1761050 0.4196937 0.0280576 0.0172772
34 0.2462491 0.4191178 0.0663181 0.0621981
27 0.2462491 0.4196937 0.0280576 0.0172772
30 0.3189439 0.4196937 0.0280577 0.0172772
31 0.3903633 0.4196937 0.0280577 0.0172772
9 0.4617828 0.4196937 0.0280577 0.0172772
5 0.0332661 0.4818917 0.0280576 0.0172772
29 0.1046855 0.4818917 0.0280576 0.0172772
8 0.1761050 0.4818917 0.0280576 0.0172772
12 0.2462491 0.4818917 0.0280576 0.0172772
3 0.3189439 0.4818917 0.0280577 0.0172772
10 0.2462491 0.5440897 0.0280576 0.0172772
19 0.3903633 0.5440897 0.0280577 0.0172772
4 0.0332661 0.5440897 0.0280576 0.0172772
30 0.1761050 0.5440897 0.0280576 0.0172772
18 0.1046855 0.3574956 0.0280576 0.0172772
29 0.1761050 0.3574956 0.0280576 0.0172772
2 0.3903633 0.4818917 0.0280577 0.0172772
9 0.3189439 0.5440897 0.0280577 0.0172772
9 0.4617828 0.3574956 0.0280577 0.0172772
30 0.3903633 0.3574956 0.0280577 0.0172772
5 0.1761050 0.2952976 0.0280576 0.0172772
8 0.2462491 0.2330996 0.0280576 0.0172772
13 0.4617828 0.4818917 0.0280577 0.0172772
