27 0.3109289 0.3508302 0.0287987 0.0165777
27 0.5295375 0.4105099 0.0287988 0.0165777
32 0.5328101 0.4751629 0.5301586 0.4243889
33 0.5315010 0.2917032 0.4804153 0.0154725
13 0.3842348 0.3508302 0.0287988 0.0165777
22 0.4575407 0.3508302 0.0287988 0.0165777
23 0.5295375 0.3508302 0.0287988 0.0165777
34 0.6034979 0.3502776 0.0693788 0.0596797
27 0.6041525 0.3508302 0.0287987 0.0165777
16 0.7507642 0.3508302 0.0287988 0.0165777
19 0.3109289 0.4105099 0.0287987 0.0165777
24 0.3842348 0.4105099 0.0287988 0.0165777
7 0.4575407 0.4105099 0.0287988 0.0165777
20 0.6041525 0.4105099 0.0287987 0.0165777
11 0.6774583 0.4105099 0.0287988 0.0165777
4 0.3109289 0.4701896 0.0287987 0.0165777
30 0.3842348 0.4701896 0.0287988 0.0165777
15 0.4575407 0.4701896 0.0287988 0.0165777
1 0.5295375 0.4701896 0.0287988 0.0165777
14 0.6041525 0.4701896 0.0287987 0.0165777
12 0.6774583 0.4701896 0.0287988 0.0165777
5 0.7507642 0.4701896 0.0287988 0.0165777
10 0.5295375 0.5298693 0.0287988 0.0165777
3 0.7507642 0.5298693 0.0287988 0.0165777
18 0.3842348 0.5895490 0.0287988 0.0165777
31 0.4575407 0.5895490 0.0287988 0.0165777
27 0.5295375 0.5895490 0.0287988 0.0165777
17 0.6041525 0.5895490 0.0287987 0.0165777
21 0.7507642 0.5895490 0.0287988 0.0165777
6 0.3842348 0.6492287 0.0287988 0.0165777
8 0.4575407 0.6492287 0.0287988 0.0165777
9 0.5295375 0.6492287 0.0287988 0.0165777
2 0.6774583 0.6492287 0.0287988 0.0165777
29 0.7507642 0.6492287 0.0287988 0.0165777
5 0.6774583 0.5298693 0.0287988 0.0165777
25 0.3109289 0.6492287 0.0287987 0.0165777
4 0.3842348 0.5298693 0.0287988 0.0165777
9 0.6041525 0.5298693 0.0287987 0.0165777
2 0.7507642 0.4105099 0.0287988 0.0165777
28 0.6041525 0.6492287 0.0287987 0.0165777
18 0.4575407 0.5298693 0.0287988 0.0165777
14 0.6774583 0.5895490 0.0287988 0.0165777
5 0.3109289 0.5298693 0.0287987 0.0165777
7 0.6774583 0.3508302 0.0287988 0.0165777
25 0.3109289 0.5895490 0.0287987 0.0165777
