31 0.0665505 0.5883514 0.0284187 0.0166209
14 0.2822746 0.3490112 0.0284187 0.0166209
32 0.2855039 0.4138325 0.5231631 0.4254937
33 0.2842122 0.2298951 0.4740762 0.0155128
34 0.0665505 0.2886221 0.0671716 0.0598350
26 0.0665505 0.2891762 0.0284187 0.0166209
10 0.2112277 0.2891762 0.0284187 0.0166209
9 0.2822746 0.2891762 0.0284187 0.0166209
18 0.3559049 0.2891762 0.0284187 0.0166209
16 0.1388891 0.3490112 0.0284187 0.0166209
23 0.2112277 0.3490112 0.0284187 0.0166209
11 0.5005821 0.3490112 0.0284187 0.0166209
24 0.0665505 0.4088462 0.0284187 0.0166208
30 0.1388891 0.4088462 0.0284187 0.0166208
17 0.2112277 0.4088462 0.0284187 0.0166208
5 0.2822746 0.4088462 0.0284187 0.0166208
7 0.3559049 0.4088462 0.0284187 0.0166208
14 0.4282435 0.4088462 0.0284187 0.0166208
1 0.5005821 0.4088462 0.0284187 0.0166208
12 0.1388891 0.4686813 0.0284187 0.0166208
26 0.2112277 0.4686813 0.0284187 0.0166208
20 0.2822746 0.4686813 0.0284187 0.0166208
2 0.3559049 0.4686813 0.0284187 0.0166208
6 0.4282435 0.4686813 0.0284187 0.0166208
25 0.0665505 0.5285164 0.0284187 0.0166208
19 0.1388891 0.5285164 0.0284187 0.0166208
29 0.2822746 0.5285164 0.0284187 0.0166208
31 0.3559049 0.5285164 0.0284187 0.0166208
21 0.1388891 0.5883514 0.0284187 0.0166209
15 0.2112277 0.5883514 0.0284187 0.0166209
8 0.2822746 0.5883514 0.0284187 0.0166209
13 0.3559049 0.5883514 0.0284187 0.0166209
22 0.4282435 0.5883514 0.0284187 0.0166209
3 0.5005821 0.5883514 0.0284187 0.0166209
28 0.5005821 0.5285164 0.0284187 0.0166208
27 0.0665505 0.3490112 0.0284187 0.0166209
18 0.1388891 0.2891762 0.0284187 0.0166209
12 0.4282435 0.2891762 0.0284187 0.0166209
19 0.4282435 0.3490112 0.0284187 0.0166209
4 0.4282435 0.5285164 0.0284187 0.0166208
24 0.5005821 0.4686813 0.0284187 0.0166208
16 0.3559049 0.3490112 0.0284187 0.0166209
30 0.0665505 0.4686813 0.0284187 0.0166208
21 0.5005821 0.2891762 0.0284187 0.0166209
14 0.2112277 0.5285164 0.0284187 0.0166208
