1 0.6554222 0.5112376 0.0286895 0.0174914
13 0.3633105 0.5112376 0.0286895 0.0174914
32 0.4382946 0.5794539 0.5281484 0.4477796
33 0.4369905 0.3858826 0.4785937 0.0163253
20 0.2172547 0.4482685 0.0286896 0.0174914
15 0.3633105 0.4482685 0.0286895 0.0174914
24 0.5823943 0.4482685 0.0286895 0.0174914
6 0.2172547 0.5112376 0.0286896 0.0174914
11 0.2902826 0.5112376 0.0286896 0.0174914
10 0.4350344 0.5112376 0.0286895 0.0174914
23 0.5093664 0.5112376 0.0286895 0.0174914
13 0.2172547 0.5742065 0.0286896 0.0174915
8 0.2902826 0.5742065 0.0286896 0.0174915
4 0.4350344 0.5742065 0.0286895 0.0174915
19 0.5823943 0.5742065 0.0286895 0.0174915
27 0.6554222 0.5742065 0.0286895 0.0174915
16 0.2902826 0.6371756 0.0286896 0.0174914
31 0.3633105 0.6371756 0.0286895 0.0174914
17 0.4350344 0.6371756 0.0286895 0.0174914
12 0.5093664 0.6371756 0.0286895 0.0174914
7 0.5823943 0.6371756 0.0286895 0.0174914
2 0.6554222 0.6371756 0.0286895 0.0174914
26 0.2902826 0.7001446 0.0286896 0.0174914
1 0.3633105 0.7001446 0.0286895 0.0174914
22 0.4350344 0.7001446 0.0286895 0.0174914
34 0.5087144 0.6995615 0.0691157 0.0629690
12 0.5093664 0.7001446 0.0286895 0.0174914
21 0.5823943 0.7001446 0.0286895 0.0174914
30 0.6554222 0.7001446 0.0286895 0.0174914
18 0.2172547 0.7631136 0.0286896 0.0174914
29 0.3633105 0.7631136 0.0286895 0.0174914
14 0.4350344 0.7631136 0.0286895 0.0174914
3 0.5823943 0.7631136 0.0286895 0.0174914
25 0.6554222 0.7631136 0.0286895 0.0174914
6 0.5823943 0.5112376 0.0286895 0.0174914
19 0.2902826 0.7631136 0.0286896 0.0174914
21 0.2172547 0.7001446 0.0286896 0.0174914
28 0.2902826 0.4482685 0.0286896 0.0174914
30 0.5093664 0.5742065 0.0286895 0.0174915
16 0.6554222 0.4482685 0.0286895 0.0174914
6 0.5093664 0.4482685 0.0286895 0.0174914
9 0.2172547 0.6371756 0.0286896 0.0174914
19 0.4350344 0.4482685 0.0286895 0.0174914
15 0.5093664 0.7631136 0.0286895 0.0174914
7 0.3633105 0.5742065 0.0286895 0.0174915
