28 0.4436374 0.3587012 0.0273838 0.0161554
12 0.2345247 0.3587012 0.0273838 0.0161554
32 0.3060960 0.4798669 0.5041110 0.4135790
33 0.3048513 0.3010801 0.4568117 0.0150784
20 0.0951162 0.3587012 0.0273838 0.0161554
24 0.3029842 0.3587012 0.0273838 0.0161554
17 0.3739332 0.3587012 0.0273838 0.0161554
3 0.5133416 0.3587012 0.0273838 0.0161554
27 0.0951162 0.4168607 0.0273838 0.0161554
14 0.1648204 0.4168607 0.0273838 0.0161554
4 0.2345247 0.4168607 0.0273838 0.0161554
15 0.3029842 0.4168607 0.0273838 0.0161554
6 0.3739332 0.4168607 0.0273838 0.0161554
21 0.4436374 0.4168607 0.0273838 0.0161554
13 0.0951162 0.4750202 0.0273838 0.0161554
34 0.2345247 0.4744817 0.0647254 0.0581596
26 0.2345247 0.4750202 0.0273838 0.0161554
18 0.3739332 0.4750202 0.0273838 0.0161554
30 0.5133416 0.4750202 0.0273838 0.0161554
2 0.0951162 0.5331798 0.0273838 0.0161555
8 0.2345247 0.5331798 0.0273838 0.0161555
29 0.3029842 0.5331798 0.0273838 0.0161555
1 0.3739332 0.5331798 0.0273838 0.0161555
25 0.4436374 0.5331798 0.0273838 0.0161555
7 0.5133416 0.5331798 0.0273838 0.0161555
12 0.0951162 0.5913394 0.0273838 0.0161554
23 0.1648204 0.5913394 0.0273838 0.0161554
5 0.2345247 0.5913394 0.0273838 0.0161554
22 0.3029842 0.5913394 0.0273838 0.0161554
26 0.0951162 0.6494989 0.0273838 0.0161555
16 0.1648204 0.6494989 0.0273838 0.0161555
10 0.2345247 0.6494989 0.0273838 0.0161555
19 0.3029842 0.6494989 0.0273838 0.0161555
31 0.5133416 0.6494989 0.0273838 0.0161555
16 0.1648204 0.5331798 0.0273838 0.0161555
11 0.4436374 0.6494989 0.0273838 0.0161555
21 0.4436374 0.5913394 0.0273838 0.0161554
10 0.1648204 0.4750202 0.0273838 0.0161554
8 0.3739332 0.5913394 0.0273838 0.0161554
11 0.3739332 0.6494989 0.0273838 0.0161555
10 0.4436374 0.4750202 0.0273838 0.0161554
28 0.5133416 0.4168607 0.0273838 0.0161554
7 0.3029842 0.4750202 0.0273838 0.0161554
7 0.5133416 0.5913394 0.0273838 0.0161554
1 0.1648204 0.3587012 0.0273838 0.0161554
