4 0.2726179 0.5004783 0.0270103 0.0168736
18 0.0675850 0.5004783 0.0270103 0.0168736
32 0.2756872 0.5662853 0.4972353 0.4319640
33 0.2744595 0.3795508 0.4505811 0.0157487
27 0.0675850 0.4397333 0.0270103 0.0168736
6 0.1363386 0.4397333 0.0270103 0.0168736
12 0.2726179 0.4397333 0.0270103 0.0168736
9 0.3425991 0.4397333 0.0270103 0.0168736
31 0.4113526 0.4397333 0.0270103 0.0168736
18 0.4801061 0.4397333 0.0270103 0.0168736
15 0.2050921 0.5004783 0.0270103 0.0168736
14 0.3425991 0.5004783 0.0270103 0.0168736
30 0.4113526 0.5004783 0.0270103 0.0168736
20 0.4801061 0.5004783 0.0270103 0.0168736
22 0.1363386 0.5612232 0.0270103 0.0168736
19 0.2050921 0.5612232 0.0270103 0.0168736
23 0.2726179 0.5612232 0.0270103 0.0168736
7 0.4801061 0.5612232 0.0270103 0.0168736
24 0.1363386 0.6219681 0.0270103 0.0168736
11 0.2050921 0.6219681 0.0270103 0.0168736
1 0.3425991 0.6219681 0.0270103 0.0168736
17 0.4801061 0.6219681 0.0270103 0.0168736
29 0.1363386 0.6827131 0.0270103 0.0168736
5 0.2050921 0.6827131 0.0270103 0.0168736
34 0.2726179 0.6821506 0.0638426 0.0607449
12 0.2726179 0.6827131 0.0270103 0.0168736
10 0.3425991 0.6827131 0.0270103 0.0168736
13 0.4113526 0.6827131 0.0270103 0.0168736
8 0.4801061 0.6827131 0.0270103 0.0168736
4 0.0675850 0.7434580 0.0270103 0.0168736
26 0.1363386 0.7434580 0.0270103 0.0168736
16 0.2050921 0.7434580 0.0270103 0.0168736
3 0.2726179 0.7434580 0.0270103 0.0168736
21 0.4113526 0.7434580 0.0270103 0.0168736
16 0.4113526 0.5612232 0.0270103 0.0168736
1 0.0675850 0.6827131 0.0270103 0.0168736
13 0.1363386 0.5004783 0.0270103 0.0168736
19 0.3425991 0.7434580 0.0270103 0.0168736
4 0.4801061 0.7434580 0.0270103 0.0168736
30 0.3425991 0.5612232 0.0270103 0.0168736
31 0.2050921 0.4397333 0.0270103 0.0168736
2 0.0675850 0.5612232 0.0270103 0.0168736
18 0.4113526 0.6219681 0.0270103 0.0168736
24 0.2726179 0.6219681 0.0270103 0.0168736
15 0.0675850 0.6219681 0.0270103 0.0168736
