29 0.4796773 0.4593359 0.0272408 0.0173471
2 0.3409970 0.4593359 0.0272408 0.0173471
32 0.2735142 0.4020907 0.5014777 0.4440840
33 0.2722760 0.2101169 0.4544254 0.0161906
4 0.0636365 0.2719880 0.0272408 0.0173470
24 0.2023168 0.2719880 0.0272408 0.0173470
29 0.2704187 0.2719880 0.0272408 0.0173470
1 0.4103371 0.2719880 0.0272408 0.0173470
15 0.4796773 0.2719880 0.0272408 0.0173470
2 0.0636365 0.3344373 0.0272408 0.0173470
13 0.1329766 0.3344373 0.0272408 0.0173470
19 0.2023168 0.3344373 0.0272408 0.0173470
7 0.2704187 0.3344373 0.0272408 0.0173470
20 0.4103371 0.3344373 0.0272408 0.0173470
31 0.4796773 0.3344373 0.0272408 0.0173470
34 0.0636365 0.3963084 0.0643873 0.0624493
7 0.0636365 0.3968866 0.0272408 0.0173470
17 0.1329766 0.3968866 0.0272408 0.0173470
18 0.4796773 0.3968866 0.0272408 0.0173470
14 0.0636365 0.4593359 0.0272408 0.0173471
30 0.1329766 0.4593359 0.0272408 0.0173471
23 0.2023168 0.4593359 0.0272408 0.0173471
16 0.2704187 0.4593359 0.0272408 0.0173471
27 0.4103371 0.4593359 0.0272408 0.0173471
26 0.0636365 0.5217852 0.0272408 0.0173470
10 0.2023168 0.5217852 0.0272408 0.0173470
3 0.2704187 0.5217852 0.0272408 0.0173470
8 0.3409970 0.5217852 0.0272408 0.0173470
25 0.0636365 0.5842345 0.0272408 0.0173471
6 0.1329766 0.5842345 0.0272408 0.0173471
11 0.2023168 0.5842345 0.0272408 0.0173471
5 0.2704187 0.5842345 0.0272408 0.0173471
12 0.3409970 0.5842345 0.0272408 0.0173471
22 0.4103371 0.5842345 0.0272408 0.0173471
17 0.4796773 0.5217852 0.0272408 0.0173470
5 0.1329766 0.2719880 0.0272408 0.0173470
5 0.3409970 0.3968866 0.0272408 0.0173470
8 0.2704187 0.3968866 0.0272408 0.0173470
8 0.4103371 0.5217852 0.0272408 0.0173470
9 0.3409970 0.3344373 0.0272408 0.0173470
25 0.2023168 0.3968866 0.0272408 0.0173470
4 0.4796773 0.5842345 0.0272408 0.0173471
22 0.3409970 0.2719880 0.0272408 0.0173470
18 0.4103371 0.3968866 0.0272408 0.0173470
14 0.1329766 0.5217852 0.0272408 0.0173470
