9 0.5618949 0.3937303 0.0281666 0.0162114
2 0.7782655 0.5688141 0.0281665 0.0162114
32 0.5650957 0.5153162 0.5185213 0.4150133
33 0.5638154 0.3359095 0.4698699 0.0151307
3 0.4197817 0.3937303 0.0281666 0.0162114
12 0.4914785 0.3937303 0.0281666 0.0162114
11 0.6348720 0.3937303 0.0281665 0.0162114
27 0.7065688 0.3937303 0.0281665 0.0162114
26 0.7782655 0.3937303 0.0281665 0.0162114
23 0.3480849 0.4520915 0.0281666 0.0162114
14 0.4197817 0.4520915 0.0281666 0.0162114
16 0.4914785 0.4520915 0.0281666 0.0162114
34 0.6342318 0.4515512 0.0678559 0.0583613
13 0.6348720 0.4520915 0.0281665 0.0162114
24 0.7065688 0.4520915 0.0281665 0.0162114
15 0.7782655 0.4520915 0.0281665 0.0162114
31 0.4914785 0.5104528 0.0281666 0.0162115
21 0.6348720 0.5104528 0.0281665 0.0162115
10 0.7065688 0.5104528 0.0281665 0.0162115
20 0.7782655 0.5104528 0.0281665 0.0162115
5 0.3480849 0.5688141 0.0281666 0.0162114
8 0.4914785 0.5688141 0.0281666 0.0162114
4 0.5618949 0.5688141 0.0281666 0.0162114
6 0.6348720 0.5688141 0.0281665 0.0162114
25 0.7065688 0.5688141 0.0281665 0.0162114
7 0.3480849 0.6271753 0.0281666 0.0162115
18 0.4197817 0.6271753 0.0281666 0.0162115
13 0.6348720 0.6271753 0.0281665 0.0162115
29 0.7065688 0.6271753 0.0281665 0.0162115
17 0.3480849 0.6855366 0.0281666 0.0162114
19 0.5618949 0.6855366 0.0281666 0.0162114
2 0.6348720 0.6855366 0.0281665 0.0162114
1 0.7065688 0.6855366 0.0281665 0.0162114
9 0.7782655 0.6855366 0.0281665 0.0162114
12 0.4197817 0.5688141 0.0281666 0.0162114
24 0.3480849 0.3937303 0.0281666 0.0162114
3 0.3480849 0.5104528 0.0281666 0.0162115
24 0.4914785 0.6855366 0.0281666 0.0162114
26 0.5618949 0.4520915 0.0281666 0.0162114
12 0.4197817 0.6855366 0.0281666 0.0162114
17 0.5618949 0.6271753 0.0281666 0.0162115
26 0.7782655 0.6271753 0.0281665 0.0162115
9 0.4914785 0.6271753 0.0281666 0.0162115
7 0.5618949 0.5104528 0.0281666 0.0162115
18 0.4197817 0.5104528 0.0281666 0.0162115
