15 0.2388411 0.5276032 0.0274705 0.0170999
5 0.4486154 0.3429236 0.0274704 0.0171000
32 0.3106388 0.4711733 0.5057060 0.4377591
33 0.3093902 0.2819337 0.4582570 0.0159600
9 0.1689163 0.3429236 0.0274705 0.0171000
6 0.3075172 0.3429236 0.0274704 0.0171000
10 0.3786906 0.3429236 0.0274705 0.0171000
11 0.0989915 0.4044834 0.0274704 0.0171000
30 0.2388411 0.4044834 0.0274705 0.0171000
20 0.3075172 0.4044834 0.0274704 0.0171000
18 0.4486154 0.4044834 0.0274704 0.0171000
8 0.5185402 0.4044834 0.0274704 0.0171000
14 0.0989915 0.4660433 0.0274704 0.0170999
22 0.1689163 0.4660433 0.0274705 0.0170999
31 0.2388411 0.4660433 0.0274705 0.0170999
13 0.3786906 0.4660433 0.0274705 0.0170999
2 0.4486154 0.4660433 0.0274704 0.0170999
27 0.5185402 0.4660433 0.0274704 0.0170999
17 0.0989915 0.5276032 0.0274704 0.0170999
7 0.1689163 0.5276032 0.0274705 0.0170999
26 0.3075172 0.5276032 0.0274704 0.0170999
34 0.4479911 0.5270332 0.0636815 0.0615599
29 0.4486154 0.5276032 0.0274704 0.0170999
29 0.5185402 0.5276032 0.0274704 0.0170999
3 0.0989915 0.5891630 0.0274704 0.0170999
24 0.1689163 0.5891630 0.0274705 0.0170999
12 0.2388411 0.5891630 0.0274705 0.0170999
25 0.3075172 0.5891630 0.0274704 0.0170999
4 0.3786906 0.5891630 0.0274705 0.0170999
5 0.4486154 0.5891630 0.0274704 0.0170999
16 0.5185402 0.5891630 0.0274704 0.0170999
19 0.2388411 0.6507229 0.0274705 0.0171000
23 0.3786906 0.6507229 0.0274705 0.0171000
21 0.5185402 0.6507229 0.0274704 0.0171000
3 0.1689163 0.4044834 0.0274705 0.0171000
13 0.1689163 0.6507229 0.0274705 0.0171000
5 0.3786906 0.4044834 0.0274705 0.0171000
22 0.3786906 0.5276032 0.0274705 0.0170999
31 0.5185402 0.3429236 0.0274704 0.0171000
4 0.0989915 0.3429236 0.0274704 0.0171000
26 0.2388411 0.3429236 0.0274705 0.0171000
18 0.3075172 0.4660433 0.0274704 0.0170999
25 0.3075172 0.6507229 0.0274704 0.0171000
25 0.4486154 0.6507229 0.0274704 0.0171000
1 0.0989915 0.6507229 0.0274704 0.0171000
