19 0.2233182 0.5479641 0.0275147 0.0167767
1 0.4321802 0.4875678 0.0275148 0.0167767
32 0.4353069 0.4926008 0.5065215 0.4294849
33 0.4340562 0.3069380 0.4589960 0.0156583
20 0.2233182 0.3667751 0.0275147 0.0167767
21 0.2933558 0.3667751 0.0275147 0.0167767
17 0.3633933 0.3667751 0.0275147 0.0167767
3 0.4321802 0.3667751 0.0275148 0.0167767
16 0.5034684 0.3667751 0.0275147 0.0167767
31 0.5735059 0.3667751 0.0275147 0.0167767
14 0.2233182 0.4271714 0.0275147 0.0167768
12 0.2933558 0.4271714 0.0275147 0.0167768
15 0.3633933 0.4271714 0.0275147 0.0167768
9 0.4321802 0.4271714 0.0275148 0.0167768
26 0.5034684 0.4271714 0.0275147 0.0167768
11 0.5735059 0.4271714 0.0275147 0.0167768
5 0.6435434 0.4271714 0.0275147 0.0167768
4 0.2233182 0.4875678 0.0275147 0.0167767
10 0.2933558 0.4875678 0.0275147 0.0167767
29 0.3633933 0.4875678 0.0275147 0.0167767
24 0.5034684 0.4875678 0.0275147 0.0167767
22 0.5735059 0.4875678 0.0275147 0.0167767
8 0.2933558 0.5479641 0.0275147 0.0167767
7 0.4321802 0.5479641 0.0275148 0.0167767
25 0.5034684 0.5479641 0.0275147 0.0167767
2 0.6435434 0.5479641 0.0275147 0.0167767
30 0.2933558 0.6083604 0.0275147 0.0167768
18 0.5034684 0.6083604 0.0275147 0.0167768
13 0.6435434 0.6083604 0.0275147 0.0167768
23 0.2233182 0.6687567 0.0275147 0.0167768
34 0.4321801 0.6681975 0.0650349 0.0603963
24 0.4321802 0.6687567 0.0275148 0.0167768
27 0.5034684 0.6687567 0.0275147 0.0167768
1 0.5735059 0.6687567 0.0275147 0.0167768
2 0.5735059 0.6083604 0.0275147 0.0167768
26 0.3633933 0.6687567 0.0275147 0.0167768
2 0.4321802 0.6083604 0.0275148 0.0167768
3 0.2933558 0.6687567 0.0275147 0.0167768
6 0.5735059 0.5479641 0.0275147 0.0167767
6 0.6435434 0.4875678 0.0275147 0.0167767
30 0.6435434 0.6687567 0.0275147 0.0167768
11 0.6435434 0.3667751 0.0275147 0.0167767
17 0.3633933 0.6083604 0.0275147 0.0167768
24 0.2233182 0.6083604 0.0275147 0.0167768
9 0.3633933 0.5479641 0.0275147 0.0167767
