7 0.4913841 0.2265820 0.0280290 0.0160256
19 0.5627306 0.3996582 0.0280289 0.0160256
32 0.4219487 0.3467739 0.5159878 0.4102549
33 0.4206747 0.1694241 0.4675741 0.0149572
27 0.2059983 0.2265820 0.0280290 0.0160256
7 0.5627306 0.2265820 0.0280289 0.0160256
1 0.2059983 0.2842741 0.0280290 0.0160256
9 0.2773448 0.2842741 0.0280290 0.0160256
23 0.3486912 0.2842741 0.0280289 0.0160256
18 0.4187636 0.2842741 0.0280289 0.0160256
6 0.4913841 0.2842741 0.0280290 0.0160256
5 0.5627306 0.2842741 0.0280289 0.0160256
2 0.6340771 0.2842741 0.0280290 0.0160256
29 0.2059983 0.3419662 0.0280290 0.0160256
15 0.2773448 0.3419662 0.0280290 0.0160256
14 0.4187636 0.3419662 0.0280289 0.0160256
26 0.6340771 0.3419662 0.0280290 0.0160256
24 0.2773448 0.3996582 0.0280290 0.0160256
25 0.3486912 0.3996582 0.0280289 0.0160256
21 0.4913841 0.3996582 0.0280290 0.0160256
34 0.6340770 0.3991241 0.0662502 0.0576921
17 0.6340771 0.3996582 0.0280290 0.0160256
17 0.2059983 0.4573504 0.0280290 0.0160256
11 0.3486912 0.4573504 0.0280289 0.0160256
12 0.4187636 0.4573504 0.0280289 0.0160256
10 0.4913841 0.4573504 0.0280290 0.0160256
31 0.5627306 0.4573504 0.0280289 0.0160256
4 0.6340771 0.4573504 0.0280290 0.0160256
30 0.2059983 0.5150425 0.0280290 0.0160256
8 0.2773448 0.5150425 0.0280290 0.0160256
13 0.3486912 0.5150425 0.0280289 0.0160256
22 0.4187636 0.5150425 0.0280289 0.0160256
19 0.5627306 0.5150425 0.0280289 0.0160256
3 0.6340771 0.5150425 0.0280290 0.0160256
25 0.6340771 0.2265820 0.0280290 0.0160256
27 0.5627306 0.3419662 0.0280289 0.0160256
24 0.3486912 0.2265820 0.0280289 0.0160256
21 0.4187636 0.2265820 0.0280289 0.0160256
3 0.3486912 0.3419662 0.0280289 0.0160256
24 0.4913841 0.3419662 0.0280290 0.0160256
21 0.4187636 0.3996582 0.0280289 0.0160256
14 0.4913841 0.5150425 0.0280290 0.0160256
5 0.2773448 0.4573504 0.0280290 0.0160256
11 0.2773448 0.2265820 0.0280290 0.0160256
27 0.2059983 0.3996582 0.0280290 0.0160256
