3 0.1971949 0.7862061 0.0282017 0.0172823
21 0.3394850 0.7239898 0.0282016 0.0172823
32 0.3426897 0.6047418 0.5191667 0.4424274
33 0.3414079 0.4134841 0.4704548 0.0161302
3 0.1254089 0.4751244 0.0282016 0.0172823
31 0.2689809 0.4751244 0.0282016 0.0172823
34 0.4836980 0.4745483 0.0653765 0.0622164
14 0.4843389 0.4751244 0.0282016 0.0172823
30 0.5561250 0.4751244 0.0282016 0.0172823
19 0.1254089 0.5373408 0.0282016 0.0172823
18 0.1971949 0.5373408 0.0282017 0.0172823
8 0.2689809 0.5373408 0.0282016 0.0172823
1 0.3394850 0.5373408 0.0282016 0.0172823
26 0.4125529 0.5373408 0.0282017 0.0172823
25 0.1254089 0.5995571 0.0282016 0.0172823
16 0.1971949 0.5995571 0.0282017 0.0172823
12 0.4125529 0.5995571 0.0282017 0.0172823
13 0.4843389 0.5995571 0.0282016 0.0172823
9 0.1254089 0.6617735 0.0282016 0.0172823
17 0.1971949 0.6617735 0.0282017 0.0172823
21 0.3394850 0.6617735 0.0282016 0.0172823
20 0.4125529 0.6617735 0.0282017 0.0172823
22 0.4843389 0.6617735 0.0282016 0.0172823
23 0.1971949 0.7239898 0.0282017 0.0172823
14 0.2689809 0.7239898 0.0282016 0.0172823
27 0.4125529 0.7239898 0.0282017 0.0172823
2 0.4843389 0.7239898 0.0282016 0.0172823
24 0.5561250 0.7239898 0.0282016 0.0172823
4 0.1254089 0.7862061 0.0282016 0.0172823
10 0.2689809 0.7862061 0.0282016 0.0172823
29 0.3394850 0.7862061 0.0282016 0.0172823
5 0.4125529 0.7862061 0.0282017 0.0172823
6 0.4843389 0.7862061 0.0282016 0.0172823
15 0.5561250 0.7862061 0.0282016 0.0172823
27 0.2689809 0.5995571 0.0282016 0.0172823
15 0.1971949 0.4751244 0.0282017 0.0172823
5 0.5561250 0.5373408 0.0282016 0.0172823
5 0.5561250 0.6617735 0.0282016 0.0172823
9 0.5561250 0.5995571 0.0282016 0.0172823
26 0.3394850 0.5995571 0.0282016 0.0172823
28 0.4843389 0.5373408 0.0282016 0.0172823
26 0.2689809 0.6617735 0.0282016 0.0172823
10 0.3394850 0.4751244 0.0282016 0.0172823
28 0.1254089 0.7239898 0.0282016 0.0172823
13 0.4125529 0.4751244 0.0282017 0.0172823
