18 0.5439833 0.2372628 0.0277089 0.0165372
13 0.4734517 0.3563309 0.0277089 0.0165373
32 0.6164041 0.3612921 0.5100946 0.4233533
33 0.6151447 0.1782800 0.4622339 0.0154347
5 0.4029201 0.2372628 0.0277088 0.0165372
26 0.4734517 0.2372628 0.0277089 0.0165372
6 0.6132554 0.2372628 0.0277089 0.0165372
14 0.6850465 0.2372628 0.0277088 0.0165372
25 0.7555781 0.2372628 0.0277089 0.0165372
24 0.4734517 0.2967968 0.0277089 0.0165372
10 0.5439833 0.2967968 0.0277089 0.0165372
27 0.6132554 0.2967968 0.0277089 0.0165372
11 0.6850465 0.2967968 0.0277088 0.0165372
34 0.8261097 0.2962456 0.0654936 0.0595341
12 0.8261097 0.2967968 0.0277089 0.0165372
22 0.5439833 0.3563309 0.0277089 0.0165373
12 0.6132554 0.3563309 0.0277089 0.0165373
4 0.6850465 0.3563309 0.0277088 0.0165373
15 0.7555781 0.3563309 0.0277089 0.0165373
7 0.8261097 0.3563309 0.0277089 0.0165373
31 0.4029201 0.4158650 0.0277088 0.0165372
18 0.4734517 0.4158650 0.0277089 0.0165372
1 0.5439833 0.4158650 0.0277089 0.0165372
13 0.6132554 0.4158650 0.0277089 0.0165372
3 0.7555781 0.4158650 0.0277089 0.0165372
19 0.4029201 0.4753990 0.0277088 0.0165373
2 0.5439833 0.4753990 0.0277089 0.0165373
29 0.6132554 0.4753990 0.0277089 0.0165373
9 0.7555781 0.4753990 0.0277089 0.0165373
17 0.8261097 0.4753990 0.0277089 0.0165373
8 0.4734517 0.5349331 0.0277089 0.0165373
23 0.5439833 0.5349331 0.0277089 0.0165373
21 0.7555781 0.5349331 0.0277089 0.0165373
20 0.8261097 0.5349331 0.0277089 0.0165373
3 0.4029201 0.2967968 0.0277088 0.0165372
2 0.6850465 0.4753990 0.0277088 0.0165373
20 0.8261097 0.4158650 0.0277089 0.0165372
15 0.6132554 0.5349331 0.0277089 0.0165373
20 0.7555781 0.2967968 0.0277089 0.0165372
26 0.8261097 0.2372628 0.0277089 0.0165372
31 0.6850465 0.4158650 0.0277088 0.0165372
10 0.4029201 0.3563309 0.0277088 0.0165373
13 0.4734517 0.4753990 0.0277089 0.0165373
25 0.4029201 0.5349331 0.0277088 0.0165373
6 0.6850465 0.5349331 0.0277088 0.0165373
