27 0.2946528 0.4458786 0.0267236 0.0160371
5 0.4975095 0.3304113 0.0267236 0.0160371
32 0.5005463 0.3929561 0.4919577 0.4105502
33 0.4993316 0.2154787 0.4457987 0.0149680
14 0.2946528 0.2726777 0.0267236 0.0160371
31 0.4307004 0.2726777 0.0267236 0.0160371
15 0.4975095 0.2726777 0.0267236 0.0160371
4 0.5667480 0.2726777 0.0267236 0.0160371
11 0.3626766 0.3304113 0.0267236 0.0160371
25 0.4307004 0.3304113 0.0267236 0.0160371
9 0.5667480 0.3304113 0.0267236 0.0160371
12 0.6347718 0.3304113 0.0267236 0.0160371
24 0.7027956 0.3304113 0.0267236 0.0160371
26 0.4307004 0.3881450 0.0267236 0.0160371
22 0.4975095 0.3881450 0.0267236 0.0160371
16 0.5667480 0.3881450 0.0267236 0.0160371
10 0.6347718 0.3881450 0.0267236 0.0160371
20 0.7027956 0.3881450 0.0267236 0.0160371
30 0.3626766 0.4458786 0.0267236 0.0160371
21 0.4975095 0.4458786 0.0267236 0.0160371
19 0.5667480 0.4458786 0.0267236 0.0160371
17 0.7027956 0.4458786 0.0267236 0.0160371
3 0.2946528 0.5036122 0.0267236 0.0160371
27 0.3626766 0.5036122 0.0267236 0.0160371
23 0.4307004 0.5036122 0.0267236 0.0160371
2 0.5667480 0.5036122 0.0267236 0.0160371
7 0.6347718 0.5036122 0.0267236 0.0160371
18 0.7027956 0.5036122 0.0267236 0.0160371
5 0.4307004 0.5613459 0.0267236 0.0160371
6 0.4975095 0.5613459 0.0267236 0.0160371
34 0.5661406 0.5608113 0.0643797 0.0577336
1 0.5667480 0.5613459 0.0267236 0.0160371
1 0.6347718 0.5613459 0.0267236 0.0160371
13 0.7027956 0.5613459 0.0267236 0.0160371
6 0.2946528 0.3304113 0.0267236 0.0160371
5 0.6347718 0.4458786 0.0267236 0.0160371
24 0.4307004 0.4458786 0.0267236 0.0160371
27 0.6347718 0.2726777 0.0267236 0.0160371
19 0.7027956 0.2726777 0.0267236 0.0160371
8 0.2946528 0.3881450 0.0267236 0.0160371
21 0.3626766 0.2726777 0.0267236 0.0160371
4 0.4975095 0.5036122 0.0267236 0.0160371
30 0.3626766 0.3881450 0.0267236 0.0160371
28 0.2946528 0.5613459 0.0267236 0.0160371
10 0.3626766 0.5613459 0.0267236 0.0160371
