25 0.7666035 0.4009504 0.0284895 0.0166159
7 0.3314917 0.6402199 0.0284895 0.0166159
32 0.5509901 0.5255700 0.5244651 0.4253680
33 0.5496951 0.3416869 0.4752560 0.0155082
18 0.3314917 0.4009504 0.0284895 0.0166159
12 0.4040104 0.4009504 0.0284895 0.0166159
26 0.6215663 0.4009504 0.0284895 0.0166159
11 0.6940849 0.4009504 0.0284895 0.0166159
9 0.3314917 0.4607678 0.0284895 0.0166160
22 0.6215663 0.4607678 0.0284895 0.0166160
29 0.6940849 0.4607678 0.0284895 0.0166160
2 0.7666035 0.4607678 0.0284895 0.0166160
17 0.3314917 0.5205852 0.0284895 0.0166159
25 0.4765290 0.5205852 0.0284895 0.0166159
30 0.5477526 0.5205852 0.0284895 0.0166159
3 0.6940849 0.5205852 0.0284895 0.0166159
31 0.3314917 0.5804026 0.0284895 0.0166159
20 0.4040104 0.5804026 0.0284895 0.0166159
15 0.5477526 0.5804026 0.0284895 0.0166159
5 0.6940849 0.5804026 0.0284895 0.0166159
19 0.7666035 0.5804026 0.0284895 0.0166159
14 0.4040104 0.6402199 0.0284895 0.0166159
10 0.4765290 0.6402199 0.0284895 0.0166159
24 0.5477526 0.6402199 0.0284895 0.0166159
16 0.6215663 0.6402199 0.0284895 0.0166159
21 0.6940849 0.6402199 0.0284895 0.0166159
34 0.7666035 0.6396661 0.0673387 0.0598174
10 0.7666035 0.6402199 0.0284895 0.0166159
13 0.3314917 0.7000373 0.0284895 0.0166159
1 0.4040104 0.7000373 0.0284895 0.0166159
27 0.4765290 0.7000373 0.0284895 0.0166159
8 0.5477526 0.7000373 0.0284895 0.0166159
7 0.6215663 0.7000373 0.0284895 0.0166159
6 0.7666035 0.7000373 0.0284895 0.0166159
28 0.4765290 0.4607678 0.0284895 0.0166160
12 0.4040104 0.4607678 0.0284895 0.0166160
9 0.5477526 0.4009504 0.0284895 0.0166159
17 0.6215663 0.5205852 0.0284895 0.0166159
31 0.5477526 0.4607678 0.0284895 0.0166160
22 0.4765290 0.4009504 0.0284895 0.0166159
15 0.7666035 0.5205852 0.0284895 0.0166159
5 0.6940849 0.7000373 0.0284895 0.0166159
8 0.6215663 0.5804026 0.0284895 0.0166159
25 0.4040104 0.5205852 0.0284895 0.0166159
10 0.4765290 0.5804026 0.0284895 0.0166159
