8 0.4070047 0.5436577 0.0278173 0.0168661
3 0.5486202 0.4829396 0.0278173 0.0168661
32 0.4797091 0.3665634 0.5120919 0.4317727
33 0.4784446 0.1799117 0.4640437 0.0157417
4 0.4070047 0.2400675 0.0278173 0.0168661
15 0.4765480 0.2400675 0.0278174 0.0168661
8 0.5486202 0.2400675 0.0278173 0.0168661
6 0.6902357 0.2400675 0.0278174 0.0168661
18 0.2653891 0.3007856 0.0278173 0.0168661
22 0.3361969 0.3007856 0.0278173 0.0168661
14 0.4765480 0.3007856 0.0278174 0.0168661
1 0.5486202 0.3007856 0.0278173 0.0168661
7 0.6194279 0.3007856 0.0278173 0.0168661
3 0.6902357 0.3007856 0.0278174 0.0168661
20 0.3361969 0.3615036 0.0278173 0.0168662
26 0.4765480 0.3615036 0.0278174 0.0168662
19 0.6194279 0.3615036 0.0278173 0.0168662
12 0.6902357 0.3615036 0.0278174 0.0168662
10 0.2653891 0.4222216 0.0278173 0.0168661
30 0.3361969 0.4222216 0.0278173 0.0168661
29 0.4070047 0.4222216 0.0278173 0.0168661
17 0.4765480 0.4222216 0.0278174 0.0168661
16 0.5486202 0.4222216 0.0278173 0.0168661
21 0.6194279 0.4222216 0.0278173 0.0168661
5 0.3361969 0.4829396 0.0278173 0.0168661
24 0.4070047 0.4829396 0.0278173 0.0168661
23 0.6194279 0.4829396 0.0278173 0.0168661
27 0.6902357 0.4829396 0.0278174 0.0168661
9 0.3361969 0.5436577 0.0278173 0.0168661
34 0.4765480 0.5430955 0.0657500 0.0607180
7 0.4765480 0.5436577 0.0278174 0.0168661
25 0.5486202 0.5436577 0.0278173 0.0168661
11 0.6194279 0.5436577 0.0278173 0.0168661
31 0.6902357 0.5436577 0.0278174 0.0168661
31 0.6194279 0.2400675 0.0278173 0.0168661
16 0.5486202 0.3615036 0.0278173 0.0168662
13 0.3361969 0.2400675 0.0278173 0.0168661
18 0.4070047 0.3007856 0.0278173 0.0168661
7 0.2653891 0.2400675 0.0278173 0.0168661
19 0.2653891 0.4829396 0.0278173 0.0168661
7 0.2653891 0.3615036 0.0278173 0.0168662
30 0.6902357 0.4222216 0.0278174 0.0168661
2 0.4765480 0.4829396 0.0278174 0.0168661
21 0.4070047 0.3615036 0.0278173 0.0168662
14 0.2653891 0.5436577 0.0278173 0.0168661
