22 0.3592290 0.4026757 0.0274477 0.0159349
29 0.5688299 0.4026757 0.0274477 0.0159349
32 0.4309674 0.4074562 0.5052879 0.4079315
33 0.4297198 0.2311108 0.4578782 0.0148725
19 0.2194950 0.2879450 0.0274477 0.0159348
11 0.2893620 0.2879450 0.0274477 0.0159348
31 0.3592290 0.2879450 0.0274477 0.0159348
18 0.4989629 0.2879450 0.0274477 0.0159348
15 0.6386969 0.2879450 0.0274478 0.0159348
4 0.2194950 0.3453104 0.0274477 0.0159348
20 0.2893620 0.3453104 0.0274477 0.0159348
23 0.4278483 0.3453104 0.0274477 0.0159348
7 0.5688299 0.3453104 0.0274477 0.0159348
13 0.6386969 0.3453104 0.0274478 0.0159348
6 0.2194950 0.4026757 0.0274477 0.0159349
1 0.4989629 0.4026757 0.0274477 0.0159349
16 0.6386969 0.4026757 0.0274478 0.0159349
5 0.2893620 0.4600411 0.0274477 0.0159348
10 0.3592290 0.4600411 0.0274477 0.0159348
8 0.4278483 0.4600411 0.0274477 0.0159348
34 0.4983392 0.4595099 0.0661241 0.0573654
5 0.4989629 0.4600411 0.0274477 0.0159348
27 0.5688299 0.4600411 0.0274477 0.0159348
12 0.6386969 0.4600411 0.0274478 0.0159348
17 0.2194950 0.5174064 0.0274477 0.0159349
26 0.2893620 0.5174064 0.0274477 0.0159349
25 0.3592290 0.5174064 0.0274477 0.0159349
9 0.5688299 0.5174064 0.0274477 0.0159349
30 0.6386969 0.5174064 0.0274478 0.0159349
14 0.2194950 0.5747718 0.0274477 0.0159348
3 0.2893620 0.5747718 0.0274477 0.0159348
24 0.3592290 0.5747718 0.0274477 0.0159348
2 0.4989629 0.5747718 0.0274477 0.0159348
21 0.6386969 0.5747718 0.0274478 0.0159348
24 0.5688299 0.2879450 0.0274477 0.0159348
8 0.4989629 0.3453104 0.0274477 0.0159348
19 0.4278483 0.2879450 0.0274477 0.0159348
30 0.5688299 0.5747718 0.0274477 0.0159348
31 0.4989629 0.5174064 0.0274477 0.0159349
6 0.3592290 0.3453104 0.0274477 0.0159348
8 0.4278483 0.5174064 0.0274477 0.0159349
24 0.4278483 0.4026757 0.0274477 0.0159349
9 0.2194950 0.4600411 0.0274477 0.0159348
4 0.4278483 0.5747718 0.0274477 0.0159348
19 0.2893620 0.4026757 0.0274477 0.0159349
