14 0.8487363 0.5894854 0.0276517 0.0167275
10 0.7079636 0.4088284 0.0276517 0.0167275
32 0.6394626 0.4138466 0.5090442 0.4282242
33 0.6382056 0.2287289 0.4612820 0.0156124
27 0.4264182 0.2883903 0.0276518 0.0167275
16 0.5671909 0.2883903 0.0276518 0.0167275
14 0.7783499 0.2883903 0.0276517 0.0167275
23 0.8487363 0.2883903 0.0276517 0.0167275
29 0.4264182 0.3486093 0.0276518 0.0167275
5 0.4968045 0.3486093 0.0276518 0.0167275
30 0.5671909 0.3486093 0.0276518 0.0167275
1 0.6363203 0.3486093 0.0276517 0.0167275
19 0.7079636 0.3486093 0.0276517 0.0167275
26 0.7783499 0.3486093 0.0276517 0.0167275
2 0.8487363 0.3486093 0.0276517 0.0167275
21 0.4264182 0.4088284 0.0276518 0.0167275
20 0.5671909 0.4088284 0.0276518 0.0167275
3 0.7783499 0.4088284 0.0276517 0.0167275
31 0.8487363 0.4088284 0.0276517 0.0167275
6 0.4264182 0.4690474 0.0276518 0.0167276
11 0.5671909 0.4690474 0.0276518 0.0167276
7 0.6363203 0.4690474 0.0276517 0.0167276
13 0.7079636 0.4690474 0.0276517 0.0167276
9 0.7783499 0.4690474 0.0276517 0.0167276
24 0.8487363 0.4690474 0.0276517 0.0167276
22 0.4968045 0.5292664 0.0276518 0.0167275
8 0.6363203 0.5292664 0.0276517 0.0167275
25 0.7079636 0.5292664 0.0276517 0.0167275
4 0.7783499 0.5292664 0.0276517 0.0167275
34 0.8487363 0.5287088 0.0653587 0.0602190
15 0.8487363 0.5292664 0.0276517 0.0167275
12 0.4264182 0.5894854 0.0276518 0.0167275
17 0.5671909 0.5894854 0.0276518 0.0167275
18 0.7079636 0.5894854 0.0276517 0.0167275
15 0.4968045 0.4690474 0.0276518 0.0167276
13 0.5671909 0.5292664 0.0276518 0.0167275
11 0.7783499 0.5894854 0.0276517 0.0167275
8 0.6363203 0.4088284 0.0276517 0.0167275
26 0.4264182 0.5292664 0.0276518 0.0167275
9 0.4968045 0.2883903 0.0276518 0.0167275
28 0.6363203 0.5894854 0.0276517 0.0167275
27 0.6363203 0.2883903 0.0276517 0.0167275
11 0.7079636 0.2883903 0.0276517 0.0167275
10 0.4968045 0.4088284 0.0276518 0.0167275
16 0.4968045 0.5894854 0.0276518 0.0167275
