25 0.6109127 0.7558457 0.0275642 0.0160524
26 0.4004216 0.6402686 0.0275643 0.0160524
32 0.4724648 0.5872958 0.5074338 0.4109409
33 0.4712118 0.4096495 0.4598227 0.0149822
2 0.3302580 0.4669029 0.0275643 0.0160524
34 0.4004217 0.4663679 0.0651520 0.0577886
22 0.4004216 0.4669029 0.0275643 0.0160524
19 0.4693324 0.4669029 0.0275643 0.0160524
25 0.5407490 0.4669029 0.0275643 0.0160524
12 0.6109127 0.4669029 0.0275642 0.0160524
1 0.3302580 0.5246915 0.0275643 0.0160524
4 0.4004216 0.5246915 0.0275643 0.0160524
23 0.4693324 0.5246915 0.0275643 0.0160524
22 0.6109127 0.5246915 0.0275642 0.0160524
9 0.6810764 0.5246915 0.0275643 0.0160524
26 0.2600943 0.5824801 0.0275643 0.0160524
3 0.3302580 0.5824801 0.0275643 0.0160524
14 0.4004216 0.5824801 0.0275643 0.0160524
5 0.4693324 0.5824801 0.0275643 0.0160524
16 0.6109127 0.5824801 0.0275642 0.0160524
11 0.6810764 0.5824801 0.0275643 0.0160524
21 0.2600943 0.6402686 0.0275643 0.0160524
29 0.5407490 0.6402686 0.0275643 0.0160524
17 0.3302580 0.6980573 0.0275643 0.0160524
13 0.4004216 0.6980573 0.0275643 0.0160524
31 0.4693324 0.6980573 0.0275643 0.0160524
24 0.5407490 0.6980573 0.0275643 0.0160524
15 0.6109127 0.6980573 0.0275642 0.0160524
30 0.6810764 0.6980573 0.0275643 0.0160524
27 0.2600943 0.7558457 0.0275643 0.0160524
20 0.4004216 0.7558457 0.0275643 0.0160524
10 0.4693324 0.7558457 0.0275643 0.0160524
7 0.5407490 0.7558457 0.0275643 0.0160524
6 0.6810764 0.7558457 0.0275643 0.0160524
7 0.2600943 0.5246915 0.0275643 0.0160524
6 0.2600943 0.4669029 0.0275643 0.0160524
6 0.6810764 0.6402686 0.0275643 0.0160524
29 0.5407490 0.5246915 0.0275643 0.0160524
13 0.2600943 0.6980573 0.0275643 0.0160524
27 0.3302580 0.6402686 0.0275643 0.0160524
2 0.5407490 0.5824801 0.0275643 0.0160524
12 0.4693324 0.6402686 0.0275643 0.0160524
21 0.6109127 0.6402686 0.0275642 0.0160524
13 0.3302580 0.7558457 0.0275643 0.0160524
9 0.6810764 0.4669029 0.0275643 0.0160524
