21 0.1426765 0.6026837 0.0278937 0.0165144
30 0.4976876 0.6026837 0.0278938 0.0165144
32 0.3575850 0.6076380 0.5134982 0.4227681
33 0.3563171 0.4248788 0.4653181 0.0154134
25 0.1426765 0.4837801 0.0278937 0.0165144
6 0.2136787 0.4837801 0.0278937 0.0165144
30 0.3544153 0.4837801 0.0278937 0.0165144
19 0.4266854 0.4837801 0.0278937 0.0165144
24 0.1426765 0.5432319 0.0278937 0.0165144
22 0.2136787 0.5432319 0.0278937 0.0165144
7 0.3544153 0.5432319 0.0278937 0.0165144
31 0.4266854 0.5432319 0.0278937 0.0165144
13 0.5686899 0.5432319 0.0278937 0.0165144
17 0.2136787 0.6026837 0.0278937 0.0165144
18 0.2846810 0.6026837 0.0278937 0.0165144
16 0.3544153 0.6026837 0.0278937 0.0165144
10 0.4266854 0.6026837 0.0278937 0.0165144
15 0.1426765 0.6621355 0.0278937 0.0165144
1 0.2846810 0.6621355 0.0278937 0.0165144
3 0.3544153 0.6621355 0.0278937 0.0165144
21 0.4266854 0.6621355 0.0278937 0.0165144
29 0.4976876 0.6621355 0.0278938 0.0165144
4 0.5686899 0.6621355 0.0278937 0.0165144
14 0.1426765 0.7215873 0.0278937 0.0165144
9 0.2136787 0.7215873 0.0278937 0.0165144
8 0.2846810 0.7215873 0.0278937 0.0165144
20 0.4266854 0.7215873 0.0278937 0.0165144
34 0.5686899 0.7210368 0.0659306 0.0594518
11 0.5686899 0.7215873 0.0278937 0.0165144
12 0.2136787 0.7810390 0.0278937 0.0165144
26 0.3544153 0.7810390 0.0278937 0.0165144
23 0.4266854 0.7810390 0.0278937 0.0165144
2 0.4976876 0.7810390 0.0278938 0.0165144
5 0.5686899 0.7810390 0.0278937 0.0165144
12 0.2846810 0.5432319 0.0278937 0.0165144
5 0.2846810 0.7810390 0.0278937 0.0165144
5 0.4976876 0.4837801 0.0278938 0.0165144
20 0.1426765 0.7810390 0.0278937 0.0165144
13 0.4976876 0.7215873 0.0278938 0.0165144
10 0.5686899 0.4837801 0.0278937 0.0165144
20 0.5686899 0.6026837 0.0278937 0.0165144
5 0.2846810 0.4837801 0.0278937 0.0165144
21 0.2136787 0.6621355 0.0278937 0.0165144
1 0.4976876 0.5432319 0.0278938 0.0165144
14 0.3544153 0.7215873 0.0278937 0.0165144
