29 0.2972439 0.5910379 0.0267515 0.0166862
25 0.1622707 0.4708975 0.0267515 0.0166862
32 0.3002839 0.4759034 0.4924700 0.4271660
33 0.2990679 0.2912430 0.4462630 0.0155738
31 0.1622707 0.3507570 0.0267515 0.0166862
29 0.2303653 0.3507570 0.0267515 0.0166862
16 0.2972439 0.3507570 0.0267515 0.0166862
27 0.3665545 0.3507570 0.0267514 0.0166862
25 0.5027438 0.3507570 0.0267514 0.0166862
23 0.0941760 0.4108273 0.0267515 0.0166862
15 0.1622707 0.4108273 0.0267515 0.0166862
24 0.2972439 0.4108273 0.0267515 0.0166862
1 0.3665545 0.4108273 0.0267514 0.0166862
9 0.4346491 0.4108273 0.0267515 0.0166862
13 0.5027438 0.4108273 0.0267514 0.0166862
22 0.2303653 0.4708975 0.0267515 0.0166862
4 0.2972439 0.4708975 0.0267515 0.0166862
20 0.3665545 0.4708975 0.0267514 0.0166862
8 0.4346491 0.4708975 0.0267515 0.0166862
21 0.5027438 0.4708975 0.0267514 0.0166862
18 0.0941760 0.5309677 0.0267515 0.0166862
5 0.3665545 0.5309677 0.0267514 0.0166862
11 0.4346491 0.5309677 0.0267515 0.0166862
7 0.5027438 0.5309677 0.0267514 0.0166862
10 0.0941760 0.5910379 0.0267515 0.0166862
30 0.2303653 0.5910379 0.0267515 0.0166862
26 0.3665545 0.5910379 0.0267514 0.0166862
17 0.5027438 0.5910379 0.0267514 0.0166862
14 0.1622707 0.6511082 0.0267515 0.0166862
19 0.2303653 0.6511082 0.0267515 0.0166862
12 0.2972439 0.6511082 0.0267515 0.0166862
3 0.3665545 0.6511082 0.0267514 0.0166862
34 0.4340411 0.6505520 0.0620148 0.0600703
3 0.4346491 0.6511082 0.0267515 0.0166862
16 0.1622707 0.5309677 0.0267515 0.0166862
18 0.5027438 0.6511082 0.0267514 0.0166862
9 0.2303653 0.5309677 0.0267515 0.0166862
12 0.4346491 0.3507570 0.0267515 0.0166862
25 0.0941760 0.6511082 0.0267515 0.0166862
31 0.2303653 0.4108273 0.0267515 0.0166862
21 0.2972439 0.5309677 0.0267515 0.0166862
29 0.0941760 0.3507570 0.0267515 0.0166862
22 0.4346491 0.5910379 0.0267515 0.0166862
31 0.0941760 0.4708975 0.0267515 0.0166862
14 0.1622707 0.5910379 0.0267515 0.0166862
