18 0.3887008 0.4270536 0.0265593 0.0160618
9 0.3210952 0.6005212 0.0265593 0.0160618
32 0.5257228 0.4896947 0.4889332 0.4111825
33 0.5245155 0.3119439 0.4430580 0.0149910
10 0.4563063 0.3692311 0.0265594 0.0160618
11 0.5227047 0.3692311 0.0265593 0.0160618
8 0.5915175 0.3692311 0.0265593 0.0160618
22 0.6591231 0.3692311 0.0265594 0.0160618
27 0.7267287 0.3692311 0.0265594 0.0160618
25 0.3210952 0.4270536 0.0265593 0.0160618
12 0.5227047 0.4270536 0.0265593 0.0160618
15 0.5915175 0.4270536 0.0265593 0.0160618
5 0.6591231 0.4270536 0.0265594 0.0160618
24 0.3210952 0.4848762 0.0265593 0.0160618
34 0.4563063 0.4843408 0.0627766 0.0578226
9 0.4563063 0.4848762 0.0265594 0.0160618
2 0.5227047 0.4848762 0.0265593 0.0160618
31 0.5915175 0.4848762 0.0265593 0.0160618
17 0.6591231 0.4848762 0.0265594 0.0160618
1 0.3210952 0.5426987 0.0265593 0.0160618
21 0.4563063 0.5426987 0.0265594 0.0160618
16 0.5227047 0.5426987 0.0265593 0.0160618
9 0.5915175 0.5426987 0.0265593 0.0160618
30 0.6591231 0.5426987 0.0265594 0.0160618
26 0.7267287 0.5426987 0.0265594 0.0160618
6 0.3887008 0.6005212 0.0265593 0.0160618
4 0.4563063 0.6005212 0.0265594 0.0160618
18 0.5227047 0.6005212 0.0265593 0.0160618
20 0.6591231 0.6005212 0.0265594 0.0160618
19 0.3210952 0.6583438 0.0265593 0.0160618
23 0.5227047 0.6583438 0.0265593 0.0160618
3 0.5915175 0.6583438 0.0265593 0.0160618
29 0.6591231 0.6583438 0.0265594 0.0160618
13 0.7267287 0.6583438 0.0265594 0.0160618
31 0.3887008 0.4848762 0.0265593 0.0160618
14 0.3210952 0.3692311 0.0265593 0.0160618
18 0.3887008 0.6583438 0.0265593 0.0160618
2 0.4563063 0.4270536 0.0265594 0.0160618
27 0.7267287 0.4848762 0.0265594 0.0160618
26 0.3887008 0.3692311 0.0265593 0.0160618
18 0.5915175 0.6005212 0.0265593 0.0160618
3 0.7267287 0.4270536 0.0265594 0.0160618
20 0.7267287 0.6005212 0.0265594 0.0160618
31 0.3887008 0.5426987 0.0265593 0.0160618
21 0.4563063 0.6583438 0.0265594 0.0160618
