8 0.3164399 0.4575976 0.0276990 0.0165501
19 0.3164399 0.5171780 0.0276990 0.0165501
32 0.3888351 0.5221430 0.5099137 0.4236829
33 0.3875761 0.3389884 0.4620700 0.0154468
1 0.1754268 0.3980172 0.0276990 0.0165501
18 0.3856875 0.3980172 0.0276990 0.0165501
2 0.5279597 0.3980172 0.0276990 0.0165501
34 0.5984663 0.3974655 0.0654704 0.0595804
20 0.5984663 0.3980172 0.0276990 0.0165501
24 0.1754268 0.4575976 0.0276990 0.0165501
21 0.2459333 0.4575976 0.0276990 0.0165501
9 0.3856875 0.4575976 0.0276990 0.0165501
26 0.5279597 0.4575976 0.0276990 0.0165501
16 0.5984663 0.4575976 0.0276990 0.0165501
7 0.1754268 0.5171780 0.0276990 0.0165501
31 0.2459333 0.5171780 0.0276990 0.0165501
23 0.3856875 0.5171780 0.0276990 0.0165501
5 0.5279597 0.5171780 0.0276990 0.0165501
29 0.5984663 0.5171780 0.0276990 0.0165501
13 0.1754268 0.5767584 0.0276990 0.0165501
12 0.3164399 0.5767584 0.0276990 0.0165501
17 0.3856875 0.5767584 0.0276990 0.0165501
22 0.4574531 0.5767584 0.0276991 0.0165501
25 0.5279597 0.5767584 0.0276990 0.0165501
10 0.5984663 0.5767584 0.0276990 0.0165501
30 0.3164399 0.6363388 0.0276990 0.0165502
8 0.3856875 0.6363388 0.0276990 0.0165502
11 0.4574531 0.6363388 0.0276991 0.0165502
14 0.5279597 0.6363388 0.0276990 0.0165502
3 0.5984663 0.6363388 0.0276990 0.0165502
6 0.1754268 0.6959192 0.0276990 0.0165502
19 0.3164399 0.6959192 0.0276990 0.0165502
15 0.3856875 0.6959192 0.0276990 0.0165502
27 0.5984663 0.6959192 0.0276990 0.0165502
5 0.5279597 0.6959192 0.0276990 0.0165502
25 0.1754268 0.6363388 0.0276990 0.0165502
6 0.4574531 0.6959192 0.0276991 0.0165502
5 0.2459333 0.5767584 0.0276990 0.0165501
21 0.2459333 0.3980172 0.0276990 0.0165501
12 0.4574531 0.3980172 0.0276991 0.0165501
11 0.2459333 0.6959192 0.0276990 0.0165502
15 0.2459333 0.6363388 0.0276990 0.0165502
9 0.4574531 0.4575976 0.0276991 0.0165501
1 0.4574531 0.5171780 0.0276991 0.0165501
11 0.3164399 0.3980172 0.0276990 0.0165501
