12 0.4463818 0.6404102 0.0280533 0.0163110
7 0.6618823 0.5816907 0.0280533 0.0163110
32 0.4495697 0.5278646 0.5164362 0.4175602
33 0.4482946 0.3473568 0.4679804 0.0152235
14 0.3048401 0.4055325 0.0280533 0.0163109
20 0.3762486 0.4055325 0.0280533 0.0163109
18 0.4463818 0.4055325 0.0280533 0.0163109
34 0.5184279 0.4049888 0.0675830 0.0587194
20 0.5190654 0.4055325 0.0280534 0.0163109
25 0.6618823 0.4055325 0.0280533 0.0163109
8 0.2334316 0.4642519 0.0280533 0.0163110
30 0.3048401 0.4642519 0.0280533 0.0163110
5 0.3762486 0.4642519 0.0280533 0.0163110
26 0.5190654 0.4642519 0.0280534 0.0163110
13 0.5904739 0.4642519 0.0280534 0.0163110
31 0.2334316 0.5229713 0.0280533 0.0163110
23 0.3762486 0.5229713 0.0280533 0.0163110
16 0.4463818 0.5229713 0.0280533 0.0163110
29 0.6618823 0.5229713 0.0280533 0.0163110
7 0.3048401 0.5816907 0.0280533 0.0163110
27 0.3762486 0.5816907 0.0280533 0.0163110
22 0.5190654 0.5816907 0.0280534 0.0163110
11 0.5904739 0.5816907 0.0280534 0.0163110
3 0.2334316 0.6404102 0.0280533 0.0163110
19 0.3048401 0.6404102 0.0280533 0.0163110
17 0.3762486 0.6404102 0.0280533 0.0163110
9 0.5190654 0.6404102 0.0280534 0.0163110
21 0.6618823 0.6404102 0.0280533 0.0163110
6 0.2334316 0.6991295 0.0280533 0.0163110
10 0.3048401 0.6991295 0.0280533 0.0163110
12 0.3762486 0.6991295 0.0280533 0.0163110
1 0.4463818 0.6991295 0.0280533 0.0163110
24 0.5190654 0.6991295 0.0280534 0.0163110
2 0.5904739 0.6991295 0.0280534 0.0163110
11 0.5904739 0.4055325 0.0280534 0.0163109
15 0.2334316 0.4055325 0.0280533 0.0163109
14 0.3048401 0.5229713 0.0280533 0.0163110
16 0.5190654 0.5229713 0.0280534 0.0163110
1 0.2334316 0.5816907 0.0280533 0.0163110
16 0.6618823 0.6991295 0.0280533 0.0163110
1 0.5904739 0.5229713 0.0280534 0.0163110
16 0.6618823 0.4642519 0.0280533 0.0163110
5 0.4463818 0.4642519 0.0280533 0.0163110
13 0.5904739 0.6404102 0.0280534 0.0163110
9 0.4463818 0.5816907 0.0280533 0.0163110
