8 0.1753298 0.5938936 0.0267024 0.0164208
4 0.1753298 0.4756634 0.0267024 0.0164208
32 0.3810595 0.5397048 0.4915665 0.4203742
33 0.3798457 0.3579806 0.4454442 0.0153261
9 0.1753298 0.4165483 0.0267024 0.0164209
27 0.2432995 0.4165483 0.0267024 0.0164209
1 0.3112691 0.4165483 0.0267024 0.0164209
22 0.4472085 0.4165483 0.0267023 0.0164209
19 0.5151782 0.4165483 0.0267024 0.0164209
3 0.5831479 0.4165483 0.0267023 0.0164209
13 0.2432995 0.4756634 0.0267024 0.0164208
23 0.3112691 0.4756634 0.0267024 0.0164208
12 0.3780251 0.4756634 0.0267023 0.0164208
18 0.4472085 0.4756634 0.0267023 0.0164208
17 0.5151782 0.4756634 0.0267024 0.0164208
29 0.1753298 0.5347785 0.0267024 0.0164208
6 0.2432995 0.5347785 0.0267024 0.0164208
24 0.3112691 0.5347785 0.0267024 0.0164208
10 0.3780251 0.5347785 0.0267023 0.0164208
5 0.5831479 0.5347785 0.0267023 0.0164208
11 0.2432995 0.5938936 0.0267024 0.0164208
15 0.3112691 0.5938936 0.0267024 0.0164208
31 0.5151782 0.5938936 0.0267024 0.0164208
20 0.3112691 0.6530088 0.0267024 0.0164208
26 0.3780251 0.6530088 0.0267023 0.0164208
25 0.4472085 0.6530088 0.0267023 0.0164208
34 0.5831479 0.6524614 0.0631147 0.0591151
24 0.5831479 0.6530088 0.0267023 0.0164208
16 0.1753298 0.7121239 0.0267024 0.0164208
21 0.3112691 0.7121239 0.0267024 0.0164208
4 0.3780251 0.7121239 0.0267023 0.0164208
7 0.4472085 0.7121239 0.0267023 0.0164208
30 0.5151782 0.7121239 0.0267024 0.0164208
8 0.5831479 0.7121239 0.0267023 0.0164208
12 0.5831479 0.4756634 0.0267023 0.0164208
1 0.2432995 0.6530088 0.0267024 0.0164208
20 0.5831479 0.5938936 0.0267023 0.0164208
26 0.5151782 0.5347785 0.0267024 0.0164208
7 0.5151782 0.6530088 0.0267024 0.0164208
20 0.4472085 0.5347785 0.0267023 0.0164208
24 0.3780251 0.5938936 0.0267023 0.0164208
9 0.1753298 0.6530088 0.0267024 0.0164208
14 0.4472085 0.5938936 0.0267023 0.0164208
5 0.3780251 0.4165483 0.0267023 0.0164209
8 0.2432995 0.7121239 0.0267024 0.0164208
