15 0.2218393 0.3531658 0.0276616 0.0166809
22 0.6443073 0.5933710 0.0276616 0.0166809
32 0.4349593 0.4782726 0.5092249 0.4270314
33 0.4337020 0.2936706 0.4614458 0.0155688
2 0.2922506 0.3531658 0.0276616 0.0166809
1 0.5034846 0.3531658 0.0276616 0.0166809
11 0.5738960 0.3531658 0.0276616 0.0166809
23 0.6443073 0.3531658 0.0276616 0.0166809
5 0.2922506 0.4132171 0.0276616 0.0166809
4 0.3626620 0.4132171 0.0276616 0.0166809
12 0.4318159 0.4132171 0.0276616 0.0166809
8 0.5034846 0.4132171 0.0276616 0.0166809
31 0.5738960 0.4132171 0.0276616 0.0166809
25 0.6443073 0.4132171 0.0276616 0.0166809
26 0.2218393 0.4732684 0.0276616 0.0166809
18 0.3626620 0.4732684 0.0276616 0.0166809
34 0.5028560 0.4727123 0.0666393 0.0600513
3 0.5034846 0.4732684 0.0276616 0.0166809
24 0.5738960 0.4732684 0.0276616 0.0166809
14 0.6443073 0.4732684 0.0276616 0.0166809
20 0.2218393 0.5333196 0.0276616 0.0166809
7 0.2922506 0.5333196 0.0276616 0.0166809
3 0.4318159 0.5333196 0.0276616 0.0166809
22 0.5034846 0.5333196 0.0276616 0.0166809
29 0.6443073 0.5333196 0.0276616 0.0166809
17 0.2218393 0.5933710 0.0276616 0.0166809
30 0.3626620 0.5933710 0.0276616 0.0166809
9 0.4318159 0.5933710 0.0276616 0.0166809
21 0.5034846 0.5933710 0.0276616 0.0166809
27 0.2218393 0.6534222 0.0276616 0.0166809
19 0.2922506 0.6534222 0.0276616 0.0166809
13 0.3626620 0.6534222 0.0276616 0.0166809
6 0.5738960 0.6534222 0.0276616 0.0166809
10 0.6443073 0.6534222 0.0276616 0.0166809
19 0.3626620 0.3531658 0.0276616 0.0166809
3 0.2922506 0.5933710 0.0276616 0.0166809
12 0.2218393 0.4132171 0.0276616 0.0166809
17 0.2922506 0.4732684 0.0276616 0.0166809
1 0.3626620 0.5333196 0.0276616 0.0166809
4 0.4318159 0.3531658 0.0276616 0.0166809
1 0.5034846 0.6534222 0.0276616 0.0166809
14 0.4318159 0.6534222 0.0276616 0.0166809
6 0.5738960 0.5933710 0.0276616 0.0166809
27 0.5738960 0.5333196 0.0276616 0.0166809
28 0.4318159 0.4732684 0.0276616 0.0166809
