9 0.2855054 0.5206592 0.0276943 0.0165068
4 0.5674835 0.5206592 0.0276942 0.0165068
32 0.4283827 0.5850356 0.5098264 0.4225734
33 0.4271239 0.4023606 0.4619909 0.0154063
6 0.2855054 0.4612348 0.0276943 0.0165068
30 0.3560000 0.4612348 0.0276943 0.0165068
26 0.4969890 0.4612348 0.0276943 0.0165068
19 0.6379781 0.4612348 0.0276943 0.0165068
34 0.3559999 0.5201090 0.0654592 0.0594244
21 0.3560000 0.5206592 0.0276943 0.0165068
3 0.4252357 0.5206592 0.0276943 0.0165068
29 0.4969890 0.5206592 0.0276943 0.0165068
15 0.6379781 0.5206592 0.0276943 0.0165068
7 0.2150109 0.5800836 0.0276943 0.0165068
2 0.3560000 0.5800836 0.0276943 0.0165068
31 0.5674835 0.5800836 0.0276942 0.0165068
17 0.2150109 0.6395079 0.0276943 0.0165068
22 0.2855054 0.6395079 0.0276943 0.0165068
16 0.4252357 0.6395079 0.0276943 0.0165068
11 0.4969890 0.6395079 0.0276943 0.0165068
23 0.5674835 0.6395079 0.0276942 0.0165068
14 0.6379781 0.6395079 0.0276943 0.0165068
21 0.2150109 0.6989324 0.0276943 0.0165068
9 0.2855054 0.6989324 0.0276943 0.0165068
8 0.3560000 0.6989324 0.0276943 0.0165068
10 0.4252357 0.6989324 0.0276943 0.0165068
27 0.4969890 0.6989324 0.0276943 0.0165068
20 0.5674835 0.6989324 0.0276942 0.0165068
13 0.6379781 0.6989324 0.0276943 0.0165068
5 0.3560000 0.7583567 0.0276943 0.0165068
18 0.4252357 0.7583567 0.0276943 0.0165068
4 0.4969890 0.7583567 0.0276943 0.0165068
25 0.5674835 0.7583567 0.0276942 0.0165068
24 0.6379781 0.7583567 0.0276943 0.0165068
20 0.2150109 0.4612348 0.0276943 0.0165068
15 0.2855054 0.5800836 0.0276943 0.0165068
18 0.6379781 0.5800836 0.0276943 0.0165068
29 0.4969890 0.5800836 0.0276943 0.0165068
27 0.2150109 0.5206592 0.0276943 0.0165068
11 0.4252357 0.5800836 0.0276943 0.0165068
25 0.2855054 0.7583567 0.0276943 0.0165068
28 0.5674835 0.4612348 0.0276942 0.0165068
27 0.2150109 0.7583567 0.0276943 0.0165068
20 0.3560000 0.6395079 0.0276943 0.0165068
28 0.4252357 0.4612348 0.0276943 0.0165068
