31 0.5536726 0.5182995 0.0281102 0.0162779
18 0.8398860 0.2838969 0.0281103 0.0162780
32 0.6271425 0.3473809 0.5174841 0.4167156
33 0.6258648 0.1672383 0.4689300 0.0151928
19 0.4105659 0.2252963 0.0281102 0.0162779
2 0.4821192 0.2252963 0.0281102 0.0162779
17 0.5536726 0.2252963 0.0281102 0.0162779
3 0.6239482 0.2252963 0.0281102 0.0162779
34 0.7676938 0.2247537 0.0651646 0.0586006
12 0.7683327 0.2252963 0.0281103 0.0162779
30 0.4105659 0.2838969 0.0281102 0.0162780
12 0.5536726 0.2838969 0.0281102 0.0162780
25 0.6239482 0.2838969 0.0281102 0.0162780
7 0.7683327 0.2838969 0.0281103 0.0162780
21 0.4821192 0.3424976 0.0281102 0.0162779
22 0.7683327 0.3424976 0.0281103 0.0162779
31 0.8398860 0.3424976 0.0281103 0.0162779
5 0.4105659 0.4010982 0.0281102 0.0162779
20 0.4821192 0.4010982 0.0281102 0.0162779
4 0.5536726 0.4010982 0.0281102 0.0162779
26 0.6967793 0.4010982 0.0281103 0.0162779
15 0.7683327 0.4010982 0.0281103 0.0162779
6 0.8398860 0.4010982 0.0281103 0.0162779
10 0.4821192 0.4596988 0.0281102 0.0162779
24 0.5536726 0.4596988 0.0281102 0.0162779
9 0.6967793 0.4596988 0.0281103 0.0162779
29 0.7683327 0.4596988 0.0281103 0.0162779
1 0.8398860 0.4596988 0.0281103 0.0162779
18 0.4821192 0.5182995 0.0281102 0.0162779
13 0.6239482 0.5182995 0.0281102 0.0162779
14 0.6967793 0.5182995 0.0281103 0.0162779
11 0.7683327 0.5182995 0.0281103 0.0162779
8 0.8398860 0.5182995 0.0281103 0.0162779
13 0.4105659 0.4596988 0.0281102 0.0162779
3 0.6239482 0.4010982 0.0281102 0.0162779
20 0.6967793 0.3424976 0.0281103 0.0162779
21 0.6967793 0.2252963 0.0281103 0.0162779
24 0.6967793 0.2838969 0.0281103 0.0162780
17 0.5536726 0.3424976 0.0281102 0.0162779
12 0.4105659 0.3424976 0.0281102 0.0162779
17 0.8398860 0.2252963 0.0281103 0.0162779
30 0.4105659 0.5182995 0.0281102 0.0162779
1 0.6239482 0.3424976 0.0281102 0.0162779
31 0.4821192 0.2838969 0.0281102 0.0162780
7 0.6239482 0.4596988 0.0281102 0.0162779
