31 0.5938422 0.7516853 0.0278730 0.0171939
4 0.5938422 0.6278893 0.0278730 0.0171939
32 0.4538438 0.6330474 0.5131165 0.4401635
33 0.4525768 0.4427684 0.4649722 0.0160476
27 0.3100445 0.5040933 0.0278730 0.0171939
20 0.3809939 0.5040933 0.0278730 0.0171939
6 0.4506764 0.5040933 0.0278730 0.0171939
18 0.5228928 0.5040933 0.0278730 0.0171939
24 0.6647917 0.5040933 0.0278730 0.0171939
29 0.2390950 0.5659913 0.0278730 0.0171939
19 0.4506764 0.5659913 0.0278730 0.0171939
8 0.5228928 0.5659913 0.0278730 0.0171939
12 0.5938422 0.5659913 0.0278730 0.0171939
15 0.6647917 0.5659913 0.0278730 0.0171939
4 0.2390950 0.6278893 0.0278730 0.0171939
34 0.3809939 0.6273161 0.0658816 0.0618979
30 0.3809939 0.6278893 0.0278730 0.0171939
10 0.5228928 0.6278893 0.0278730 0.0171939
17 0.6647917 0.6278893 0.0278730 0.0171939
23 0.2390950 0.6897873 0.0278730 0.0171939
11 0.3100445 0.6897873 0.0278730 0.0171939
31 0.3809939 0.6897873 0.0278730 0.0171939
5 0.5938422 0.6897873 0.0278730 0.0171939
16 0.2390950 0.7516853 0.0278730 0.0171939
1 0.3100445 0.7516853 0.0278730 0.0171939
22 0.3809939 0.7516853 0.0278730 0.0171939
9 0.5228928 0.7516853 0.0278730 0.0171939
3 0.3100445 0.8135832 0.0278730 0.0171939
26 0.3809939 0.8135832 0.0278730 0.0171939
7 0.4506764 0.8135832 0.0278730 0.0171939
25 0.5228928 0.8135832 0.0278730 0.0171939
2 0.5938422 0.8135832 0.0278730 0.0171939
21 0.6647917 0.8135832 0.0278730 0.0171939
21 0.2390950 0.5040933 0.0278730 0.0171939
7 0.6647917 0.7516853 0.0278730 0.0171939
12 0.4506764 0.7516853 0.0278730 0.0171939
22 0.3809939 0.5659913 0.0278730 0.0171939
25 0.3100445 0.6278893 0.0278730 0.0171939
16 0.6647917 0.6897873 0.0278730 0.0171939
13 0.5938422 0.5040933 0.0278730 0.0171939
26 0.4506764 0.6278893 0.0278730 0.0171939
20 0.3100445 0.5659913 0.0278730 0.0171939
20 0.2390950 0.8135832 0.0278730 0.0171939
2 0.5228928 0.6897873 0.0278730 0.0171939
17 0.4506764 0.6897873 0.0278730 0.0171939
