28 0.5991467 0.3984818 0.0264462 0.0165422
13 0.1952412 0.3984818 0.0264462 0.0165422
32 0.3989970 0.4034445 0.4868503 0.4234809
33 0.3977950 0.2203773 0.4411705 0.0154394
19 0.1952412 0.2793778 0.0264462 0.0165422
16 0.3298763 0.2793778 0.0264462 0.0165422
9 0.5318291 0.2793778 0.0264462 0.0165422
20 0.5991467 0.2793778 0.0264462 0.0165422
3 0.1952412 0.3389299 0.0264462 0.0165422
21 0.2625588 0.3389299 0.0264462 0.0165422
22 0.3298763 0.3389299 0.0264462 0.0165422
18 0.3959918 0.3389299 0.0264462 0.0165422
6 0.5318291 0.3389299 0.0264462 0.0165422
27 0.5991467 0.3389299 0.0264462 0.0165422
26 0.2625588 0.3984818 0.0264462 0.0165422
31 0.3298763 0.3984818 0.0264462 0.0165422
15 0.3959918 0.3984818 0.0264462 0.0165422
12 0.5318291 0.3984818 0.0264462 0.0165422
2 0.2625588 0.4580338 0.0264462 0.0165422
7 0.3298763 0.4580338 0.0264462 0.0165422
11 0.3959918 0.4580338 0.0264462 0.0165422
34 0.4639104 0.4574824 0.0637113 0.0595520
4 0.4645115 0.4580338 0.0264462 0.0165422
25 0.5318291 0.4580338 0.0264462 0.0165422
13 0.3298763 0.5175858 0.0264462 0.0165422
24 0.3959918 0.5175858 0.0264462 0.0165422
8 0.4645115 0.5175858 0.0264462 0.0165422
5 0.5318291 0.5175858 0.0264462 0.0165422
10 0.5991467 0.5175858 0.0264462 0.0165422
17 0.2625588 0.5771379 0.0264462 0.0165422
4 0.4645115 0.5771379 0.0264462 0.0165422
23 0.5318291 0.5771379 0.0264462 0.0165422
29 0.5991467 0.5771379 0.0264462 0.0165422
27 0.3298763 0.5771379 0.0264462 0.0165422
28 0.1952412 0.4580338 0.0264462 0.0165422
10 0.1952412 0.5175858 0.0264462 0.0165422
17 0.3959918 0.2793778 0.0264462 0.0165422
14 0.4645115 0.3389299 0.0264462 0.0165422
25 0.2625588 0.2793778 0.0264462 0.0165422
17 0.1952412 0.5771379 0.0264462 0.0165422
22 0.5991467 0.4580338 0.0264462 0.0165422
19 0.3959918 0.5771379 0.0264462 0.0165422
19 0.4645115 0.3984818 0.0264462 0.0165422
7 0.4645115 0.2793778 0.0264462 0.0165422
18 0.2625588 0.5175858 0.0264462 0.0165422
