4 0.7869856 0.4618105 0.0262272 0.0171369
15 0.4531853 0.2767322 0.0262272 0.0171368
32 0.6552537 0.3435661 0.4828181 0.4387042
33 0.6540616 0.1539179 0.4375168 0.0159944
8 0.4531853 0.2150394 0.0262272 0.0171369
9 0.5199454 0.2150394 0.0262271 0.0171369
10 0.5867054 0.2150394 0.0262272 0.0171369
16 0.6522734 0.2150394 0.0262272 0.0171369
11 0.7202255 0.2150394 0.0262271 0.0171369
12 0.7869856 0.2150394 0.0262272 0.0171369
18 0.8537456 0.2150394 0.0262272 0.0171369
19 0.5199454 0.2767322 0.0262271 0.0171368
22 0.6522734 0.2767322 0.0262272 0.0171368
15 0.7869856 0.2767322 0.0262272 0.0171368
3 0.4531853 0.3384250 0.0262272 0.0171368
30 0.5199454 0.3384250 0.0262271 0.0171368
1 0.5867054 0.3384250 0.0262272 0.0171368
23 0.7202255 0.3384250 0.0262271 0.0171368
21 0.7869856 0.3384250 0.0262272 0.0171368
17 0.5199454 0.4001178 0.0262271 0.0171368
4 0.5867054 0.4001178 0.0262272 0.0171368
6 0.6522734 0.4001178 0.0262272 0.0171368
26 0.8537456 0.4001178 0.0262272 0.0171368
31 0.4531853 0.4618105 0.0262272 0.0171369
25 0.5199454 0.4618105 0.0262271 0.0171369
2 0.5867054 0.4618105 0.0262272 0.0171369
13 0.6522734 0.4618105 0.0262272 0.0171369
5 0.7202255 0.4618105 0.0262271 0.0171369
7 0.8537456 0.4618105 0.0262272 0.0171369
27 0.5199454 0.5235033 0.0262271 0.0171369
34 0.7196295 0.5229321 0.0631837 0.0616928
5 0.7202255 0.5235033 0.0262271 0.0171369
24 0.8537456 0.5235033 0.0262272 0.0171369
2 0.7869856 0.4001178 0.0262272 0.0171368
29 0.8537456 0.3384250 0.0262272 0.0171368
8 0.5867054 0.5235033 0.0262272 0.0171369
13 0.7869856 0.5235033 0.0262272 0.0171369
25 0.5867054 0.2767322 0.0262272 0.0171368
7 0.7202255 0.4001178 0.0262271 0.0171368
22 0.4531853 0.5235033 0.0262272 0.0171369
22 0.6522734 0.5235033 0.0262272 0.0171369
26 0.8537456 0.2767322 0.0262272 0.0171368
7 0.7202255 0.2767322 0.0262271 0.0171368
13 0.6522734 0.3384250 0.0262272 0.0171368
14 0.4531853 0.4001178 0.0262272 0.0171368
