22 0.3041444 0.5446658 0.0263304 0.0159806
6 0.4369930 0.5446658 0.0263304 0.0159806
32 0.4399851 0.5494600 0.4847179 0.4091057
33 0.4387883 0.3726070 0.4392383 0.0149153
9 0.2371217 0.4296048 0.0263304 0.0159807
21 0.3711671 0.4296048 0.0263304 0.0159807
18 0.4369930 0.4296048 0.0263304 0.0159807
19 0.5052126 0.4296048 0.0263304 0.0159807
17 0.5722353 0.4296048 0.0263303 0.0159807
34 0.6392580 0.4290721 0.0622354 0.0575305
7 0.6392580 0.4296048 0.0263304 0.0159807
10 0.3711671 0.4871353 0.0263304 0.0159807
1 0.4369930 0.4871353 0.0263304 0.0159807
5 0.5052126 0.4871353 0.0263304 0.0159807
13 0.5722353 0.4871353 0.0263303 0.0159807
14 0.2371217 0.5446658 0.0263304 0.0159806
27 0.3711671 0.5446658 0.0263304 0.0159806
23 0.5722353 0.5446658 0.0263303 0.0159806
2 0.6392580 0.5446658 0.0263304 0.0159806
25 0.2371217 0.6021962 0.0263304 0.0159808
30 0.3041444 0.6021962 0.0263304 0.0159808
12 0.3711671 0.6021962 0.0263304 0.0159808
16 0.5052126 0.6021962 0.0263304 0.0159808
15 0.5722353 0.6021962 0.0263303 0.0159808
22 0.2371217 0.6597268 0.0263304 0.0159808
20 0.3041444 0.6597268 0.0263304 0.0159808
8 0.3711671 0.6597268 0.0263304 0.0159808
11 0.4369930 0.6597268 0.0263304 0.0159808
29 0.2371217 0.7172572 0.0263304 0.0159806
4 0.3041444 0.7172572 0.0263304 0.0159806
24 0.3711671 0.7172572 0.0263304 0.0159806
26 0.5722353 0.7172572 0.0263303 0.0159806
6 0.6392580 0.7172572 0.0263304 0.0159806
15 0.6392580 0.6021962 0.0263304 0.0159808
20 0.4369930 0.6021962 0.0263304 0.0159808
10 0.5052126 0.7172572 0.0263304 0.0159806
16 0.6392580 0.6597268 0.0263304 0.0159808
6 0.5052126 0.5446658 0.0263304 0.0159806
27 0.3041444 0.4296048 0.0263304 0.0159807
10 0.5052126 0.6597268 0.0263304 0.0159808
29 0.5722353 0.6597268 0.0263303 0.0159808
15 0.3041444 0.4871353 0.0263304 0.0159807
4 0.6392580 0.4871353 0.0263304 0.0159807
30 0.4369930 0.7172572 0.0263304 0.0159806
10 0.2371217 0.4871353 0.0263304 0.0159807
