22 0.4580367 0.5262792 0.0265873 0.0168437
16 0.1873291 0.5262792 0.0265874 0.0168437
32 0.3244957 0.3494196 0.4894489 0.4312005
33 0.3232872 0.1630152 0.4435253 0.0157209
8 0.1873291 0.2230913 0.0265874 0.0168438
16 0.3903598 0.2230913 0.0265873 0.0168438
17 0.4580367 0.2230913 0.0265873 0.0168438
25 0.5257136 0.2230913 0.0265873 0.0168438
14 0.1196523 0.2837289 0.0265874 0.0168438
5 0.1873291 0.2837289 0.0265874 0.0168438
6 0.2550060 0.2837289 0.0265874 0.0168438
20 0.5257136 0.2837289 0.0265873 0.0168438
24 0.1196523 0.3443665 0.0265874 0.0168437
3 0.2550060 0.3443665 0.0265874 0.0168437
19 0.3214744 0.3443665 0.0265873 0.0168437
7 0.3903598 0.3443665 0.0265873 0.0168437
29 0.5257136 0.3443665 0.0265873 0.0168437
26 0.1196523 0.4050041 0.0265874 0.0168438
1 0.3214744 0.4050041 0.0265873 0.0168438
22 0.3903598 0.4050041 0.0265873 0.0168438
11 0.4580367 0.4050041 0.0265873 0.0168438
12 0.5257136 0.4050041 0.0265873 0.0168438
2 0.1196523 0.4656416 0.0265874 0.0168437
9 0.1873291 0.4656416 0.0265874 0.0168437
21 0.2550060 0.4656416 0.0265874 0.0168437
10 0.3214744 0.4656416 0.0265873 0.0168437
18 0.4580367 0.4656416 0.0265873 0.0168437
27 0.5257136 0.4656416 0.0265873 0.0168437
34 0.1196523 0.5257177 0.0628428 0.0606375
19 0.1196523 0.5262792 0.0265874 0.0168437
15 0.2550060 0.5262792 0.0265874 0.0168437
31 0.3214744 0.5262792 0.0265873 0.0168437
23 0.5257136 0.5262792 0.0265873 0.0168437
20 0.1873291 0.3443665 0.0265874 0.0168437
22 0.3214744 0.2837289 0.0265873 0.0168438
8 0.4580367 0.3443665 0.0265873 0.0168437
20 0.3214744 0.2230913 0.0265873 0.0168438
19 0.2550060 0.4050041 0.0265874 0.0168438
7 0.1196523 0.2230913 0.0265874 0.0168438
7 0.3903598 0.4656416 0.0265873 0.0168437
9 0.2550060 0.2230913 0.0265874 0.0168438
24 0.4580367 0.2837289 0.0265873 0.0168438
29 0.1873291 0.4050041 0.0265874 0.0168438
15 0.3903598 0.2837289 0.0265873 0.0168438
12 0.3903598 0.5262792 0.0265873 0.0168437
