25 0.5131021 0.6026895 0.0286866 0.0166323
28 0.4400818 0.4829373 0.0286865 0.0166323
32 0.2959972 0.4280509 0.5280930 0.4257856
33 0.2946933 0.2439874 0.4785435 0.0155234
29 0.0749805 0.3033091 0.0286865 0.0166322
1 0.2210210 0.3033091 0.0286865 0.0166322
20 0.2927374 0.3033091 0.0286865 0.0166322
30 0.4400818 0.3033091 0.0286865 0.0166322
19 0.5131021 0.3033091 0.0286866 0.0166322
10 0.0749805 0.3631852 0.0286865 0.0166322
11 0.2210210 0.3631852 0.0286865 0.0166322
16 0.2927374 0.3631852 0.0286865 0.0166322
18 0.5131021 0.3631852 0.0286866 0.0166322
25 0.0749805 0.4230612 0.0286865 0.0166323
9 0.1480008 0.4230612 0.0286865 0.0166323
2 0.2210210 0.4230612 0.0286865 0.0166323
7 0.5131021 0.4230612 0.0286866 0.0166323
15 0.0749805 0.4829373 0.0286865 0.0166323
26 0.1480008 0.4829373 0.0286865 0.0166323
14 0.2210210 0.4829373 0.0286865 0.0166323
31 0.3670616 0.4829373 0.0286865 0.0166323
24 0.5131021 0.4829373 0.0286866 0.0166323
13 0.0749805 0.5428134 0.0286865 0.0166323
5 0.2210210 0.5428134 0.0286865 0.0166323
34 0.4394299 0.5422590 0.0665006 0.0598761
28 0.4400818 0.5428134 0.0286865 0.0166323
27 0.5131021 0.5428134 0.0286866 0.0166323
21 0.0749805 0.6026895 0.0286865 0.0166323
3 0.1480008 0.6026895 0.0286865 0.0166323
23 0.2210210 0.6026895 0.0286865 0.0166323
22 0.2927374 0.6026895 0.0286865 0.0166323
4 0.3670616 0.6026895 0.0286865 0.0166323
17 0.4400818 0.6026895 0.0286865 0.0166323
14 0.1480008 0.3631852 0.0286865 0.0166322
19 0.4400818 0.3631852 0.0286865 0.0166322
20 0.3670616 0.3631852 0.0286865 0.0166322
30 0.2927374 0.4230612 0.0286865 0.0166323
16 0.4400818 0.4230612 0.0286865 0.0166323
24 0.3670616 0.4230612 0.0286865 0.0166323
5 0.2927374 0.5428134 0.0286865 0.0166323
28 0.2927374 0.4829373 0.0286865 0.0166323
15 0.1480008 0.5428134 0.0286865 0.0166323
27 0.3670616 0.3033091 0.0286865 0.0166322
10 0.3670616 0.5428134 0.0286865 0.0166323
2 0.1480008 0.3033091 0.0286865 0.0166322
