28 0.4035046 0.7202365 0.0285677 0.0171880
1 0.4035046 0.5964825 0.0285677 0.0171880
32 0.2621097 0.5397619 0.5217193 0.4400143
33 0.2587185 0.3495474 0.4765604 0.0160422
14 0.1126340 0.4108514 0.0285676 0.0171880
20 0.1853516 0.4108514 0.0285677 0.0171880
9 0.0399163 0.4727285 0.0285677 0.0171880
21 0.1126340 0.4727285 0.0285676 0.0171880
7 0.1853516 0.4727285 0.0285677 0.0171880
24 0.2567707 0.4727285 0.0285677 0.0171880
10 0.3307869 0.4727285 0.0285677 0.0171880
30 0.4762223 0.4727285 0.0285677 0.0171880
6 0.0399163 0.5346055 0.0285677 0.0171881
22 0.1126340 0.5346055 0.0285676 0.0171881
25 0.2567707 0.5346055 0.0285677 0.0171881
4 0.3307869 0.5346055 0.0285677 0.0171881
27 0.4035046 0.5346055 0.0285677 0.0171881
23 0.0399163 0.5964825 0.0285677 0.0171880
26 0.1126340 0.5964825 0.0285676 0.0171880
3 0.2567707 0.5964825 0.0285677 0.0171880
31 0.3307869 0.5964825 0.0285677 0.0171880
1 0.4762223 0.5964825 0.0285677 0.0171880
29 0.1126340 0.6583595 0.0285676 0.0171880
12 0.1853516 0.6583595 0.0285677 0.0171880
34 0.2567707 0.6577866 0.0675235 0.0618770
23 0.2567707 0.6583595 0.0285677 0.0171880
17 0.4035046 0.6583595 0.0285677 0.0171880
13 0.4762223 0.6583595 0.0285677 0.0171880
2 0.1126340 0.7202365 0.0285676 0.0171880
15 0.1853516 0.7202365 0.0285677 0.0171880
5 0.2567707 0.7202365 0.0285677 0.0171880
11 0.3307869 0.7202365 0.0285677 0.0171880
18 0.4762223 0.7202365 0.0285677 0.0171880
14 0.3307869 0.4108514 0.0285677 0.0171880
11 0.4035046 0.4108514 0.0285677 0.0171880
11 0.0399163 0.7202365 0.0285677 0.0171880
16 0.1853516 0.5964825 0.0285677 0.0171880
31 0.2567707 0.4108514 0.0285677 0.0171880
7 0.4035046 0.4727285 0.0285677 0.0171880
6 0.4762223 0.5346055 0.0285677 0.0171881
19 0.0399163 0.4108514 0.0285677 0.0171880
11 0.0399163 0.6583595 0.0285677 0.0171880
15 0.4762223 0.4108514 0.0285677 0.0171880
7 0.1853516 0.5346055 0.0285677 0.0171881
28 0.3307869 0.6583595 0.0285677 0.0171880
