19 0.3514698 0.4413592 0.0283994 0.0162043
1 0.6406273 0.3246881 0.0283994 0.0162043
32 0.4256955 0.4462205 0.5228071 0.4148305
33 0.4244046 0.2668927 0.4737537 0.0151240
22 0.2068910 0.3246881 0.0283994 0.0162043
6 0.2791804 0.3246881 0.0283994 0.0162043
20 0.4224683 0.3246881 0.0283994 0.0162043
13 0.5683379 0.3246881 0.0283994 0.0162043
7 0.2068910 0.3830237 0.0283994 0.0162043
10 0.3514698 0.3830237 0.0283994 0.0162043
12 0.4224683 0.3830237 0.0283994 0.0162043
30 0.4960485 0.3830237 0.0283994 0.0162043
29 0.5683379 0.3830237 0.0283994 0.0162043
26 0.2068910 0.4413592 0.0283994 0.0162043
4 0.2791804 0.4413592 0.0283994 0.0162043
15 0.4224683 0.4413592 0.0283994 0.0162043
5 0.5683379 0.4413592 0.0283994 0.0162043
31 0.2068910 0.4996947 0.0283994 0.0162044
18 0.2791804 0.4996947 0.0283994 0.0162044
8 0.4224683 0.4996947 0.0283994 0.0162044
23 0.4960485 0.4996947 0.0283994 0.0162044
11 0.5683379 0.4996947 0.0283994 0.0162044
24 0.2068910 0.5580303 0.0283994 0.0162043
14 0.2791804 0.5580303 0.0283994 0.0162043
25 0.4224683 0.5580303 0.0283994 0.0162043
34 0.4954031 0.5574901 0.0684167 0.0583355
10 0.4960485 0.5580303 0.0283994 0.0162043
17 0.6406273 0.5580303 0.0283994 0.0162043
16 0.2068910 0.6163658 0.0283994 0.0162044
2 0.2791804 0.6163658 0.0283994 0.0162044
9 0.3514698 0.6163658 0.0283994 0.0162044
3 0.4960485 0.6163658 0.0283994 0.0162044
1 0.6406273 0.6163658 0.0283994 0.0162044
11 0.6406273 0.3830237 0.0283994 0.0162043
4 0.3514698 0.3246881 0.0283994 0.0162043
24 0.4960485 0.3246881 0.0283994 0.0162043
31 0.5683379 0.6163658 0.0283994 0.0162044
29 0.3514698 0.4996947 0.0283994 0.0162044
27 0.6406273 0.4413592 0.0283994 0.0162043
15 0.4960485 0.4413592 0.0283994 0.0162043
11 0.6406273 0.4996947 0.0283994 0.0162044
22 0.5683379 0.5580303 0.0283994 0.0162043
30 0.4224683 0.6163658 0.0283994 0.0162044
4 0.3514698 0.5580303 0.0283994 0.0162043
20 0.2791804 0.3830237 0.0283994 0.0162043
