28 0.3383121 0.5357730 0.0278913 0.0172999
1 0.4105761 0.3489347 0.0278913 0.0172998
32 0.3414816 0.4786835 0.5134541 0.4428762
33 0.3402139 0.2872319 0.4652781 0.0161465
16 0.2685838 0.3489347 0.0278913 0.0172998
29 0.3383121 0.3489347 0.0278913 0.0172998
12 0.4815722 0.3489347 0.0278913 0.0172998
7 0.5525683 0.3489347 0.0278913 0.0172998
27 0.1265916 0.4112141 0.0278913 0.0172999
4 0.1975877 0.4112141 0.0278913 0.0172999
19 0.2685838 0.4112141 0.0278913 0.0172999
17 0.3383121 0.4112141 0.0278913 0.0172999
5 0.4815722 0.4112141 0.0278913 0.0172999
24 0.5525683 0.4112141 0.0278913 0.0172999
3 0.1265916 0.4734936 0.0278913 0.0172999
23 0.2685838 0.4734936 0.0278913 0.0172999
1 0.3383121 0.4734936 0.0278913 0.0172999
20 0.4105761 0.4734936 0.0278913 0.0172999
2 0.4815722 0.4734936 0.0278913 0.0172999
22 0.5525683 0.4734936 0.0278913 0.0172999
30 0.2685838 0.5357730 0.0278913 0.0172999
11 0.4105761 0.5357730 0.0278913 0.0172999
10 0.4815722 0.5357730 0.0278913 0.0172999
13 0.5525683 0.5357730 0.0278913 0.0172999
8 0.1975877 0.5980524 0.0278913 0.0172999
34 0.4099422 0.5974759 0.0671927 0.0622795
1 0.4105761 0.5980524 0.0278913 0.0172999
6 0.4815722 0.5980524 0.0278913 0.0172999
26 0.1265916 0.6603320 0.0278913 0.0172998
31 0.1975877 0.6603320 0.0278913 0.0172998
14 0.2685838 0.6603320 0.0278913 0.0172998
25 0.3383121 0.6603320 0.0278913 0.0172998
21 0.4815722 0.6603320 0.0278913 0.0172998
17 0.4105761 0.6603320 0.0278913 0.0172998
5 0.1975877 0.5357730 0.0278913 0.0172999
18 0.4105761 0.4112141 0.0278913 0.0172999
25 0.1975877 0.4734936 0.0278913 0.0172999
1 0.1975877 0.3489347 0.0278913 0.0172998
11 0.5525683 0.5980524 0.0278913 0.0172999
8 0.1265916 0.5357730 0.0278913 0.0172999
3 0.2685838 0.5980524 0.0278913 0.0172999
27 0.1265916 0.3489347 0.0278913 0.0172998
29 0.3383121 0.5980524 0.0278913 0.0172999
13 0.5525683 0.6603320 0.0278913 0.0172998
30 0.1265916 0.5980524 0.0278913 0.0172999
