2 0.4401947 0.7009490 0.0269175 0.0174856
21 0.6445235 0.6380010 0.0269175 0.0174856
32 0.6475822 0.5802989 0.4955278 0.4476296
33 0.6463588 0.3867923 0.4490339 0.0163198
7 0.4401947 0.4491574 0.0269175 0.0174855
20 0.5087121 0.4491574 0.0269176 0.0174855
27 0.5772295 0.4491574 0.0269176 0.0174855
6 0.6445235 0.4491574 0.0269175 0.0174855
29 0.7142644 0.4491574 0.0269176 0.0174855
23 0.7827818 0.4491574 0.0269176 0.0174855
15 0.4401947 0.5121053 0.0269175 0.0174856
2 0.5087121 0.5121053 0.0269176 0.0174856
34 0.5772295 0.5115224 0.0636234 0.0629479
27 0.5772295 0.5121053 0.0269176 0.0174856
21 0.6445235 0.5121053 0.0269175 0.0174856
5 0.7142644 0.5121053 0.0269176 0.0174856
19 0.7827818 0.5121053 0.0269176 0.0174856
13 0.8512992 0.5121053 0.0269176 0.0174856
31 0.4401947 0.5750532 0.0269175 0.0174855
12 0.5087121 0.5750532 0.0269176 0.0174855
26 0.7827818 0.5750532 0.0269176 0.0174855
22 0.4401947 0.6380010 0.0269175 0.0174856
1 0.5087121 0.6380010 0.0269176 0.0174856
24 0.7142644 0.6380010 0.0269176 0.0174856
30 0.7827818 0.6380010 0.0269176 0.0174856
25 0.8512992 0.6380010 0.0269176 0.0174856
11 0.5087121 0.7009490 0.0269176 0.0174856
10 0.7142644 0.7009490 0.0269176 0.0174856
9 0.7827818 0.7009490 0.0269176 0.0174856
18 0.8512992 0.7009490 0.0269176 0.0174856
8 0.5772295 0.7638969 0.0269176 0.0174855
14 0.7142644 0.7638969 0.0269176 0.0174855
4 0.8512992 0.7638969 0.0269176 0.0174855
5 0.5772295 0.6380010 0.0269176 0.0174856
8 0.6445235 0.7009490 0.0269175 0.0174856
14 0.6445235 0.7638969 0.0269175 0.0174855
16 0.5087121 0.7638969 0.0269176 0.0174855
2 0.5772295 0.5750532 0.0269176 0.0174855
18 0.4401947 0.7638969 0.0269175 0.0174855
6 0.8512992 0.4491574 0.0269176 0.0174855
20 0.7142644 0.5750532 0.0269176 0.0174855
5 0.6445235 0.5750532 0.0269175 0.0174855
10 0.5772295 0.7009490 0.0269176 0.0174856
30 0.8512992 0.5750532 0.0269176 0.0174855
24 0.7827818 0.7638969 0.0269176 0.0174855
