2 0.3414342 0.4275707 0.0287358 0.0167388
15 0.4864196 0.4878305 0.0287358 0.0167388
32 0.4896851 0.4928521 0.5290007 0.4285138
33 0.4883789 0.3076092 0.4793661 0.0156229
16 0.2682885 0.3673109 0.0287358 0.0167388
23 0.3414342 0.3673109 0.0287358 0.0167388
21 0.4864196 0.3673109 0.0287358 0.0167388
11 0.5608716 0.3673109 0.0287358 0.0167388
22 0.6340174 0.3673109 0.0287359 0.0167388
20 0.7071631 0.3673109 0.0287359 0.0167388
8 0.2682885 0.4275707 0.0287358 0.0167388
6 0.4145800 0.4275707 0.0287358 0.0167388
3 0.4864196 0.4275707 0.0287358 0.0167388
7 0.5608716 0.4275707 0.0287358 0.0167388
15 0.6340174 0.4275707 0.0287359 0.0167388
5 0.3414342 0.4878305 0.0287358 0.0167388
24 0.4145800 0.4878305 0.0287358 0.0167388
1 0.5608716 0.4878305 0.0287358 0.0167388
34 0.4145800 0.5475322 0.0679211 0.0602597
20 0.4145800 0.5480902 0.0287358 0.0167388
25 0.4864196 0.5480902 0.0287358 0.0167388
10 0.6340174 0.5480902 0.0287359 0.0167388
30 0.7071631 0.5480902 0.0287359 0.0167388
13 0.2682885 0.6083499 0.0287358 0.0167388
17 0.3414342 0.6083499 0.0287358 0.0167388
18 0.4864196 0.6083499 0.0287358 0.0167388
12 0.5608716 0.6083499 0.0287358 0.0167388
4 0.3414342 0.6686097 0.0287358 0.0167388
14 0.4145800 0.6686097 0.0287358 0.0167388
19 0.4864196 0.6686097 0.0287358 0.0167388
26 0.5608716 0.6686097 0.0287358 0.0167388
2 0.6340174 0.6686097 0.0287359 0.0167388
27 0.7071631 0.6686097 0.0287359 0.0167388
18 0.4145800 0.6083499 0.0287358 0.0167388
29 0.6340174 0.4878305 0.0287359 0.0167388
27 0.2682885 0.5480902 0.0287358 0.0167388
21 0.6340174 0.6083499 0.0287359 0.0167388
31 0.7071631 0.4878305 0.0287359 0.0167388
24 0.7071631 0.6083499 0.0287359 0.0167388
20 0.2682885 0.4878305 0.0287358 0.0167388
11 0.4145800 0.3673109 0.0287358 0.0167388
15 0.5608716 0.5480902 0.0287358 0.0167388
14 0.7071631 0.4275707 0.0287359 0.0167388
1 0.3414342 0.5480902 0.0287358 0.0167388
8 0.2682885 0.6686097 0.0287358 0.0167388
