30 0.1445605 0.5069517 0.0276219 0.0162493
28 0.1445605 0.6239466 0.0276219 0.0162493
32 0.2870646 0.4533291 0.5084949 0.4159818
33 0.2858091 0.2735036 0.4607843 0.0151660
34 0.0742501 0.3309178 0.0652882 0.0584975
23 0.0742501 0.3314594 0.0276219 0.0162493
21 0.1445605 0.3314594 0.0276219 0.0162493
24 0.2839258 0.3314594 0.0276219 0.0162493
23 0.4258022 0.3314594 0.0276220 0.0162493
7 0.4961125 0.3314594 0.0276220 0.0162493
6 0.0742501 0.3899569 0.0276219 0.0162493
16 0.2148709 0.3899569 0.0276219 0.0162493
30 0.2839258 0.3899569 0.0276219 0.0162493
18 0.3554917 0.3899569 0.0276220 0.0162493
4 0.4961125 0.3899569 0.0276220 0.0162493
2 0.0742501 0.4484543 0.0276219 0.0162493
14 0.1445605 0.4484543 0.0276219 0.0162493
20 0.2148709 0.4484543 0.0276219 0.0162493
12 0.3554917 0.4484543 0.0276220 0.0162493
8 0.4961125 0.4484543 0.0276220 0.0162493
22 0.2148709 0.5069517 0.0276219 0.0162493
11 0.2839258 0.5069517 0.0276219 0.0162493
25 0.3554917 0.5069517 0.0276220 0.0162493
3 0.4258022 0.5069517 0.0276220 0.0162493
10 0.4961125 0.5069517 0.0276220 0.0162493
1 0.0742501 0.5654492 0.0276219 0.0162493
19 0.2148709 0.5654492 0.0276219 0.0162493
26 0.2839258 0.5654492 0.0276219 0.0162493
31 0.4961125 0.5654492 0.0276220 0.0162493
29 0.0742501 0.6239466 0.0276219 0.0162493
13 0.2148709 0.6239466 0.0276219 0.0162493
17 0.2839258 0.6239466 0.0276219 0.0162493
27 0.4258022 0.6239466 0.0276220 0.0162493
11 0.3554917 0.5654492 0.0276220 0.0162493
10 0.3554917 0.6239466 0.0276220 0.0162493
10 0.2148709 0.3314594 0.0276219 0.0162493
8 0.4961125 0.6239466 0.0276220 0.0162493
19 0.1445605 0.3899569 0.0276219 0.0162493
18 0.1445605 0.5654492 0.0276219 0.0162493
9 0.4258022 0.4484543 0.0276220 0.0162493
20 0.3554917 0.3314594 0.0276220 0.0162493
11 0.4258022 0.3899569 0.0276220 0.0162493
19 0.0742501 0.5069517 0.0276219 0.0162493
29 0.4258022 0.5654492 0.0276220 0.0162493
25 0.2839258 0.4484543 0.0276219 0.0162493
