16 0.4202097 0.2301974 0.0272244 0.0159086
7 0.7667023 0.5165521 0.0272244 0.0159086
32 0.5606630 0.3495118 0.5011768 0.4072600
33 0.5594255 0.1734567 0.4541528 0.0148480
14 0.4895083 0.2301974 0.0272244 0.0159086
4 0.5575693 0.2301974 0.0272244 0.0159086
6 0.6281053 0.2301974 0.0272244 0.0159086
16 0.3509112 0.2874683 0.0272244 0.0159086
15 0.5575693 0.2874683 0.0272244 0.0159086
18 0.6974038 0.2874683 0.0272244 0.0159086
3 0.7667023 0.2874683 0.0272244 0.0159086
26 0.3509112 0.3447392 0.0272244 0.0159086
21 0.4895083 0.3447392 0.0272244 0.0159086
27 0.6281053 0.3447392 0.0272244 0.0159086
12 0.6974038 0.3447392 0.0272244 0.0159086
17 0.7667023 0.3447392 0.0272244 0.0159086
23 0.3509112 0.4020102 0.0272244 0.0159086
5 0.4202097 0.4020102 0.0272244 0.0159086
29 0.4895083 0.4020102 0.0272244 0.0159086
20 0.6281053 0.4020102 0.0272244 0.0159086
13 0.6974038 0.4020102 0.0272244 0.0159086
2 0.7667023 0.4020102 0.0272244 0.0159086
34 0.3509112 0.4587508 0.0643486 0.0572709
22 0.3509112 0.4592811 0.0272244 0.0159085
8 0.4202097 0.4592811 0.0272244 0.0159085
22 0.4895083 0.4592811 0.0272244 0.0159085
30 0.5575693 0.4592811 0.0272244 0.0159085
10 0.6281053 0.4592811 0.0272244 0.0159085
7 0.6974038 0.4592811 0.0272244 0.0159085
24 0.3509112 0.5165521 0.0272244 0.0159086
19 0.4202097 0.5165521 0.0272244 0.0159086
25 0.4895083 0.5165521 0.0272244 0.0159086
31 0.6974038 0.5165521 0.0272244 0.0159086
2 0.7667023 0.4592811 0.0272244 0.0159085
29 0.5575693 0.4020102 0.0272244 0.0159086
10 0.6974038 0.2301974 0.0272244 0.0159086
2 0.3509112 0.2301974 0.0272244 0.0159086
13 0.7667023 0.2301974 0.0272244 0.0159086
14 0.4895083 0.2874683 0.0272244 0.0159086
19 0.4202097 0.3447392 0.0272244 0.0159086
12 0.4202097 0.2874683 0.0272244 0.0159086
11 0.6281053 0.2874683 0.0272244 0.0159086
28 0.5575693 0.3447392 0.0272244 0.0159086
10 0.6281053 0.5165521 0.0272244 0.0159086
5 0.5575693 0.5165521 0.0272244 0.0159086
