26 0.7329372 0.5031814 0.0279952 0.0159525
19 0.5891434 0.6180396 0.0279952 0.0159526
32 0.5923247 0.6228254 0.5153667 0.4083849
33 0.5910522 0.4462840 0.4670113 0.0148890
29 0.5191553 0.5031814 0.0279952 0.0159525
21 0.6616765 0.5031814 0.0279952 0.0159525
1 0.8041977 0.5031814 0.0279953 0.0159525
5 0.3766342 0.5606105 0.0279952 0.0159526
27 0.4478948 0.5606105 0.0279952 0.0159526
34 0.5191553 0.5600787 0.0661705 0.0574291
12 0.5191553 0.5606105 0.0279952 0.0159526
2 0.5891434 0.5606105 0.0279952 0.0159526
24 0.6616765 0.5606105 0.0279952 0.0159526
25 0.7329372 0.5606105 0.0279952 0.0159526
20 0.4478948 0.6180396 0.0279952 0.0159526
18 0.5191553 0.6180396 0.0279952 0.0159526
26 0.7329372 0.6180396 0.0279952 0.0159526
4 0.8041977 0.6180396 0.0279953 0.0159526
16 0.3766342 0.6754688 0.0279952 0.0159526
22 0.5191553 0.6754688 0.0279952 0.0159526
31 0.6616765 0.6754688 0.0279952 0.0159526
13 0.7329372 0.6754688 0.0279952 0.0159526
14 0.8041977 0.6754688 0.0279953 0.0159526
19 0.3766342 0.7328979 0.0279952 0.0159526
15 0.5191553 0.7328979 0.0279952 0.0159526
3 0.5891434 0.7328979 0.0279952 0.0159526
10 0.6616765 0.7328979 0.0279952 0.0159526
30 0.8041977 0.7328979 0.0279953 0.0159526
12 0.4478948 0.7903271 0.0279952 0.0159526
9 0.5191553 0.7903271 0.0279952 0.0159526
11 0.5891434 0.7903271 0.0279952 0.0159526
6 0.7329372 0.7903271 0.0279952 0.0159526
8 0.8041977 0.7903271 0.0279953 0.0159526
30 0.6616765 0.6180396 0.0279952 0.0159526
4 0.3766342 0.5031814 0.0279952 0.0159525
10 0.6616765 0.7903271 0.0279952 0.0159526
27 0.4478948 0.5031814 0.0279952 0.0159525
13 0.7329372 0.7328979 0.0279952 0.0159526
11 0.4478948 0.7328979 0.0279952 0.0159526
27 0.3766342 0.7903271 0.0279952 0.0159526
30 0.5891434 0.5031814 0.0279952 0.0159525
29 0.5891434 0.6754688 0.0279952 0.0159526
26 0.4478948 0.6754688 0.0279952 0.0159526
20 0.8041977 0.5606105 0.0279953 0.0159526
22 0.3766342 0.6180396 0.0279952 0.0159526
