21 0.3375333 0.7014499 0.0275737 0.0162501
12 0.6182835 0.7014499 0.0275737 0.0162501
32 0.5499760 0.5308229 0.5076064 0.4160049
33 0.5487226 0.3509874 0.4599792 0.0151669
34 0.3375333 0.4084047 0.0651742 0.0585007
21 0.3375333 0.4089464 0.0275737 0.0162502
13 0.4779084 0.4089464 0.0275737 0.0162502
9 0.6182835 0.4089464 0.0275737 0.0162502
25 0.7586587 0.4089464 0.0275737 0.0162502
7 0.3375333 0.4674471 0.0275737 0.0162502
19 0.4779084 0.4674471 0.0275737 0.0162502
29 0.5468427 0.4674471 0.0275737 0.0162502
21 0.6182835 0.4674471 0.0275737 0.0162502
26 0.6884711 0.4674471 0.0275736 0.0162502
10 0.7586587 0.4674471 0.0275737 0.0162502
5 0.3375333 0.5259478 0.0275737 0.0162502
3 0.4077209 0.5259478 0.0275737 0.0162502
1 0.4779084 0.5259478 0.0275737 0.0162502
18 0.5468427 0.5259478 0.0275737 0.0162502
15 0.6182835 0.5259478 0.0275737 0.0162502
16 0.6884711 0.5259478 0.0275736 0.0162502
6 0.3375333 0.5844485 0.0275737 0.0162502
23 0.4779084 0.5844485 0.0275737 0.0162502
22 0.5468427 0.5844485 0.0275737 0.0162502
2 0.6182835 0.5844485 0.0275737 0.0162502
31 0.6884711 0.5844485 0.0275736 0.0162502
8 0.3375333 0.6429492 0.0275737 0.0162502
4 0.4077209 0.6429492 0.0275737 0.0162502
27 0.6884711 0.6429492 0.0275736 0.0162502
20 0.7586587 0.6429492 0.0275737 0.0162502
12 0.4077209 0.7014499 0.0275737 0.0162501
24 0.4779084 0.7014499 0.0275737 0.0162501
17 0.6884711 0.7014499 0.0275736 0.0162501
6 0.7586587 0.5259478 0.0275737 0.0162502
3 0.4077209 0.4089464 0.0275737 0.0162502
26 0.5468427 0.4089464 0.0275737 0.0162502
17 0.4077209 0.5844485 0.0275737 0.0162502
1 0.5468427 0.6429492 0.0275737 0.0162502
8 0.6884711 0.4089464 0.0275736 0.0162502
15 0.4779084 0.6429492 0.0275737 0.0162502
6 0.5468427 0.7014499 0.0275737 0.0162501
3 0.7586587 0.5844485 0.0275737 0.0162502
28 0.6182835 0.6429492 0.0275737 0.0162502
16 0.4077209 0.4674471 0.0275737 0.0162502
9 0.7586587 0.7014499 0.0275737 0.0162501
