27 0.6319133 0.3821324 0.0281689 0.0164636
6 0.6319133 0.5599389 0.0281689 0.0164636
32 0.4904289 0.5056091 0.5185627 0.4214674
33 0.4891485 0.3234123 0.4699074 0.0153660
14 0.2734008 0.3821324 0.0281688 0.0164636
5 0.4872279 0.3821324 0.0281689 0.0164636
26 0.7036158 0.3821324 0.0281688 0.0164636
15 0.2734008 0.4414012 0.0281688 0.0164636
27 0.3451033 0.4414012 0.0281688 0.0164636
12 0.4168058 0.4414012 0.0281688 0.0164636
1 0.5602108 0.4414012 0.0281688 0.0164636
13 0.6319133 0.4414012 0.0281689 0.0164636
30 0.7036158 0.4414012 0.0281688 0.0164636
25 0.2734008 0.5006701 0.0281688 0.0164636
7 0.3451033 0.5006701 0.0281688 0.0164636
17 0.4168058 0.5006701 0.0281688 0.0164636
29 0.4872279 0.5006701 0.0281689 0.0164636
31 0.5602108 0.5006701 0.0281688 0.0164636
16 0.7036158 0.5006701 0.0281688 0.0164636
18 0.2734008 0.5599389 0.0281688 0.0164636
8 0.3451033 0.5599389 0.0281688 0.0164636
19 0.4872279 0.5599389 0.0281689 0.0164636
24 0.5602108 0.5599389 0.0281688 0.0164636
34 0.7036158 0.5593902 0.0665810 0.0592689
3 0.7036158 0.5599389 0.0281688 0.0164636
3 0.2734008 0.6192078 0.0281688 0.0164636
9 0.3451033 0.6192078 0.0281688 0.0164636
22 0.5602108 0.6192078 0.0281688 0.0164636
20 0.2734008 0.6784766 0.0281688 0.0164636
10 0.3451033 0.6784766 0.0281688 0.0164636
23 0.4872279 0.6784766 0.0281689 0.0164636
21 0.6319133 0.6784766 0.0281689 0.0164636
2 0.7036158 0.6784766 0.0281688 0.0164636
9 0.4872279 0.6192078 0.0281689 0.0164636
31 0.3451033 0.3821324 0.0281688 0.0164636
13 0.7036158 0.6192078 0.0281688 0.0164636
18 0.6319133 0.5006701 0.0281689 0.0164636
5 0.4872279 0.4414012 0.0281689 0.0164636
13 0.5602108 0.3821324 0.0281688 0.0164636
7 0.4168058 0.6192078 0.0281688 0.0164636
17 0.4168058 0.3821324 0.0281688 0.0164636
30 0.6319133 0.6192078 0.0281689 0.0164636
20 0.4168058 0.5599389 0.0281688 0.0164636
13 0.4168058 0.6784766 0.0281688 0.0164636
29 0.5602108 0.6784766 0.0281688 0.0164636
