20 0.4591589 0.2465163 0.0280284 0.0158534
15 0.3164687 0.4748052 0.0280284 0.0158534
32 0.3897248 0.3654168 0.5159779 0.4058469
33 0.3884508 0.1899726 0.4675652 0.0147965
11 0.1737785 0.2465163 0.0280284 0.0158534
13 0.2451236 0.2465163 0.0280284 0.0158534
19 0.3865398 0.2465163 0.0280285 0.0158534
5 0.5305039 0.2465163 0.0280285 0.0158534
20 0.6018490 0.2465163 0.0280284 0.0158534
22 0.2451236 0.3035885 0.0280284 0.0158534
16 0.3164687 0.3035885 0.0280284 0.0158534
21 0.4591589 0.3035885 0.0280284 0.0158534
29 0.5305039 0.3035885 0.0280285 0.0158534
15 0.6018490 0.3035885 0.0280284 0.0158534
4 0.2451236 0.3606607 0.0280284 0.0158534
34 0.3164687 0.3601323 0.0662490 0.0570722
19 0.3164687 0.3606607 0.0280284 0.0158534
17 0.3865398 0.3606607 0.0280285 0.0158534
7 0.4591589 0.3606607 0.0280284 0.0158534
3 0.5305039 0.3606607 0.0280285 0.0158534
9 0.2451236 0.4177330 0.0280284 0.0158533
8 0.3865398 0.4177330 0.0280285 0.0158533
1 0.5305039 0.4177330 0.0280285 0.0158533
14 0.6018490 0.4177330 0.0280284 0.0158533
2 0.3865398 0.4748052 0.0280285 0.0158534
10 0.4591589 0.4748052 0.0280284 0.0158534
24 0.5305039 0.4748052 0.0280285 0.0158534
31 0.6018490 0.4748052 0.0280284 0.0158534
6 0.1737785 0.5318774 0.0280284 0.0158534
26 0.3164687 0.5318774 0.0280284 0.0158534
27 0.3865398 0.5318774 0.0280285 0.0158534
23 0.4591589 0.5318774 0.0280284 0.0158534
30 0.5305039 0.5318774 0.0280285 0.0158534
9 0.1737785 0.3606607 0.0280284 0.0158534
1 0.6018490 0.5318774 0.0280284 0.0158534
15 0.1737785 0.4748052 0.0280284 0.0158534
16 0.4591589 0.4177330 0.0280284 0.0158533
11 0.1737785 0.3035885 0.0280284 0.0158534
20 0.6018490 0.3606607 0.0280284 0.0158534
2 0.3164687 0.4177330 0.0280284 0.0158533
17 0.1737785 0.4177330 0.0280284 0.0158533
10 0.3164687 0.2465163 0.0280284 0.0158534
26 0.2451236 0.4748052 0.0280284 0.0158534
5 0.2451236 0.5318774 0.0280284 0.0158534
12 0.3865398 0.3035885 0.0280285 0.0158534
