19 0.1319365 0.5283667 0.0267380 0.0172034
2 0.1999967 0.5283667 0.0267380 0.0172034
32 0.3379403 0.4096632 0.4922215 0.4404072
33 0.3367249 0.2192788 0.4460377 0.0160565
31 0.1999967 0.2806376 0.0267380 0.0172034
12 0.2680569 0.2806376 0.0267380 0.0172034
4 0.3349018 0.2806376 0.0267379 0.0172034
23 0.4041775 0.2806376 0.0267379 0.0172034
27 0.4722377 0.2806376 0.0267380 0.0172034
30 0.1319365 0.3425699 0.0267380 0.0172034
16 0.2680569 0.3425699 0.0267380 0.0172034
9 0.3349018 0.3425699 0.0267379 0.0172034
14 0.4041775 0.3425699 0.0267379 0.0172034
5 0.4722377 0.3425699 0.0267380 0.0172034
11 0.1319365 0.4045022 0.0267380 0.0172034
13 0.1999967 0.4045022 0.0267380 0.0172034
26 0.2680569 0.4045022 0.0267380 0.0172034
1 0.3349018 0.4045022 0.0267379 0.0172034
2 0.4722377 0.4045022 0.0267380 0.0172034
34 0.5402979 0.4039287 0.0631988 0.0619322
20 0.5402979 0.4045022 0.0267379 0.0172034
24 0.1319365 0.4664344 0.0267380 0.0172034
7 0.1999967 0.4664344 0.0267380 0.0172034
25 0.3349018 0.4664344 0.0267379 0.0172034
17 0.4041775 0.4664344 0.0267379 0.0172034
15 0.4722377 0.4664344 0.0267380 0.0172034
21 0.2680569 0.5283667 0.0267380 0.0172034
29 0.4722377 0.5283667 0.0267380 0.0172034
19 0.5402979 0.5283667 0.0267379 0.0172034
18 0.1319365 0.5902989 0.0267380 0.0172034
3 0.2680569 0.5902989 0.0267380 0.0172034
6 0.4041775 0.5902989 0.0267379 0.0172034
22 0.5402979 0.5902989 0.0267379 0.0172034
6 0.1319365 0.2806376 0.0267380 0.0172034
26 0.5402979 0.3425699 0.0267379 0.0172034
26 0.3349018 0.5283667 0.0267379 0.0172034
21 0.4041775 0.4045022 0.0267379 0.0172034
29 0.5402979 0.4664344 0.0267379 0.0172034
26 0.1999967 0.5902989 0.0267380 0.0172034
5 0.4041775 0.5283667 0.0267379 0.0172034
7 0.1999967 0.3425699 0.0267380 0.0172034
27 0.2680569 0.4664344 0.0267380 0.0172034
24 0.5402979 0.2806376 0.0267379 0.0172034
10 0.4722377 0.5902989 0.0267380 0.0172034
16 0.3349018 0.5902989 0.0267379 0.0172034
