10 0.2607431 0.5704936 0.0263490 0.0172179
15 0.1936730 0.4465251 0.0263490 0.0172179
32 0.3966800 0.5136747 0.4850610 0.4407773
33 0.3954823 0.3231304 0.4395491 0.0160700
20 0.1936730 0.3845407 0.0263490 0.0172179
22 0.2607431 0.3845407 0.0263490 0.0172179
24 0.3278133 0.3845407 0.0263490 0.0172179
34 0.5284249 0.3839668 0.0610818 0.0619843
3 0.5290238 0.3845407 0.0263490 0.0172179
1 0.5960940 0.3845407 0.0263490 0.0172179
10 0.3278133 0.4465251 0.0263490 0.0172179
16 0.3936858 0.4465251 0.0263490 0.0172179
6 0.4619537 0.4465251 0.0263490 0.0172179
27 0.5960940 0.4465251 0.0263490 0.0172179
4 0.1936730 0.5085094 0.0263490 0.0172178
15 0.2607431 0.5085094 0.0263490 0.0172178
23 0.3936858 0.5085094 0.0263490 0.0172178
25 0.4619537 0.5085094 0.0263490 0.0172178
30 0.5290238 0.5085094 0.0263490 0.0172178
5 0.5960940 0.5085094 0.0263490 0.0172178
17 0.1936730 0.5704936 0.0263490 0.0172179
21 0.3278133 0.5704936 0.0263490 0.0172179
7 0.3936858 0.5704936 0.0263490 0.0172179
31 0.4619537 0.5704936 0.0263490 0.0172179
26 0.2607431 0.6324780 0.0263490 0.0172179
9 0.3936858 0.6324780 0.0263490 0.0172179
2 0.4619537 0.6324780 0.0263490 0.0172179
18 0.5290238 0.6324780 0.0263490 0.0172179
19 0.5960940 0.6324780 0.0263490 0.0172179
29 0.2607431 0.6944623 0.0263490 0.0172179
8 0.3278133 0.6944623 0.0263490 0.0172179
3 0.5290238 0.6944623 0.0263490 0.0172179
14 0.5960940 0.6944623 0.0263490 0.0172179
22 0.1936730 0.6944623 0.0263490 0.0172179
19 0.5290238 0.4465251 0.0263490 0.0172179
9 0.3936858 0.6944623 0.0263490 0.0172179
5 0.3936858 0.3845407 0.0263490 0.0172179
1 0.3278133 0.6324780 0.0263490 0.0172179
28 0.4619537 0.3845407 0.0263490 0.0172179
14 0.1936730 0.6324780 0.0263490 0.0172179
3 0.2607431 0.4465251 0.0263490 0.0172179
8 0.3278133 0.5085094 0.0263490 0.0172178
26 0.4619537 0.6944623 0.0263490 0.0172179
8 0.5290238 0.5704936 0.0263490 0.0172179
18 0.5960940 0.5704936 0.0263490 0.0172179
