5 0.6109340 0.5501835 0.0272974 0.0160705
6 0.4719655 0.4344760 0.0272974 0.0160705
32 0.4043425 0.4392971 0.5025199 0.4114043
33 0.4031017 0.2614505 0.4553699 0.0149991
11 0.1940286 0.3187685 0.0272974 0.0160705
9 0.2635128 0.3187685 0.0272974 0.0160705
10 0.3329971 0.3187685 0.0272974 0.0160705
6 0.4719655 0.3187685 0.0272974 0.0160705
20 0.5414497 0.3187685 0.0272974 0.0160705
8 0.6109340 0.3187685 0.0272974 0.0160705
25 0.1940286 0.3766223 0.0272974 0.0160705
27 0.3329971 0.3766223 0.0272974 0.0160705
23 0.4012405 0.3766223 0.0272974 0.0160705
26 0.4719655 0.3766223 0.0272974 0.0160705
34 0.5408294 0.3760866 0.0632803 0.0578537
30 0.5414497 0.3766223 0.0272974 0.0160705
24 0.6109340 0.3766223 0.0272974 0.0160705
13 0.1940286 0.4344760 0.0272974 0.0160705
12 0.4012405 0.4344760 0.0272974 0.0160705
14 0.6109340 0.4344760 0.0272974 0.0160705
30 0.1940286 0.4923297 0.0272974 0.0160705
15 0.2635128 0.4923297 0.0272974 0.0160705
3 0.3329971 0.4923297 0.0272974 0.0160705
2 0.4719655 0.4923297 0.0272974 0.0160705
19 0.5414497 0.4923297 0.0272974 0.0160705
4 0.6109340 0.4923297 0.0272974 0.0160705
31 0.4719655 0.5501835 0.0272974 0.0160705
16 0.5414497 0.5501835 0.0272974 0.0160705
22 0.1940286 0.6080372 0.0272974 0.0160705
21 0.4012405 0.6080372 0.0272974 0.0160705
17 0.4719655 0.6080372 0.0272974 0.0160705
5 0.5414497 0.6080372 0.0272974 0.0160705
1 0.6109340 0.6080372 0.0272974 0.0160705
26 0.3329971 0.6080372 0.0272974 0.0160705
2 0.2635128 0.4344760 0.0272974 0.0160705
9 0.4012405 0.3187685 0.0272974 0.0160705
20 0.4012405 0.5501835 0.0272974 0.0160705
31 0.2635128 0.3766223 0.0272974 0.0160705
20 0.4012405 0.4923297 0.0272974 0.0160705
25 0.2635128 0.5501835 0.0272974 0.0160705
16 0.1940286 0.5501835 0.0272974 0.0160705
27 0.2635128 0.6080372 0.0272974 0.0160705
16 0.5414497 0.4344760 0.0272974 0.0160705
24 0.3329971 0.5501835 0.0272974 0.0160705
21 0.3329971 0.4344760 0.0272974 0.0160705
