18 0.1250854 0.6000117 0.0261812 0.0168157
19 0.4583012 0.5394753 0.0261812 0.0168157
32 0.3268000 0.4234472 0.4819730 0.4304812
33 0.3256099 0.2373537 0.4367508 0.0156946
18 0.1250854 0.2973296 0.0261812 0.0168157
27 0.1917285 0.2973296 0.0261812 0.0168157
15 0.2583717 0.2973296 0.0261813 0.0168157
17 0.3238248 0.2973296 0.0261812 0.0168157
8 0.3916581 0.2973296 0.0261813 0.0168157
25 0.5249444 0.2973296 0.0261813 0.0168157
2 0.1250854 0.3578660 0.0261812 0.0168157
3 0.1917285 0.3578660 0.0261812 0.0168157
22 0.2583717 0.3578660 0.0261813 0.0168157
1 0.3238248 0.3578660 0.0261812 0.0168157
24 0.3916581 0.3578660 0.0261813 0.0168157
31 0.5249444 0.3578660 0.0261813 0.0168157
4 0.1917285 0.4184025 0.0261812 0.0168157
6 0.3238248 0.4184025 0.0261812 0.0168157
30 0.3916581 0.4184025 0.0261813 0.0168157
20 0.4583012 0.4184025 0.0261812 0.0168157
23 0.5249444 0.4184025 0.0261813 0.0168157
9 0.1917285 0.4789389 0.0261812 0.0168157
29 0.2583717 0.4789389 0.0261813 0.0168157
21 0.3238248 0.4789389 0.0261812 0.0168157
19 0.4583012 0.4789389 0.0261812 0.0168157
26 0.5249444 0.4789389 0.0261813 0.0168157
10 0.1250854 0.5394753 0.0261812 0.0168157
34 0.1911335 0.5389148 0.0606929 0.0605364
5 0.1917285 0.5394753 0.0261812 0.0168157
11 0.5249444 0.5394753 0.0261813 0.0168157
13 0.1917285 0.6000117 0.0261812 0.0168157
16 0.3238248 0.6000117 0.0261812 0.0168157
14 0.5249444 0.6000117 0.0261813 0.0168157
25 0.3916581 0.5394753 0.0261813 0.0168157
28 0.4583012 0.3578660 0.0261812 0.0168157
21 0.2583717 0.6000117 0.0261813 0.0168157
6 0.4583012 0.6000117 0.0261812 0.0168157
14 0.2583717 0.4184025 0.0261813 0.0168157
11 0.3916581 0.6000117 0.0261813 0.0168157
15 0.1250854 0.4789389 0.0261812 0.0168157
18 0.4583012 0.2973296 0.0261812 0.0168157
9 0.3916581 0.4789389 0.0261813 0.0168157
28 0.1250854 0.4184025 0.0261812 0.0168157
16 0.3238248 0.5394753 0.0261812 0.0168157
31 0.2583717 0.5394753 0.0261813 0.0168157
