9 0.0588348 0.3906321 0.0270601 0.0168088
7 0.3343560 0.4511437 0.0270601 0.0168088
32 0.2673207 0.4561864 0.4981521 0.4303055
33 0.2660907 0.2701689 0.4514119 0.0156882
24 0.2642457 0.3301203 0.0270601 0.0168088
3 0.4721166 0.3301203 0.0270601 0.0168088
20 0.1277151 0.3906321 0.0270601 0.0168088
10 0.1965954 0.3906321 0.0270601 0.0168088
16 0.2642457 0.3906321 0.0270601 0.0168088
30 0.3343560 0.3906321 0.0270601 0.0168088
7 0.4721166 0.3906321 0.0270601 0.0168088
14 0.0588348 0.4511437 0.0270601 0.0168088
9 0.1965954 0.4511437 0.0270601 0.0168088
21 0.2642457 0.4511437 0.0270601 0.0168088
27 0.4721166 0.4511437 0.0270601 0.0168088
18 0.0588348 0.5116555 0.0270601 0.0168088
1 0.1277151 0.5116555 0.0270601 0.0168088
31 0.1965954 0.5116555 0.0270601 0.0168088
22 0.2642457 0.5116555 0.0270601 0.0168088
4 0.4032363 0.5116555 0.0270601 0.0168088
19 0.4721166 0.5116555 0.0270601 0.0168088
13 0.0588348 0.5721672 0.0270601 0.0168088
34 0.1271001 0.5716069 0.0627303 0.0605117
18 0.1277151 0.5721672 0.0270601 0.0168088
8 0.2642457 0.5721672 0.0270601 0.0168088
12 0.3343560 0.5721672 0.0270601 0.0168088
25 0.4721166 0.5721672 0.0270601 0.0168088
15 0.0588348 0.6326789 0.0270601 0.0168088
26 0.1277151 0.6326789 0.0270601 0.0168088
2 0.2642457 0.6326789 0.0270601 0.0168088
11 0.3343560 0.6326789 0.0270601 0.0168088
17 0.4032363 0.6326789 0.0270601 0.0168088
23 0.4721166 0.6326789 0.0270601 0.0168088
12 0.4032363 0.3301203 0.0270601 0.0168088
9 0.1965954 0.5721672 0.0270601 0.0168088
28 0.4032363 0.3906321 0.0270601 0.0168088
25 0.1277151 0.3301203 0.0270601 0.0168088
8 0.0588348 0.3301203 0.0270601 0.0168088
12 0.1965954 0.6326789 0.0270601 0.0168088
24 0.1965954 0.3301203 0.0270601 0.0168088
30 0.3343560 0.3301203 0.0270601 0.0168088
2 0.4032363 0.4511437 0.0270601 0.0168088
1 0.3343560 0.5116555 0.0270601 0.0168088
20 0.1277151 0.4511437 0.0270601 0.0168088
26 0.4032363 0.5721672 0.0270601 0.0168088
