2 0.2448641 0.4547410 0.0280505 0.0167513
28 0.6732712 0.3944364 0.0280505 0.0167513
32 0.4609801 0.4597664 0.5163835 0.4288327
33 0.4597051 0.2743856 0.4679327 0.0156345
12 0.2448641 0.3341318 0.0280505 0.0167513
17 0.3162652 0.3341318 0.0280504 0.0167513
30 0.3876664 0.3341318 0.0280505 0.0167513
16 0.4577925 0.3341318 0.0280505 0.0167513
3 0.5304688 0.3341318 0.0280505 0.0167513
20 0.6018699 0.3341318 0.0280505 0.0167513
25 0.6732712 0.3341318 0.0280505 0.0167513
18 0.2448641 0.3944364 0.0280505 0.0167513
19 0.3162652 0.3944364 0.0280504 0.0167513
6 0.3876664 0.3944364 0.0280505 0.0167513
31 0.4577925 0.3944364 0.0280505 0.0167513
7 0.5304688 0.3944364 0.0280505 0.0167513
34 0.6012325 0.3938780 0.0650261 0.0603046
8 0.6018699 0.3944364 0.0280505 0.0167513
1 0.4577925 0.4547410 0.0280505 0.0167513
11 0.2448641 0.5150456 0.0280505 0.0167512
2 0.3162652 0.5150456 0.0280504 0.0167512
4 0.3876664 0.5150456 0.0280505 0.0167512
24 0.4577925 0.5150456 0.0280505 0.0167512
21 0.6018699 0.5150456 0.0280505 0.0167512
26 0.6732712 0.5150456 0.0280505 0.0167512
15 0.4577925 0.5753502 0.0280505 0.0167513
13 0.5304688 0.5753502 0.0280505 0.0167513
22 0.6732712 0.5753502 0.0280505 0.0167513
5 0.2448641 0.6356548 0.0280505 0.0167512
27 0.3162652 0.6356548 0.0280504 0.0167512
10 0.5304688 0.6356548 0.0280505 0.0167512
14 0.6018699 0.6356548 0.0280505 0.0167512
9 0.6732712 0.6356548 0.0280505 0.0167512
15 0.3162652 0.4547410 0.0280504 0.0167513
12 0.5304688 0.4547410 0.0280505 0.0167513
8 0.3876664 0.5753502 0.0280505 0.0167513
25 0.2448641 0.5753502 0.0280505 0.0167513
26 0.3162652 0.5753502 0.0280504 0.0167513
27 0.6732712 0.4547410 0.0280505 0.0167513
10 0.4577925 0.6356548 0.0280505 0.0167512
27 0.3876664 0.4547410 0.0280505 0.0167513
13 0.6018699 0.5753502 0.0280505 0.0167513
22 0.6018699 0.4547410 0.0280505 0.0167513
7 0.3876664 0.6356548 0.0280505 0.0167512
5 0.5304688 0.5150456 0.0280505 0.0167512
