28 0.1750093 0.5082729 0.0277822 0.0162423
17 0.4578827 0.3328570 0.0277822 0.0162422
32 0.3183402 0.3962016 0.5114452 0.4158007
33 0.3170774 0.2164544 0.4634578 0.0151594
5 0.1042909 0.2743850 0.0277822 0.0162422
31 0.2457276 0.2743850 0.0277822 0.0162422
20 0.3151831 0.2743850 0.0277822 0.0162422
19 0.3871643 0.2743850 0.0277822 0.0162422
26 0.4578827 0.2743850 0.0277822 0.0162422
7 0.5286010 0.2743850 0.0277822 0.0162422
16 0.1042909 0.3328570 0.0277822 0.0162422
12 0.1750093 0.3328570 0.0277822 0.0162422
9 0.3151831 0.3328570 0.0277822 0.0162422
10 0.3871643 0.3328570 0.0277822 0.0162422
34 0.5286010 0.3323155 0.0656670 0.0584720
19 0.5286010 0.3328570 0.0277822 0.0162422
15 0.1042909 0.3913289 0.0277822 0.0162423
8 0.1750093 0.3913289 0.0277822 0.0162423
21 0.3871643 0.3913289 0.0277822 0.0162423
25 0.5286010 0.3913289 0.0277822 0.0162423
14 0.1750093 0.4498009 0.0277822 0.0162422
13 0.2457276 0.4498009 0.0277822 0.0162422
29 0.3871643 0.4498009 0.0277822 0.0162422
17 0.5286010 0.4498009 0.0277822 0.0162422
2 0.1042909 0.5082729 0.0277822 0.0162423
18 0.3151831 0.5082729 0.0277822 0.0162423
23 0.3871643 0.5082729 0.0277822 0.0162423
4 0.4578827 0.5082729 0.0277822 0.0162423
24 0.5286010 0.5082729 0.0277822 0.0162423
11 0.1750093 0.5667449 0.0277822 0.0162422
1 0.2457276 0.5667449 0.0277822 0.0162422
3 0.3151831 0.5667449 0.0277822 0.0162422
30 0.3871643 0.5667449 0.0277822 0.0162422
4 0.3151831 0.3913289 0.0277822 0.0162423
30 0.1042909 0.4498009 0.0277822 0.0162422
18 0.4578827 0.3913289 0.0277822 0.0162423
20 0.3151831 0.4498009 0.0277822 0.0162422
2 0.5286010 0.5667449 0.0277822 0.0162422
6 0.1750093 0.2743850 0.0277822 0.0162422
6 0.2457276 0.3328570 0.0277822 0.0162422
13 0.1042909 0.5667449 0.0277822 0.0162422
16 0.2457276 0.3913289 0.0277822 0.0162423
13 0.4578827 0.4498009 0.0277822 0.0162422
27 0.4578827 0.5667449 0.0277822 0.0162422
1 0.2457276 0.5082729 0.0277822 0.0162423
