12 0.4195597 0.5427885 0.0285311 0.0168766
1 0.0564368 0.6642993 0.0285311 0.0168765
32 0.2762559 0.6086068 0.5252313 0.4320387
33 0.2749590 0.4218401 0.4759504 0.0157514
31 0.1290614 0.4820330 0.0285311 0.0168765
26 0.2016860 0.4820330 0.0285311 0.0168765
23 0.3469351 0.4820330 0.0285311 0.0168765
27 0.4195597 0.4820330 0.0285311 0.0168765
8 0.4921843 0.4820330 0.0285311 0.0168765
1 0.0564368 0.5427885 0.0285311 0.0168766
22 0.1290614 0.5427885 0.0285311 0.0168766
14 0.2016860 0.5427885 0.0285311 0.0168766
10 0.2730137 0.5427885 0.0285311 0.0168766
24 0.3469351 0.5427885 0.0285311 0.0168766
19 0.4921843 0.5427885 0.0285311 0.0168766
20 0.1290614 0.6035439 0.0285311 0.0168765
34 0.2730137 0.6029814 0.0674371 0.0607554
16 0.2730137 0.6035439 0.0285311 0.0168765
6 0.3469351 0.6035439 0.0285311 0.0168765
7 0.4195597 0.6035439 0.0285311 0.0168765
9 0.4921843 0.6035439 0.0285311 0.0168765
17 0.2016860 0.6642993 0.0285311 0.0168765
4 0.2730137 0.6642993 0.0285311 0.0168765
5 0.4195597 0.6642993 0.0285311 0.0168765
25 0.4921843 0.6642993 0.0285311 0.0168765
3 0.0564368 0.7250548 0.0285311 0.0168766
13 0.2730137 0.7250548 0.0285311 0.0168766
11 0.3469351 0.7250548 0.0285311 0.0168766
21 0.4195597 0.7250548 0.0285311 0.0168766
30 0.0564368 0.7858102 0.0285311 0.0168765
12 0.2730137 0.7858102 0.0285311 0.0168765
29 0.3469351 0.7858102 0.0285311 0.0168765
2 0.4921843 0.7858102 0.0285311 0.0168765
10 0.0564368 0.4820330 0.0285311 0.0168765
21 0.2016860 0.7858102 0.0285311 0.0168765
18 0.1290614 0.7250548 0.0285311 0.0168766
14 0.0564368 0.6035439 0.0285311 0.0168765
4 0.2730137 0.4820330 0.0285311 0.0168765
17 0.2016860 0.6035439 0.0285311 0.0168765
17 0.2016860 0.7250548 0.0285311 0.0168766
2 0.4195597 0.7858102 0.0285311 0.0168765
11 0.1290614 0.7858102 0.0285311 0.0168765
22 0.4921843 0.7250548 0.0285311 0.0168766
9 0.1290614 0.6642993 0.0285311 0.0168765
14 0.3469351 0.6642993 0.0285311 0.0168765
