9 0.6359674 0.3712017 0.0265698 0.0167335
11 0.7035997 0.4916826 0.0265698 0.0167335
32 0.5025144 0.4364622 0.4891263 0.4283767
33 0.5013067 0.2512785 0.4432330 0.0156179
8 0.2978060 0.3109612 0.0265698 0.0167335
26 0.3654383 0.3109612 0.0265698 0.0167335
14 0.4330706 0.3109612 0.0265698 0.0167335
4 0.6359674 0.3109612 0.0265698 0.0167335
13 0.2978060 0.3712017 0.0265698 0.0167335
20 0.3654383 0.3712017 0.0265698 0.0167335
11 0.4330706 0.3712017 0.0265698 0.0167335
22 0.4994952 0.3712017 0.0265698 0.0167335
17 0.5683351 0.3712017 0.0265698 0.0167335
27 0.7035997 0.3712017 0.0265698 0.0167335
30 0.2978060 0.4314422 0.0265698 0.0167335
10 0.3654383 0.4314422 0.0265698 0.0167335
34 0.4330706 0.4308844 0.0628014 0.0602405
14 0.4330706 0.4314422 0.0265698 0.0167335
21 0.4994952 0.4314422 0.0265698 0.0167335
1 0.6359674 0.4314422 0.0265698 0.0167335
19 0.2978060 0.4916826 0.0265698 0.0167335
24 0.3654383 0.4916826 0.0265698 0.0167335
18 0.4330706 0.4916826 0.0265698 0.0167335
15 0.4994952 0.4916826 0.0265698 0.0167335
23 0.5683351 0.4916826 0.0265698 0.0167335
12 0.6359674 0.4916826 0.0265698 0.0167335
25 0.3654383 0.5519231 0.0265698 0.0167335
29 0.6359674 0.5519231 0.0265698 0.0167335
16 0.7035997 0.5519231 0.0265698 0.0167335
3 0.2978060 0.6121636 0.0265698 0.0167335
5 0.4330706 0.6121636 0.0265698 0.0167335
6 0.6359674 0.6121636 0.0265698 0.0167335
9 0.7035997 0.6121636 0.0265698 0.0167335
3 0.5683351 0.4314422 0.0265698 0.0167335
1 0.7035997 0.3109612 0.0265698 0.0167335
24 0.4994952 0.3109612 0.0265698 0.0167335
26 0.7035997 0.4314422 0.0265698 0.0167335
2 0.3654383 0.6121636 0.0265698 0.0167335
7 0.5683351 0.6121636 0.0265698 0.0167335
4 0.5683351 0.3109612 0.0265698 0.0167335
2 0.2978060 0.5519231 0.0265698 0.0167335
31 0.5683351 0.5519231 0.0265698 0.0167335
6 0.4994952 0.6121636 0.0265698 0.0167335
15 0.4330706 0.5519231 0.0265698 0.0167335
21 0.4994952 0.5519231 0.0265698 0.0167335
