15 0.0396863 0.6772854 0.0282861 0.0165256
4 0.2544034 0.6772854 0.0282861 0.0165256
32 0.2596141 0.6227509 0.5167283 0.4230559
33 0.2563320 0.4398673 0.4718633 0.0154239
23 0.0396863 0.4988087 0.0282861 0.0165256
9 0.1116873 0.4988087 0.0282861 0.0165256
1 0.2544034 0.4988087 0.0282861 0.0165256
24 0.3276901 0.4988087 0.0282861 0.0165256
13 0.3996910 0.4988087 0.0282861 0.0165256
2 0.0396863 0.5583009 0.0282861 0.0165256
14 0.1836882 0.5583009 0.0282861 0.0165256
4 0.2544034 0.5583009 0.0282861 0.0165256
21 0.3276901 0.5583009 0.0282861 0.0165256
27 0.3996910 0.5583009 0.0282861 0.0165256
31 0.4716920 0.5583009 0.0282861 0.0165256
19 0.0396863 0.6177932 0.0282861 0.0165256
22 0.1116873 0.6177932 0.0282861 0.0165256
7 0.2544034 0.6177932 0.0282861 0.0165256
17 0.3996910 0.6177932 0.0282861 0.0165256
3 0.4716920 0.6177932 0.0282861 0.0165256
18 0.1116873 0.6772854 0.0282861 0.0165256
6 0.1836882 0.6772854 0.0282861 0.0165256
20 0.3276901 0.6772854 0.0282861 0.0165256
29 0.3996910 0.6772854 0.0282861 0.0165256
12 0.0396863 0.7367776 0.0282861 0.0165256
26 0.1116873 0.7367776 0.0282861 0.0165256
15 0.1836882 0.7367776 0.0282861 0.0165256
8 0.3276901 0.7367776 0.0282861 0.0165256
11 0.0396863 0.7962699 0.0282861 0.0165256
34 0.1110444 0.7957190 0.0655723 0.0594922
18 0.1116873 0.7962699 0.0282861 0.0165256
5 0.1836882 0.7962699 0.0282861 0.0165256
25 0.3996910 0.7962699 0.0282861 0.0165256
8 0.1116873 0.5583009 0.0282861 0.0165256
21 0.4716920 0.7962699 0.0282861 0.0165256
9 0.4716920 0.6772854 0.0282861 0.0165256
14 0.3276901 0.6177932 0.0282861 0.0165256
12 0.3276901 0.7962699 0.0282861 0.0165256
22 0.4716920 0.7367776 0.0282861 0.0165256
3 0.1836882 0.6177932 0.0282861 0.0165256
5 0.2544034 0.7367776 0.0282861 0.0165256
3 0.4716920 0.4988087 0.0282861 0.0165256
27 0.2544034 0.7962699 0.0282861 0.0165256
2 0.1836882 0.4988087 0.0282861 0.0165256
28 0.3996910 0.7367776 0.0282861 0.0165256
