6 0.4049194 0.4343362 0.0268193 0.0160738
27 0.2683850 0.4922020 0.0268193 0.0160738
32 0.3384808 0.5548899 0.4937183 0.4114897
33 0.3372617 0.3770063 0.4473941 0.0150022
14 0.1318506 0.4343362 0.0268193 0.0160738
6 0.3354332 0.4343362 0.0268192 0.0160738
17 0.4731866 0.4343362 0.0268192 0.0160738
25 0.5414539 0.4343362 0.0268193 0.0160738
34 0.1318506 0.4916662 0.0633910 0.0578657
30 0.1318506 0.4922020 0.0268193 0.0160738
3 0.2001178 0.4922020 0.0268193 0.0160738
15 0.4049194 0.4922020 0.0268193 0.0160738
16 0.4731866 0.4922020 0.0268192 0.0160738
26 0.5414539 0.4922020 0.0268193 0.0160738
23 0.1318506 0.5500677 0.0268193 0.0160738
1 0.2001178 0.5500677 0.0268193 0.0160738
7 0.2683850 0.5500677 0.0268193 0.0160738
13 0.4049194 0.5500677 0.0268193 0.0160738
4 0.4731866 0.5500677 0.0268192 0.0160738
21 0.5414539 0.5500677 0.0268193 0.0160738
29 0.1318506 0.6079334 0.0268193 0.0160738
10 0.2683850 0.6079334 0.0268193 0.0160738
31 0.4731866 0.6079334 0.0268192 0.0160738
22 0.5414539 0.6079334 0.0268193 0.0160738
12 0.1318506 0.6657992 0.0268193 0.0160738
2 0.2001178 0.6657992 0.0268193 0.0160738
27 0.2683850 0.6657992 0.0268193 0.0160738
5 0.4049194 0.6657992 0.0268193 0.0160738
19 0.4731866 0.6657992 0.0268192 0.0160738
30 0.1318506 0.7236649 0.0268193 0.0160738
11 0.3354332 0.7236649 0.0268192 0.0160738
20 0.4049194 0.7236649 0.0268193 0.0160738
8 0.4731866 0.7236649 0.0268192 0.0160738
7 0.2001178 0.6079334 0.0268193 0.0160738
11 0.2001178 0.4343362 0.0268193 0.0160738
29 0.2001178 0.7236649 0.0268193 0.0160738
29 0.4049194 0.6079334 0.0268193 0.0160738
12 0.5414539 0.7236649 0.0268193 0.0160738
27 0.3354332 0.4922020 0.0268192 0.0160738
26 0.2683850 0.7236649 0.0268193 0.0160738
15 0.3354332 0.6657992 0.0268192 0.0160738
25 0.3354332 0.6079334 0.0268192 0.0160738
5 0.2683850 0.4343362 0.0268193 0.0160738
7 0.5414539 0.6657992 0.0268193 0.0160738
20 0.3354332 0.5500677 0.0268192 0.0160738
