19 0.3068133 0.7074084 0.0269608 0.0172015
8 0.7185789 0.7074084 0.0269608 0.0172015
32 0.5145343 0.5887180 0.4963247 0.4403591
33 0.5133088 0.3983544 0.4497559 0.0160548
18 0.3068133 0.4597065 0.0269608 0.0172015
20 0.4440685 0.4597065 0.0269608 0.0172015
24 0.5813237 0.4597065 0.0269608 0.0172015
8 0.6499513 0.4597065 0.0269608 0.0172015
12 0.7185789 0.4597065 0.0269608 0.0172015
10 0.3068133 0.5216320 0.0269608 0.0172015
30 0.4440685 0.5216320 0.0269608 0.0172015
26 0.5114706 0.5216320 0.0269608 0.0172015
6 0.5813237 0.5216320 0.0269608 0.0172015
11 0.7185789 0.5216320 0.0269608 0.0172015
15 0.3068133 0.5835575 0.0269608 0.0172015
4 0.3754409 0.5835575 0.0269608 0.0172015
9 0.5114706 0.5835575 0.0269608 0.0172015
17 0.5813237 0.5835575 0.0269608 0.0172015
16 0.6499513 0.5835575 0.0269608 0.0172015
27 0.7185789 0.5835575 0.0269608 0.0172015
34 0.3748281 0.6449096 0.0625002 0.0619255
10 0.3754409 0.6454830 0.0269608 0.0172015
3 0.4440685 0.6454830 0.0269608 0.0172015
1 0.5114706 0.6454830 0.0269608 0.0172015
19 0.5813237 0.6454830 0.0269608 0.0172015
5 0.6499513 0.6454830 0.0269608 0.0172015
7 0.7185789 0.6454830 0.0269608 0.0172015
25 0.3754409 0.7074084 0.0269608 0.0172015
22 0.4440685 0.7074084 0.0269608 0.0172015
2 0.3068133 0.7693340 0.0269608 0.0172015
31 0.3754409 0.7693340 0.0269608 0.0172015
29 0.4440685 0.7693340 0.0269608 0.0172015
21 0.6499513 0.7693340 0.0269608 0.0172015
30 0.3754409 0.4597065 0.0269608 0.0172015
20 0.6499513 0.5216320 0.0269608 0.0172015
15 0.6499513 0.7074084 0.0269608 0.0172015
16 0.5114706 0.4597065 0.0269608 0.0172015
7 0.3754409 0.5216320 0.0269608 0.0172015
19 0.7185789 0.7693340 0.0269608 0.0172015
11 0.4440685 0.5835575 0.0269608 0.0172015
17 0.5114706 0.7074084 0.0269608 0.0172015
28 0.5813237 0.7693340 0.0269608 0.0172015
15 0.5813237 0.7074084 0.0269608 0.0172015
5 0.3068133 0.6454830 0.0269608 0.0172015
30 0.5114706 0.7693340 0.0269608 0.0172015
