10 0.4833357 0.5065152 0.0268180 0.0168896
4 0.3455885 0.5065152 0.0268180 0.0168896
32 0.3486360 0.6331875 0.4936958 0.4323745
33 0.3474170 0.4462756 0.4473737 0.0157637
3 0.1420152 0.5065152 0.0268180 0.0168896
7 0.2102793 0.5065152 0.0268180 0.0168896
11 0.4150716 0.5065152 0.0268180 0.0168896
17 0.2102793 0.5673179 0.0268180 0.0168896
9 0.2785434 0.5673179 0.0268180 0.0168896
4 0.3455885 0.5673179 0.0268180 0.0168896
14 0.4150716 0.5673179 0.0268180 0.0168896
31 0.1420152 0.6281205 0.0268180 0.0168896
18 0.2102793 0.6281205 0.0268180 0.0168896
10 0.2785434 0.6281205 0.0268180 0.0168896
22 0.3455885 0.6281205 0.0268180 0.0168896
2 0.4150716 0.6281205 0.0268180 0.0168896
34 0.5515998 0.6275576 0.0633881 0.0608027
24 0.5515998 0.6281205 0.0268180 0.0168896
12 0.1420152 0.6889232 0.0268180 0.0168896
25 0.2102793 0.6889232 0.0268180 0.0168896
27 0.3455885 0.6889232 0.0268180 0.0168896
20 0.4150716 0.6889232 0.0268180 0.0168896
23 0.4833357 0.6889232 0.0268180 0.0168896
30 0.5515998 0.6889232 0.0268180 0.0168896
5 0.1420152 0.7497259 0.0268180 0.0168896
21 0.2785434 0.7497259 0.0268180 0.0168896
8 0.3455885 0.7497259 0.0268180 0.0168896
16 0.4833357 0.7497259 0.0268180 0.0168896
1 0.5515998 0.7497259 0.0268180 0.0168896
26 0.2102793 0.8105286 0.0268180 0.0168896
6 0.4150716 0.8105286 0.0268180 0.0168896
13 0.4833357 0.8105286 0.0268180 0.0168896
29 0.5515998 0.8105286 0.0268180 0.0168896
22 0.1420152 0.8105286 0.0268180 0.0168896
1 0.4833357 0.5673179 0.0268180 0.0168896
14 0.5515998 0.5065152 0.0268180 0.0168896
26 0.4833357 0.6281205 0.0268180 0.0168896
15 0.5515998 0.5673179 0.0268180 0.0168896
11 0.2102793 0.7497259 0.0268180 0.0168896
3 0.2785434 0.5065152 0.0268180 0.0168896
20 0.4150716 0.7497259 0.0268180 0.0168896
13 0.2785434 0.8105286 0.0268180 0.0168896
10 0.2785434 0.6889232 0.0268180 0.0168896
17 0.1420152 0.5673179 0.0268180 0.0168896
4 0.3455885 0.8105286 0.0268180 0.0168896
