31 0.5292374 0.5507097 0.0272985 0.0159369
7 0.3220166 0.4933370 0.0272985 0.0159368
32 0.5323395 0.4981181 0.5025415 0.4079834
33 0.5310986 0.3217503 0.4553894 0.0148744
7 0.3220166 0.3785916 0.0272985 0.0159369
19 0.3915038 0.3785916 0.0272985 0.0159369
1 0.4609910 0.3785916 0.0272985 0.0159369
13 0.5292374 0.3785916 0.0272985 0.0159369
27 0.5999654 0.3785916 0.0272985 0.0159369
14 0.6694527 0.3785916 0.0272986 0.0159369
24 0.7389398 0.3785916 0.0272985 0.0159369
16 0.3220166 0.4359644 0.0272985 0.0159369
3 0.3915038 0.4359644 0.0272985 0.0159369
9 0.4609910 0.4359644 0.0272985 0.0159369
31 0.5292374 0.4359644 0.0272985 0.0159369
10 0.5999654 0.4359644 0.0272985 0.0159369
22 0.3915038 0.4933370 0.0272985 0.0159368
6 0.4609910 0.4933370 0.0272985 0.0159368
25 0.5292374 0.4933370 0.0272985 0.0159368
4 0.5999654 0.4933370 0.0272985 0.0159368
15 0.6694527 0.4933370 0.0272986 0.0159368
8 0.3220166 0.5507097 0.0272985 0.0159369
34 0.3908834 0.5501784 0.0632830 0.0573726
24 0.3915038 0.5507097 0.0272985 0.0159369
2 0.4609910 0.5507097 0.0272985 0.0159369
26 0.6694527 0.5507097 0.0272986 0.0159369
18 0.3220166 0.6080823 0.0272985 0.0159368
12 0.4609910 0.6080823 0.0272985 0.0159368
29 0.7389398 0.6080823 0.0272985 0.0159368
20 0.3915038 0.6654551 0.0272985 0.0159369
5 0.5999654 0.6654551 0.0272985 0.0159369
30 0.6694527 0.6654551 0.0272986 0.0159369
23 0.7389398 0.6654551 0.0272985 0.0159369
1 0.6694527 0.6080823 0.0272986 0.0159368
27 0.3220166 0.6654551 0.0272985 0.0159369
24 0.5292374 0.6080823 0.0272985 0.0159368
13 0.4609910 0.6654551 0.0272985 0.0159369
21 0.6694527 0.4359644 0.0272986 0.0159369
17 0.5292374 0.6654551 0.0272985 0.0159369
21 0.7389398 0.5507097 0.0272985 0.0159369
29 0.3915038 0.6080823 0.0272985 0.0159368
26 0.7389398 0.4933370 0.0272985 0.0159368
7 0.5999654 0.5507097 0.0272985 0.0159369
30 0.5999654 0.6080823 0.0272985 0.0159368
2 0.7389398 0.4359644 0.0272985 0.0159369
