12 0.6979111 0.4275341 0.0273399 0.0159749
19 0.4891343 0.5425537 0.0273398 0.0159749
32 0.5605906 0.4323266 0.5033011 0.4089587
33 0.5593479 0.2555371 0.4560778 0.0149099
25 0.3499498 0.3125144 0.0273398 0.0159750
11 0.4195420 0.3125144 0.0273398 0.0159750
18 0.4891343 0.3125144 0.0273398 0.0159750
15 0.6283188 0.3125144 0.0273398 0.0159750
29 0.7675032 0.3125144 0.0273399 0.0159750
19 0.4891343 0.3700243 0.0273398 0.0159749
34 0.5574838 0.3694918 0.0646214 0.0575098
25 0.5574838 0.3700243 0.0273398 0.0159749
9 0.6283188 0.3700243 0.0273398 0.0159749
12 0.6979111 0.3700243 0.0273399 0.0159749
21 0.7675032 0.3700243 0.0273399 0.0159749
26 0.3499498 0.4275341 0.0273398 0.0159749
5 0.4195420 0.4275341 0.0273398 0.0159749
4 0.4891343 0.4275341 0.0273398 0.0159749
13 0.3499498 0.4850439 0.0273398 0.0159750
2 0.4195420 0.4850439 0.0273398 0.0159750
27 0.5574838 0.4850439 0.0273398 0.0159750
3 0.6283188 0.4850439 0.0273398 0.0159750
14 0.7675032 0.4850439 0.0273399 0.0159750
22 0.4195420 0.5425537 0.0273398 0.0159749
17 0.5574838 0.5425537 0.0273398 0.0159749
10 0.6283188 0.5425537 0.0273398 0.0159749
31 0.7675032 0.5425537 0.0273399 0.0159749
20 0.3499498 0.6000635 0.0273398 0.0159749
1 0.4195420 0.6000635 0.0273398 0.0159749
6 0.5574838 0.6000635 0.0273398 0.0159749
24 0.6283188 0.6000635 0.0273398 0.0159749
23 0.6979111 0.6000635 0.0273399 0.0159749
16 0.7675032 0.6000635 0.0273399 0.0159749
16 0.3499498 0.5425537 0.0273398 0.0159749
25 0.4891343 0.6000635 0.0273398 0.0159749
3 0.7675032 0.4275341 0.0273399 0.0159749
21 0.4891343 0.4850439 0.0273398 0.0159750
1 0.3499498 0.3700243 0.0273398 0.0159749
18 0.6979111 0.5425537 0.0273399 0.0159749
30 0.4195420 0.3700243 0.0273398 0.0159749
15 0.6979111 0.4850439 0.0273399 0.0159750
9 0.6979111 0.3125144 0.0273399 0.0159750
21 0.5574838 0.4275341 0.0273398 0.0159749
29 0.5574838 0.3125144 0.0273398 0.0159750
24 0.6283188 0.4275341 0.0273398 0.0159749
