28 0.7901382 0.5253701 0.0265060 0.0164092
25 0.4527902 0.4072240 0.0265059 0.0164092
32 0.6570062 0.3530737 0.4879499 0.4200750
33 0.6558015 0.1714788 0.4421669 0.0153152
25 0.4527902 0.2300049 0.0265059 0.0164092
30 0.5202598 0.2300049 0.0265059 0.0164092
26 0.5877294 0.2300049 0.0265059 0.0164092
20 0.7226686 0.2300049 0.0265060 0.0164092
21 0.7901382 0.2300049 0.0265060 0.0164092
12 0.8576079 0.2300049 0.0265059 0.0164092
22 0.5202598 0.2890779 0.0265059 0.0164092
16 0.6539942 0.2890779 0.0265059 0.0164092
27 0.7226686 0.2890779 0.0265060 0.0164092
19 0.4527902 0.3481510 0.0265059 0.0164092
10 0.5202598 0.3481510 0.0265059 0.0164092
7 0.5877294 0.3481510 0.0265059 0.0164092
13 0.7226686 0.3481510 0.0265060 0.0164092
23 0.8576079 0.3481510 0.0265059 0.0164092
9 0.5877294 0.4072240 0.0265059 0.0164092
5 0.6539942 0.4072240 0.0265059 0.0164092
34 0.7220663 0.4066770 0.0638551 0.0590731
16 0.7226686 0.4072240 0.0265060 0.0164092
18 0.8576079 0.4072240 0.0265059 0.0164092
4 0.4527902 0.4662971 0.0265059 0.0164092
14 0.5202598 0.4662971 0.0265059 0.0164092
11 0.5877294 0.4662971 0.0265059 0.0164092
15 0.6539942 0.4662971 0.0265059 0.0164092
17 0.7226686 0.4662971 0.0265060 0.0164092
3 0.7901382 0.4662971 0.0265060 0.0164092
6 0.8576079 0.4662971 0.0265059 0.0164092
1 0.5202598 0.5253701 0.0265059 0.0164092
29 0.5877294 0.5253701 0.0265059 0.0164092
24 0.7226686 0.5253701 0.0265060 0.0164092
21 0.7901382 0.4072240 0.0265060 0.0164092
24 0.5202598 0.4072240 0.0265059 0.0164092
11 0.4527902 0.5253701 0.0265059 0.0164092
17 0.4527902 0.2890779 0.0265059 0.0164092
18 0.7901382 0.2890779 0.0265060 0.0164092
10 0.6539942 0.2300049 0.0265059 0.0164092
19 0.8576079 0.2890779 0.0265059 0.0164092
1 0.6539942 0.3481510 0.0265059 0.0164092
22 0.5877294 0.2890779 0.0265059 0.0164092
1 0.6539942 0.5253701 0.0265059 0.0164092
4 0.7901382 0.3481510 0.0265060 0.0164092
2 0.8576079 0.5253701 0.0265059 0.0164092
