13 0.5235091 0.7108737 0.0275276 0.0174368
29 0.3821175 0.3970119 0.0275276 0.0174368
32 0.3852456 0.5277876 0.5067575 0.4463812
33 0.3839944 0.3348208 0.4592099 0.0162743
22 0.1731582 0.3970119 0.0275276 0.0174368
11 0.3132985 0.3970119 0.0275276 0.0174368
12 0.5235091 0.3970119 0.0275276 0.0174368
17 0.5935793 0.3970119 0.0275276 0.0174368
26 0.1731582 0.4597842 0.0275276 0.0174367
27 0.3132985 0.4597842 0.0275276 0.0174367
30 0.3821175 0.4597842 0.0275276 0.0174367
8 0.4534389 0.4597842 0.0275275 0.0174367
29 0.5235091 0.4597842 0.0275276 0.0174367
2 0.5935793 0.4597842 0.0275276 0.0174367
20 0.3132985 0.5225566 0.0275276 0.0174367
7 0.5935793 0.5225566 0.0275276 0.0174367
4 0.2432284 0.5853290 0.0275276 0.0174368
16 0.3132985 0.5853290 0.0275276 0.0174368
15 0.4534389 0.5853290 0.0275275 0.0174368
10 0.5235091 0.5853290 0.0275276 0.0174368
13 0.5935793 0.5853290 0.0275276 0.0174368
19 0.1731582 0.6481013 0.0275276 0.0174368
6 0.2432284 0.6481013 0.0275276 0.0174368
24 0.3132985 0.6481013 0.0275276 0.0174368
31 0.3821175 0.6481013 0.0275276 0.0174368
25 0.4534389 0.6481013 0.0275275 0.0174368
1 0.5935793 0.6481013 0.0275276 0.0174368
34 0.2426027 0.7102924 0.0638139 0.0627724
2 0.2432284 0.7108737 0.0275276 0.0174368
21 0.3132985 0.7108737 0.0275276 0.0174368
23 0.3821175 0.7108737 0.0275276 0.0174368
9 0.4534389 0.7108737 0.0275275 0.0174368
18 0.5935793 0.7108737 0.0275276 0.0174368
9 0.1731582 0.5853290 0.0275276 0.0174368
24 0.5235091 0.6481013 0.0275276 0.0174368
8 0.2432284 0.4597842 0.0275276 0.0174367
9 0.1731582 0.5225566 0.0275276 0.0174367
8 0.1731582 0.7108737 0.0275276 0.0174368
14 0.4534389 0.5225566 0.0275275 0.0174367
28 0.3821175 0.5225566 0.0275276 0.0174367
28 0.5235091 0.5225566 0.0275276 0.0174367
10 0.2432284 0.5225566 0.0275276 0.0174367
14 0.3821175 0.5853290 0.0275276 0.0174368
10 0.2432284 0.3970119 0.0275276 0.0174368
14 0.4534389 0.3970119 0.0275275 0.0174368
