20 0.4201708 0.4746192 0.0277134 0.0170387
15 0.3496278 0.2906014 0.0277133 0.0170386
32 0.2809743 0.3570523 0.5101773 0.4361905
33 0.2797146 0.1684908 0.4623088 0.0159028
2 0.0674556 0.2292621 0.0277133 0.0170387
20 0.1379987 0.2292621 0.0277133 0.0170387
11 0.3496278 0.2292621 0.0277133 0.0170387
18 0.0674556 0.2906014 0.0277133 0.0170386
1 0.1379987 0.2906014 0.0277133 0.0170386
13 0.2085417 0.2906014 0.0277133 0.0170386
16 0.4201708 0.2906014 0.0277134 0.0170386
29 0.4907138 0.2906014 0.0277133 0.0170386
19 0.0674556 0.3519406 0.0277133 0.0170387
31 0.2085417 0.3519406 0.0277133 0.0170387
7 0.2778251 0.3519406 0.0277133 0.0170387
9 0.3496278 0.3519406 0.0277133 0.0170387
6 0.4201708 0.3519406 0.0277134 0.0170387
5 0.4907138 0.3519406 0.0277133 0.0170387
27 0.0674556 0.4132799 0.0277133 0.0170386
30 0.1379987 0.4132799 0.0277133 0.0170386
10 0.3496278 0.4132799 0.0277133 0.0170386
12 0.4201708 0.4132799 0.0277134 0.0170386
25 0.2085417 0.4746192 0.0277133 0.0170387
14 0.2778251 0.4746192 0.0277133 0.0170387
15 0.3496278 0.4746192 0.0277133 0.0170387
26 0.4907138 0.4746192 0.0277133 0.0170387
24 0.0674556 0.5359585 0.0277133 0.0170386
22 0.1379987 0.5359585 0.0277133 0.0170386
4 0.2778251 0.5359585 0.0277133 0.0170386
21 0.3496278 0.5359585 0.0277133 0.0170386
17 0.4201708 0.5359585 0.0277134 0.0170386
34 0.4907138 0.5353905 0.0655042 0.0613393
14 0.4907138 0.5359585 0.0277133 0.0170386
1 0.4201708 0.2292621 0.0277134 0.0170387
8 0.0674556 0.4746192 0.0277133 0.0170387
3 0.1379987 0.4746192 0.0277133 0.0170387
11 0.1379987 0.3519406 0.0277133 0.0170387
2 0.2778251 0.2292621 0.0277133 0.0170387
18 0.2085417 0.2292621 0.0277133 0.0170387
11 0.2778251 0.4132799 0.0277133 0.0170386
10 0.4907138 0.2292621 0.0277133 0.0170387
20 0.2778251 0.2906014 0.0277133 0.0170386
3 0.4907138 0.4132799 0.0277133 0.0170386
5 0.2085417 0.4132799 0.0277133 0.0170386
14 0.2085417 0.5359585 0.0277133 0.0170386
