18 0.0898047 0.5762887 0.0287668 0.0170987
28 0.5291525 0.4531783 0.0287668 0.0170987
32 0.3114400 0.5198631 0.5295710 0.4377256
33 0.3101324 0.3306380 0.4798829 0.0159588
22 0.0898047 0.3916231 0.0287668 0.0170987
1 0.1630294 0.3916231 0.0287668 0.0170987
21 0.2362540 0.3916231 0.0287668 0.0170987
23 0.3081711 0.3916231 0.0287668 0.0170987
34 0.3820495 0.3910532 0.0693019 0.0615551
26 0.3827032 0.3916231 0.0287668 0.0170987
25 0.4559279 0.3916231 0.0287668 0.0170987
3 0.0898047 0.4531783 0.0287668 0.0170987
30 0.1630294 0.4531783 0.0287668 0.0170987
9 0.3081711 0.4531783 0.0287668 0.0170987
24 0.3827032 0.4531783 0.0287668 0.0170987
15 0.4559279 0.4531783 0.0287668 0.0170987
12 0.0898047 0.5147335 0.0287668 0.0170987
7 0.1630294 0.5147335 0.0287668 0.0170987
18 0.3081711 0.5147335 0.0287668 0.0170987
27 0.4559279 0.5147335 0.0287668 0.0170987
31 0.2362540 0.5762887 0.0287668 0.0170987
10 0.3081711 0.5762887 0.0287668 0.0170987
5 0.4559279 0.5762887 0.0287668 0.0170987
20 0.0898047 0.6378438 0.0287668 0.0170987
4 0.1630294 0.6378438 0.0287668 0.0170987
26 0.3081711 0.6378438 0.0287668 0.0170987
16 0.3827032 0.6378438 0.0287668 0.0170987
19 0.5291525 0.6378438 0.0287668 0.0170987
17 0.1630294 0.6993989 0.0287668 0.0170987
14 0.2362540 0.6993989 0.0287668 0.0170987
11 0.3081711 0.6993989 0.0287668 0.0170987
2 0.4559279 0.6993989 0.0287668 0.0170987
13 0.5291525 0.6993989 0.0287668 0.0170987
24 0.5291525 0.3916231 0.0287668 0.0170987
17 0.4559279 0.6378438 0.0287668 0.0170987
10 0.5291525 0.5762887 0.0287668 0.0170987
26 0.2362540 0.6378438 0.0287668 0.0170987
11 0.2362540 0.4531783 0.0287668 0.0170987
27 0.2362540 0.5147335 0.0287668 0.0170987
7 0.0898047 0.6993989 0.0287668 0.0170987
1 0.3827032 0.5147335 0.0287668 0.0170987
1 0.3827032 0.5762887 0.0287668 0.0170987
22 0.5291525 0.5147335 0.0287668 0.0170987
18 0.3827032 0.6993989 0.0287668 0.0170987
3 0.1630294 0.5762887 0.0287668 0.0170987
