30 0.4152475 0.5683036 0.0282584 0.0161277
22 0.2713868 0.4521845 0.0282584 0.0161277
32 0.3452438 0.3989633 0.5202108 0.4128677
33 0.3439594 0.2204840 0.4714008 0.0150525
6 0.2713868 0.2780059 0.0282584 0.0161276
23 0.3420327 0.2780059 0.0282584 0.0161276
34 0.4146053 0.2774683 0.0680770 0.0580595
26 0.4152475 0.2780059 0.0282584 0.0161276
25 0.5591083 0.2780059 0.0282584 0.0161276
5 0.1275260 0.3360655 0.0282584 0.0161276
15 0.2713868 0.3360655 0.0282584 0.0161276
14 0.3420327 0.3360655 0.0282584 0.0161276
16 0.4152475 0.3360655 0.0282584 0.0161276
8 0.4871779 0.3360655 0.0282584 0.0161276
26 0.5591083 0.3360655 0.0282584 0.0161276
9 0.1275260 0.3941250 0.0282584 0.0161277
30 0.1994564 0.3941250 0.0282584 0.0161277
22 0.4152475 0.3941250 0.0282584 0.0161277
3 0.5591083 0.3941250 0.0282584 0.0161277
24 0.1275260 0.4521845 0.0282584 0.0161277
10 0.1994564 0.4521845 0.0282584 0.0161277
7 0.3420327 0.4521845 0.0282584 0.0161277
1 0.4871779 0.4521845 0.0282584 0.0161277
21 0.1275260 0.5102440 0.0282584 0.0161277
2 0.4152475 0.5102440 0.0282584 0.0161277
11 0.4871779 0.5102440 0.0282584 0.0161277
20 0.5591083 0.5102440 0.0282584 0.0161277
13 0.1275260 0.5683036 0.0282584 0.0161277
17 0.1994564 0.5683036 0.0282584 0.0161277
12 0.2713868 0.5683036 0.0282584 0.0161277
29 0.4871779 0.5683036 0.0282584 0.0161277
27 0.5591083 0.5683036 0.0282584 0.0161277
22 0.4152475 0.4521845 0.0282584 0.0161277
7 0.2713868 0.3941250 0.0282584 0.0161277
3 0.4871779 0.2780059 0.0282584 0.0161276
13 0.5591083 0.4521845 0.0282584 0.0161277
24 0.2713868 0.5102440 0.0282584 0.0161277
20 0.4871779 0.3941250 0.0282584 0.0161277
3 0.1994564 0.3360655 0.0282584 0.0161276
5 0.1994564 0.2780059 0.0282584 0.0161276
31 0.1275260 0.2780059 0.0282584 0.0161276
28 0.3420327 0.5683036 0.0282584 0.0161277
16 0.1994564 0.5102440 0.0282584 0.0161277
12 0.3420327 0.3941250 0.0282584 0.0161277
21 0.3420327 0.5102440 0.0282584 0.0161277
