18 0.5189131 0.5356928 0.0284325 0.0173121
10 0.4465395 0.2863976 0.0284325 0.0173121
32 0.3761045 0.3539150 0.5234160 0.4431916
33 0.3748121 0.1623270 0.4743053 0.0161580
31 0.1570452 0.2240737 0.0284325 0.0173122
17 0.3017924 0.2240737 0.0284325 0.0173122
8 0.3728735 0.2240737 0.0284325 0.0173122
24 0.4465395 0.2240737 0.0284325 0.0173122
29 0.5189131 0.2240737 0.0284325 0.0173122
15 0.5912866 0.2240737 0.0284325 0.0173122
13 0.1570452 0.2863976 0.0284325 0.0173121
9 0.2294188 0.2863976 0.0284325 0.0173121
1 0.3728735 0.2863976 0.0284325 0.0173121
18 0.5912866 0.2863976 0.0284325 0.0173121
23 0.1570452 0.3487214 0.0284325 0.0173121
34 0.5912866 0.3481443 0.0672040 0.0623238
11 0.5912866 0.3487214 0.0284325 0.0173121
19 0.2294188 0.4110452 0.0284325 0.0173121
5 0.3728735 0.4110452 0.0284325 0.0173121
22 0.4465395 0.4110452 0.0284325 0.0173121
2 0.5189131 0.4110452 0.0284325 0.0173121
21 0.5912866 0.4110452 0.0284325 0.0173121
4 0.1570452 0.4733690 0.0284325 0.0173121
3 0.2294188 0.4733690 0.0284325 0.0173121
16 0.3017924 0.4733690 0.0284325 0.0173121
20 0.3728735 0.4733690 0.0284325 0.0173121
11 0.4465395 0.4733690 0.0284325 0.0173121
30 0.5912866 0.4733690 0.0284325 0.0173121
27 0.3017924 0.5356928 0.0284325 0.0173121
10 0.3728735 0.5356928 0.0284325 0.0173121
12 0.4465395 0.5356928 0.0284325 0.0173121
26 0.5912866 0.5356928 0.0284325 0.0173121
12 0.2294188 0.3487214 0.0284325 0.0173121
21 0.5189131 0.2863976 0.0284325 0.0173121
2 0.2294188 0.2240737 0.0284325 0.0173122
6 0.1570452 0.4110452 0.0284325 0.0173121
24 0.2294188 0.5356928 0.0284325 0.0173121
12 0.4465395 0.3487214 0.0284325 0.0173121
19 0.3017924 0.2863976 0.0284325 0.0173121
19 0.1570452 0.5356928 0.0284325 0.0173121
2 0.5189131 0.3487214 0.0284325 0.0173121
18 0.5189131 0.4733690 0.0284325 0.0173121
2 0.3017924 0.3487214 0.0284325 0.0173121
29 0.3017924 0.4110452 0.0284325 0.0173121
8 0.3728735 0.3487214 0.0284325 0.0173121
