8 0.4392611 0.3898839 0.0267173 0.0171933
19 0.6432843 0.5755712 0.0267173 0.0171933
32 0.5770982 0.3950418 0.4918415 0.4401477
33 0.5758838 0.2047697 0.4456934 0.0160470
25 0.3712534 0.2660924 0.0267173 0.0171933
34 0.4386539 0.2655192 0.0619356 0.0618958
1 0.4392611 0.2660924 0.0267173 0.0171933
17 0.5072689 0.2660924 0.0267173 0.0171933
26 0.5740622 0.2660924 0.0267173 0.0171933
23 0.6432843 0.2660924 0.0267173 0.0171933
12 0.7112920 0.2660924 0.0267173 0.0171933
9 0.7792997 0.2660924 0.0267174 0.0171933
7 0.3712534 0.3279881 0.0267173 0.0171933
30 0.4392611 0.3279881 0.0267173 0.0171933
5 0.5072689 0.3279881 0.0267173 0.0171933
15 0.5740622 0.3279881 0.0267173 0.0171933
1 0.7112920 0.3279881 0.0267173 0.0171933
29 0.3712534 0.3898839 0.0267173 0.0171933
22 0.5072689 0.3898839 0.0267173 0.0171933
6 0.7112920 0.3898839 0.0267173 0.0171933
16 0.7792997 0.3898839 0.0267174 0.0171933
24 0.4392611 0.4517796 0.0267173 0.0171933
11 0.5072689 0.4517796 0.0267173 0.0171933
4 0.5740622 0.4517796 0.0267173 0.0171933
14 0.6432843 0.4517796 0.0267173 0.0171933
8 0.4392611 0.5136754 0.0267173 0.0171933
20 0.6432843 0.5136754 0.0267173 0.0171933
27 0.7112920 0.5136754 0.0267173 0.0171933
19 0.7792997 0.5136754 0.0267174 0.0171933
21 0.4392611 0.5755712 0.0267173 0.0171933
10 0.7112920 0.5755712 0.0267173 0.0171933
31 0.7792997 0.5755712 0.0267174 0.0171933
7 0.3712534 0.5136754 0.0267173 0.0171933
15 0.6432843 0.3898839 0.0267173 0.0171933
22 0.3712534 0.4517796 0.0267173 0.0171933
7 0.6432843 0.3279881 0.0267173 0.0171933
16 0.7792997 0.3279881 0.0267174 0.0171933
22 0.5072689 0.5136754 0.0267173 0.0171933
8 0.5072689 0.5755712 0.0267173 0.0171933
25 0.5740622 0.5755712 0.0267173 0.0171933
27 0.7112920 0.4517796 0.0267173 0.0171933
26 0.5740622 0.5136754 0.0267173 0.0171933
10 0.3712534 0.5755712 0.0267173 0.0171933
3 0.7792997 0.4517796 0.0267174 0.0171933
30 0.5740622 0.3898839 0.0267173 0.0171933
