16 0.6632913 0.5882833 0.0275880 0.0174582
12 0.5228434 0.2740358 0.0275880 0.0174582
32 0.4545004 0.4049723 0.5078697 0.4469297
33 0.4532464 0.2117683 0.4602177 0.0162943
18 0.2419475 0.2740358 0.0275880 0.0174582
23 0.3121715 0.2740358 0.0275880 0.0174582
9 0.4513654 0.2740358 0.0275880 0.0174582
14 0.6632913 0.2740358 0.0275880 0.0174582
34 0.3115445 0.3363034 0.0639540 0.0628495
22 0.3121715 0.3368853 0.0275880 0.0174582
5 0.5228434 0.3368853 0.0275880 0.0174582
24 0.6632913 0.3368853 0.0275880 0.0174582
20 0.2419475 0.3997348 0.0275880 0.0174582
3 0.3121715 0.3997348 0.0275880 0.0174582
17 0.5228434 0.3997348 0.0275880 0.0174582
1 0.2419475 0.4625843 0.0275880 0.0174582
8 0.3121715 0.4625843 0.0275880 0.0174582
31 0.4513654 0.4625843 0.0275880 0.0174582
22 0.5228434 0.4625843 0.0275880 0.0174582
29 0.5930674 0.4625843 0.0275880 0.0174582
30 0.6632913 0.4625843 0.0275880 0.0174582
19 0.2419475 0.5254338 0.0275880 0.0174582
10 0.3121715 0.5254338 0.0275880 0.0174582
2 0.3823954 0.5254338 0.0275880 0.0174582
12 0.4513654 0.5254338 0.0275880 0.0174582
25 0.5228434 0.5254338 0.0275880 0.0174582
7 0.5930674 0.5254338 0.0275880 0.0174582
4 0.2419475 0.5882833 0.0275880 0.0174582
13 0.3121715 0.5882833 0.0275880 0.0174582
27 0.4513654 0.5882833 0.0275880 0.0174582
16 0.5228434 0.5882833 0.0275880 0.0174582
21 0.5930674 0.5882833 0.0275880 0.0174582
31 0.3823954 0.4625843 0.0275880 0.0174582
1 0.3823954 0.3997348 0.0275880 0.0174582
12 0.3823954 0.5882833 0.0275880 0.0174582
2 0.5930674 0.3368853 0.0275880 0.0174582
1 0.6632913 0.3997348 0.0275880 0.0174582
12 0.2419475 0.3368853 0.0275880 0.0174582
12 0.6632913 0.5254338 0.0275880 0.0174582
28 0.3823954 0.3368853 0.0275880 0.0174582
14 0.4513654 0.3997348 0.0275880 0.0174582
28 0.4513654 0.3368853 0.0275880 0.0174582
2 0.3823954 0.2740358 0.0275880 0.0174582
27 0.5930674 0.2740358 0.0275880 0.0174582
22 0.5930674 0.3997348 0.0275880 0.0174582
