3 0.7729878 0.6412586 0.0274036 0.0170534
27 0.8427424 0.5798667 0.0274036 0.0170534
32 0.6353470 0.5849827 0.5044754 0.4365645
33 0.6341013 0.3962595 0.4571419 0.0159164
17 0.4939693 0.4570829 0.0274036 0.0170533
19 0.6322329 0.4570829 0.0274036 0.0170533
23 0.7032332 0.4570829 0.0274036 0.0170533
12 0.7729878 0.4570829 0.0274036 0.0170533
15 0.8427424 0.4570829 0.0274036 0.0170533
21 0.4939693 0.5184749 0.0274036 0.0170533
3 0.5637239 0.5184749 0.0274036 0.0170533
25 0.7032332 0.5184749 0.0274036 0.0170533
13 0.7729878 0.5184749 0.0274036 0.0170533
10 0.4242147 0.5798667 0.0274036 0.0170534
8 0.4939693 0.5798667 0.0274036 0.0170534
6 0.5637239 0.5798667 0.0274036 0.0170534
30 0.7729878 0.5798667 0.0274036 0.0170534
18 0.4242147 0.6412586 0.0274036 0.0170534
1 0.4939693 0.6412586 0.0274036 0.0170534
29 0.5637239 0.6412586 0.0274036 0.0170534
4 0.7032332 0.6412586 0.0274036 0.0170534
20 0.8427424 0.6412586 0.0274036 0.0170534
26 0.4939693 0.7026505 0.0274036 0.0170534
9 0.7729878 0.7026505 0.0274036 0.0170534
24 0.4242147 0.7640424 0.0274036 0.0170532
31 0.4939693 0.7640424 0.0274036 0.0170532
2 0.5637239 0.7640424 0.0274036 0.0170532
5 0.6322329 0.7640424 0.0274036 0.0170532
14 0.7032332 0.7640424 0.0274036 0.0170532
22 0.7729878 0.7640424 0.0274036 0.0170532
34 0.8427424 0.7634740 0.0647722 0.0613919
15 0.8427424 0.7640424 0.0274036 0.0170532
13 0.6322329 0.6412586 0.0274036 0.0170534
24 0.4242147 0.5184749 0.0274036 0.0170533
24 0.4242147 0.7026505 0.0274036 0.0170534
31 0.6322329 0.7026505 0.0274036 0.0170534
11 0.8427424 0.7026505 0.0274036 0.0170534
9 0.5637239 0.7026505 0.0274036 0.0170534
16 0.4242147 0.4570829 0.0274036 0.0170533
6 0.8427424 0.5184749 0.0274036 0.0170533
2 0.6322329 0.5184749 0.0274036 0.0170533
4 0.7032332 0.5798667 0.0274036 0.0170534
7 0.7032332 0.7026505 0.0274036 0.0170534
5 0.6322329 0.5798667 0.0274036 0.0170534
13 0.5637239 0.4570829 0.0274036 0.0170533
