30 0.7168401 0.3992066 0.0270400 0.0173001
10 0.4415237 0.3992066 0.0270400 0.0173001
32 0.5121964 0.3421162 0.4977818 0.4428829
33 0.5109673 0.1506617 0.4510764 0.0161467
6 0.3038655 0.2123654 0.0270400 0.0173001
34 0.3720801 0.2117887 0.0626836 0.0622804
26 0.3726946 0.2123654 0.0270400 0.0173001
26 0.4415237 0.2123654 0.0270400 0.0173001
10 0.3038655 0.2746458 0.0270400 0.0173001
3 0.3726946 0.2746458 0.0270400 0.0173001
17 0.4415237 0.2746458 0.0270400 0.0173001
21 0.5791819 0.2746458 0.0270400 0.0173001
4 0.7168401 0.2746458 0.0270400 0.0173001
14 0.3726946 0.3369262 0.0270400 0.0173001
22 0.4415237 0.3369262 0.0270400 0.0173001
5 0.5091237 0.3369262 0.0270400 0.0173001
30 0.5791819 0.3369262 0.0270400 0.0173001
29 0.6480110 0.3369262 0.0270400 0.0173001
12 0.7168401 0.3369262 0.0270400 0.0173001
9 0.3038655 0.3992066 0.0270400 0.0173001
7 0.5091237 0.3992066 0.0270400 0.0173001
15 0.6480110 0.3992066 0.0270400 0.0173001
27 0.3038655 0.4614870 0.0270400 0.0173001
18 0.3726946 0.4614870 0.0270400 0.0173001
20 0.5091237 0.4614870 0.0270400 0.0173001
25 0.7168401 0.4614870 0.0270400 0.0173001
2 0.3038655 0.5237674 0.0270400 0.0173001
23 0.4415237 0.5237674 0.0270400 0.0173001
1 0.5091237 0.5237674 0.0270400 0.0173001
19 0.5791819 0.5237674 0.0270400 0.0173001
16 0.6480110 0.5237674 0.0270400 0.0173001
31 0.7168401 0.5237674 0.0270400 0.0173001
18 0.3726946 0.3992066 0.0270400 0.0173001
20 0.6480110 0.4614870 0.0270400 0.0173001
6 0.3038655 0.3369262 0.0270400 0.0173001
11 0.5791819 0.2123654 0.0270400 0.0173001
1 0.6480110 0.2746458 0.0270400 0.0173001
17 0.4415237 0.4614870 0.0270400 0.0173001
21 0.6480110 0.2123654 0.0270400 0.0173001
10 0.5091237 0.2746458 0.0270400 0.0173001
20 0.3726946 0.5237674 0.0270400 0.0173001
7 0.5791819 0.4614870 0.0270400 0.0173001
9 0.5791819 0.3992066 0.0270400 0.0173001
15 0.5091237 0.2123654 0.0270400 0.0173001
18 0.7168401 0.2123654 0.0270400 0.0173001
