28 0.3566299 0.7443416 0.0262095 0.0166743
10 0.4912515 0.8043690 0.0262095 0.0166743
32 0.3596082 0.6292892 0.4824936 0.4268613
33 0.3584169 0.4447607 0.4372226 0.0155626
29 0.1576757 0.5042322 0.0262095 0.0166743
9 0.2243909 0.5042322 0.0262095 0.0166743
11 0.3566299 0.5042322 0.0262095 0.0166743
25 0.4245364 0.5042322 0.0262095 0.0166743
20 0.4912515 0.5042322 0.0262095 0.0166743
24 0.2911061 0.5642596 0.0262095 0.0166743
18 0.3566299 0.5642596 0.0262095 0.0166743
31 0.4245364 0.5642596 0.0262095 0.0166743
34 0.4906559 0.5637037 0.0607585 0.0600274
9 0.4912515 0.5642596 0.0262095 0.0166743
1 0.2911061 0.6242870 0.0262095 0.0166743
16 0.3566299 0.6242870 0.0262095 0.0166743
30 0.4245364 0.6242870 0.0262095 0.0166743
22 0.4912515 0.6242870 0.0262095 0.0166743
12 0.1576757 0.6843142 0.0262095 0.0166743
2 0.3566299 0.6843142 0.0262095 0.0166743
23 0.4245364 0.6843142 0.0262095 0.0166743
7 0.4912515 0.6843142 0.0262095 0.0166743
3 0.5579667 0.6843142 0.0262095 0.0166743
5 0.2243909 0.7443416 0.0262095 0.0166743
27 0.2911061 0.7443416 0.0262095 0.0166743
13 0.4245364 0.7443416 0.0262095 0.0166743
26 0.4912515 0.7443416 0.0262095 0.0166743
8 0.5579667 0.7443416 0.0262095 0.0166743
10 0.1576757 0.8043690 0.0262095 0.0166743
19 0.2243909 0.8043690 0.0262095 0.0166743
15 0.3566299 0.8043690 0.0262095 0.0166743
14 0.4245364 0.8043690 0.0262095 0.0166743
8 0.2911061 0.5042322 0.0262095 0.0166743
15 0.5579667 0.5642596 0.0262095 0.0166743
21 0.1576757 0.6242870 0.0262095 0.0166743
8 0.5579667 0.8043690 0.0262095 0.0166743
1 0.2243909 0.6843142 0.0262095 0.0166743
5 0.2243909 0.6242870 0.0262095 0.0166743
22 0.5579667 0.5042322 0.0262095 0.0166743
5 0.2243909 0.5642596 0.0262095 0.0166743
20 0.2911061 0.8043690 0.0262095 0.0166743
2 0.1576757 0.5642596 0.0262095 0.0166743
18 0.1576757 0.7443416 0.0262095 0.0166743
3 0.2911061 0.6843142 0.0262095 0.0166743
1 0.5579667 0.6242870 0.0262095 0.0166743
