12 0.5179198 0.4207335 0.0265356 0.0159307
8 0.7205552 0.5354342 0.0265355 0.0159307
32 0.5872742 0.4255127 0.4884960 0.4078245
33 0.5860680 0.2492136 0.4426617 0.0148686
25 0.3828296 0.3060329 0.0265356 0.0159307
6 0.4503747 0.3060329 0.0265356 0.0159307
10 0.5179198 0.3060329 0.0265356 0.0159307
17 0.5842588 0.3060329 0.0265356 0.0159307
22 0.6530101 0.3060329 0.0265356 0.0159307
4 0.7881003 0.3060329 0.0265356 0.0159307
15 0.3828296 0.3633832 0.0265356 0.0159307
1 0.4503747 0.3633832 0.0265356 0.0159307
7 0.5179198 0.3633832 0.0265356 0.0159307
2 0.5842588 0.3633832 0.0265356 0.0159307
16 0.6530101 0.3633832 0.0265356 0.0159307
31 0.7881003 0.3633832 0.0265356 0.0159307
34 0.3828296 0.4202025 0.0627205 0.0573503
4 0.3828296 0.4207335 0.0265356 0.0159307
30 0.4503747 0.4207335 0.0265356 0.0159307
12 0.5842588 0.4207335 0.0265356 0.0159307
5 0.7881003 0.4207335 0.0265356 0.0159307
20 0.4503747 0.4780839 0.0265356 0.0159307
24 0.5179198 0.4780839 0.0265356 0.0159307
18 0.5842588 0.4780839 0.0265356 0.0159307
29 0.6530101 0.4780839 0.0265356 0.0159307
14 0.7881003 0.4780839 0.0265356 0.0159307
27 0.5179198 0.5354342 0.0265356 0.0159307
26 0.7881003 0.5354342 0.0265356 0.0159307
19 0.4503747 0.5927846 0.0265356 0.0159307
3 0.5179198 0.5927846 0.0265356 0.0159307
11 0.5842588 0.5927846 0.0265356 0.0159307
9 0.6530101 0.5927846 0.0265356 0.0159307
7 0.7205552 0.4780839 0.0265355 0.0159307
20 0.4503747 0.5354342 0.0265356 0.0159307
27 0.5842588 0.5354342 0.0265356 0.0159307
17 0.7881003 0.5927846 0.0265356 0.0159307
3 0.6530101 0.5354342 0.0265356 0.0159307
4 0.3828296 0.4780839 0.0265356 0.0159307
15 0.7205552 0.4207335 0.0265355 0.0159307
11 0.7205552 0.3633832 0.0265355 0.0159307
31 0.7205552 0.3060329 0.0265355 0.0159307
29 0.6530101 0.4207335 0.0265356 0.0159307
18 0.7205552 0.5927846 0.0265355 0.0159307
17 0.3828296 0.5354342 0.0265356 0.0159307
4 0.3828296 0.5927846 0.0265356 0.0159307
