12 0.8033110 0.6779180 0.0271787 0.0166763
14 0.4573999 0.6779180 0.0271787 0.0166763
32 0.5976174 0.6228859 0.5003357 0.4269154
33 0.5963820 0.4383339 0.4533906 0.0155646
1 0.3882177 0.4978130 0.0271787 0.0166764
20 0.4573999 0.4978130 0.0271787 0.0166764
13 0.5265821 0.4978130 0.0271787 0.0166764
11 0.5945289 0.4978130 0.0271787 0.0166764
5 0.6649466 0.4978130 0.0271787 0.0166764
12 0.7341287 0.4978130 0.0271787 0.0166764
22 0.8033110 0.4978130 0.0271787 0.0166764
31 0.5945289 0.5578480 0.0271787 0.0166764
2 0.7341287 0.5578480 0.0271787 0.0166764
27 0.3882177 0.6178830 0.0271787 0.0166764
16 0.4573999 0.6178830 0.0271787 0.0166764
21 0.5265821 0.6178830 0.0271787 0.0166764
29 0.6649466 0.6178830 0.0271787 0.0166764
6 0.7341287 0.6178830 0.0271787 0.0166764
34 0.8033110 0.6173271 0.0642406 0.0600350
15 0.8033110 0.6178830 0.0271787 0.0166764
30 0.6649466 0.6779180 0.0271787 0.0166763
14 0.7341287 0.6779180 0.0271787 0.0166763
8 0.3882177 0.7379529 0.0271787 0.0166763
24 0.5265821 0.7379529 0.0271787 0.0166763
7 0.7341287 0.7379529 0.0271787 0.0166763
3 0.8033110 0.7379529 0.0271787 0.0166763
10 0.3882177 0.7979879 0.0271787 0.0166763
4 0.4573999 0.7979879 0.0271787 0.0166763
9 0.5265821 0.7979879 0.0271787 0.0166763
17 0.6649466 0.7979879 0.0271787 0.0166763
26 0.7341287 0.7979879 0.0271787 0.0166763
15 0.8033110 0.7979879 0.0271787 0.0166763
10 0.5265821 0.5578480 0.0271787 0.0166764
13 0.6649466 0.5578480 0.0271787 0.0166764
24 0.3882177 0.6779180 0.0271787 0.0166763
14 0.5945289 0.6779180 0.0271787 0.0166763
25 0.8033110 0.5578480 0.0271787 0.0166764
17 0.3882177 0.5578480 0.0271787 0.0166764
30 0.5945289 0.7379529 0.0271787 0.0166763
8 0.6649466 0.7379529 0.0271787 0.0166763
12 0.5945289 0.7979879 0.0271787 0.0166763
11 0.5945289 0.6178830 0.0271787 0.0166764
30 0.4573999 0.5578480 0.0271787 0.0166764
14 0.5265821 0.6779180 0.0271787 0.0166763
7 0.4573999 0.7379529 0.0271787 0.0166763
