6 0.4101445 0.3733183 0.0272135 0.0172762
22 0.2716029 0.3111240 0.0272135 0.0172762
32 0.3427292 0.4406954 0.5009764 0.4422705
33 0.3414922 0.2495056 0.4539712 0.0161244
13 0.1330612 0.3111240 0.0272135 0.0172762
5 0.4101445 0.3111240 0.0272135 0.0172762
19 0.4794153 0.3111240 0.0272135 0.0172762
12 0.5486861 0.3111240 0.0272135 0.0172762
7 0.1330612 0.3733183 0.0272135 0.0172762
31 0.2716029 0.3733183 0.0272135 0.0172762
22 0.3396367 0.3733183 0.0272135 0.0172762
4 0.4794153 0.3733183 0.0272135 0.0172762
25 0.1330612 0.4355126 0.0272135 0.0172762
20 0.2023321 0.4355126 0.0272136 0.0172762
3 0.4794153 0.4355126 0.0272135 0.0172762
29 0.1330612 0.4977068 0.0272135 0.0172762
27 0.2023321 0.4977068 0.0272136 0.0172762
2 0.4101445 0.4977068 0.0272135 0.0172762
30 0.4794153 0.4977068 0.0272135 0.0172762
11 0.5486861 0.4977068 0.0272135 0.0172762
14 0.1330612 0.5599011 0.0272135 0.0172762
1 0.2716029 0.5599011 0.0272135 0.0172762
6 0.3396367 0.5599011 0.0272135 0.0172762
9 0.5486861 0.5599011 0.0272135 0.0172762
34 0.1330612 0.6215196 0.0643229 0.0621943
26 0.1330612 0.6220954 0.0272135 0.0172762
24 0.2023321 0.6220954 0.0272136 0.0172762
15 0.2716029 0.6220954 0.0272135 0.0172762
26 0.3396367 0.6220954 0.0272135 0.0172762
16 0.4101445 0.6220954 0.0272135 0.0172762
8 0.4794153 0.6220954 0.0272135 0.0172762
18 0.5486861 0.6220954 0.0272135 0.0172762
29 0.5486861 0.4355126 0.0272135 0.0172762
14 0.2023321 0.3733183 0.0272136 0.0172762
20 0.4101445 0.4355126 0.0272135 0.0172762
27 0.2023321 0.5599011 0.0272136 0.0172762
24 0.5486861 0.3733183 0.0272135 0.0172762
31 0.3396367 0.4355126 0.0272135 0.0172762
30 0.2716029 0.4977068 0.0272135 0.0172762
6 0.3396367 0.4977068 0.0272135 0.0172762
25 0.2716029 0.4355126 0.0272135 0.0172762
11 0.4794153 0.5599011 0.0272135 0.0172762
8 0.4101445 0.5599011 0.0272135 0.0172762
16 0.2023321 0.3111240 0.0272136 0.0172762
8 0.3396367 0.3111240 0.0272135 0.0172762
