25 0.4711935 0.6833962 0.0272300 0.0165687
19 0.2632550 0.5641011 0.0272301 0.0165687
32 0.3344245 0.5690717 0.5012803 0.4241605
33 0.3331868 0.3857107 0.4542466 0.0154642
27 0.1246294 0.4448059 0.0272300 0.0165687
13 0.2632550 0.4448059 0.0272301 0.0165687
16 0.3313301 0.4448059 0.0272301 0.0165687
17 0.4018807 0.4448059 0.0272300 0.0165687
34 0.1933234 0.5039012 0.0631242 0.0596476
7 0.1939422 0.5044535 0.0272300 0.0165688
11 0.2632550 0.5044535 0.0272301 0.0165688
31 0.3313301 0.5044535 0.0272301 0.0165688
7 0.4018807 0.5044535 0.0272300 0.0165688
4 0.4711935 0.5044535 0.0272300 0.0165688
19 0.1246294 0.5641011 0.0272300 0.0165687
26 0.3313301 0.5641011 0.0272301 0.0165687
25 0.4018807 0.5641011 0.0272300 0.0165687
3 0.5405064 0.5641011 0.0272300 0.0165687
6 0.1246294 0.6237486 0.0272300 0.0165687
14 0.1939422 0.6237486 0.0272300 0.0165687
8 0.2632550 0.6237486 0.0272301 0.0165687
20 0.3313301 0.6237486 0.0272301 0.0165687
15 0.4018807 0.6237486 0.0272300 0.0165687
2 0.1246294 0.6833962 0.0272300 0.0165687
12 0.2632550 0.6833962 0.0272301 0.0165687
10 0.3313301 0.6833962 0.0272301 0.0165687
9 0.4018807 0.6833962 0.0272300 0.0165687
23 0.5405064 0.6833962 0.0272300 0.0165687
21 0.1246294 0.7430438 0.0272300 0.0165687
22 0.3313301 0.7430438 0.0272301 0.0165687
24 0.4018807 0.7430438 0.0272300 0.0165687
29 0.5405064 0.7430438 0.0272300 0.0165687
2 0.4711935 0.5641011 0.0272300 0.0165687
1 0.2632550 0.7430438 0.0272301 0.0165687
20 0.4711935 0.4448059 0.0272300 0.0165687
26 0.5405064 0.6237486 0.0272300 0.0165687
7 0.4711935 0.6237486 0.0272300 0.0165687
15 0.5405064 0.5044535 0.0272300 0.0165688
12 0.1939422 0.7430438 0.0272300 0.0165687
29 0.1246294 0.5044535 0.0272300 0.0165688
28 0.1939422 0.6833962 0.0272300 0.0165687
20 0.1939422 0.4448059 0.0272300 0.0165687
6 0.1939422 0.5641011 0.0272300 0.0165687
25 0.5405064 0.4448059 0.0272300 0.0165687
28 0.4711935 0.7430438 0.0272300 0.0165687
