14 0.2966018 0.4068117 0.0281962 0.0163317
28 0.6554622 0.3480174 0.0281962 0.0163317
32 0.5138405 0.3529169 0.5190660 0.4180928
33 0.5125589 0.1721789 0.4703635 0.0152430
4 0.2966018 0.2304288 0.0281962 0.0163318
3 0.3683738 0.2304288 0.0281962 0.0163318
23 0.5106364 0.2304288 0.0281961 0.0163318
18 0.5836901 0.2304288 0.0281961 0.0163318
31 0.6554622 0.2304288 0.0281962 0.0163318
16 0.7272343 0.2304288 0.0281962 0.0163318
12 0.2966018 0.2892231 0.0281962 0.0163318
14 0.3683738 0.2892231 0.0281962 0.0163318
24 0.5106364 0.2892231 0.0281961 0.0163318
30 0.5836901 0.2892231 0.0281961 0.0163318
17 0.6554622 0.2892231 0.0281962 0.0163318
19 0.5106364 0.3480174 0.0281961 0.0163317
22 0.5836901 0.3480174 0.0281961 0.0163317
13 0.3683738 0.4068117 0.0281962 0.0163317
20 0.5836901 0.4068117 0.0281961 0.0163317
25 0.6554622 0.4068117 0.0281962 0.0163317
29 0.7272343 0.4068117 0.0281962 0.0163317
26 0.2966018 0.4656060 0.0281962 0.0163318
2 0.3683738 0.4656060 0.0281962 0.0163318
10 0.5836901 0.4656060 0.0281961 0.0163318
15 0.6554622 0.4656060 0.0281962 0.0163318
21 0.7272343 0.4656060 0.0281962 0.0163318
8 0.3683738 0.5244003 0.0281962 0.0163318
1 0.4401459 0.5244003 0.0281962 0.0163318
34 0.5106364 0.5238559 0.0666455 0.0587943
11 0.5106364 0.5244003 0.0281961 0.0163318
6 0.5836901 0.5244003 0.0281961 0.0163318
9 0.7272343 0.5244003 0.0281962 0.0163318
20 0.4401459 0.3480174 0.0281962 0.0163317
25 0.3683738 0.3480174 0.0281962 0.0163317
19 0.2966018 0.5244003 0.0281962 0.0163318
8 0.5106364 0.4656060 0.0281961 0.0163318
15 0.4401459 0.2304288 0.0281962 0.0163318
21 0.7272343 0.2892231 0.0281962 0.0163318
24 0.2966018 0.3480174 0.0281962 0.0163317
27 0.4401459 0.4068117 0.0281962 0.0163317
20 0.6554622 0.5244003 0.0281962 0.0163318
10 0.5106364 0.4068117 0.0281961 0.0163317
10 0.4401459 0.4656060 0.0281962 0.0163318
19 0.7272343 0.3480174 0.0281962 0.0163317
20 0.4401459 0.2892231 0.0281962 0.0163318
