1 0.6234119 0.4999418 0.0282003 0.0163544
9 0.4798470 0.3821906 0.0282003 0.0163543
32 0.5535522 0.5048482 0.5191409 0.4186713
33 0.5522704 0.3238601 0.4704314 0.0152640
19 0.5503476 0.3821906 0.0282002 0.0163543
21 0.6951943 0.3821906 0.0282002 0.0163543
1 0.3362821 0.4410662 0.0282002 0.0163544
8 0.4080645 0.4410662 0.0282003 0.0163544
25 0.4798470 0.4410662 0.0282003 0.0163544
16 0.5503476 0.4410662 0.0282002 0.0163544
3 0.6234119 0.4410662 0.0282003 0.0163544
26 0.7669768 0.4410662 0.0282002 0.0163544
4 0.3362821 0.4999418 0.0282002 0.0163544
6 0.4080645 0.4999418 0.0282003 0.0163544
9 0.4798470 0.4999418 0.0282003 0.0163544
29 0.6951943 0.4999418 0.0282002 0.0163544
2 0.7669768 0.4999418 0.0282002 0.0163544
5 0.3362821 0.5588175 0.0282002 0.0163544
15 0.4080645 0.5588175 0.0282003 0.0163544
14 0.4798470 0.5588175 0.0282003 0.0163544
20 0.5503476 0.5588175 0.0282002 0.0163544
24 0.6234119 0.5588175 0.0282003 0.0163544
13 0.3362821 0.6176931 0.0282002 0.0163544
18 0.4080645 0.6176931 0.0282003 0.0163544
17 0.6234119 0.6176931 0.0282003 0.0163544
11 0.7669768 0.6176931 0.0282002 0.0163544
30 0.3362821 0.6765688 0.0282002 0.0163543
7 0.4798470 0.6765688 0.0282003 0.0163543
34 0.5503476 0.6760236 0.0666551 0.0588757
25 0.5503476 0.6765688 0.0282002 0.0163543
10 0.6951943 0.6765688 0.0282002 0.0163543
27 0.7669768 0.6765688 0.0282002 0.0163543
8 0.6951943 0.4410662 0.0282002 0.0163544
26 0.4080645 0.3821906 0.0282003 0.0163543
17 0.5503476 0.6176931 0.0282002 0.0163544
28 0.7669768 0.5588175 0.0282002 0.0163544
5 0.4080645 0.6765688 0.0282003 0.0163543
27 0.3362821 0.3821906 0.0282002 0.0163543
3 0.6951943 0.6176931 0.0282002 0.0163544
2 0.4798470 0.6176931 0.0282003 0.0163544
26 0.7669768 0.3821906 0.0282002 0.0163543
8 0.5503476 0.4999418 0.0282002 0.0163544
30 0.6234119 0.6765688 0.0282003 0.0163543
30 0.6951943 0.5588175 0.0282002 0.0163544
16 0.6234119 0.3821906 0.0282003 0.0163543
