24 0.6216642 0.6608695 0.0270232 0.0162698
3 0.5528777 0.6022983 0.0270233 0.0162698
32 0.4859336 0.6071792 0.4974738 0.4165066
33 0.4847053 0.4271269 0.4507972 0.0151851
23 0.2777316 0.4851558 0.0270233 0.0162698
26 0.3465182 0.4851558 0.0270233 0.0162698
5 0.4153046 0.4851558 0.0270233 0.0162698
9 0.5528777 0.4851558 0.0270233 0.0162698
3 0.6216642 0.4851558 0.0270232 0.0162698
2 0.6904506 0.4851558 0.0270232 0.0162698
29 0.4828628 0.5437271 0.0270232 0.0162698
4 0.6216642 0.5437271 0.0270232 0.0162698
7 0.6904506 0.5437271 0.0270232 0.0162698
25 0.2777316 0.6022983 0.0270233 0.0162698
12 0.3465182 0.6022983 0.0270233 0.0162698
8 0.4153046 0.6022983 0.0270233 0.0162698
27 0.4828628 0.6022983 0.0270232 0.0162698
17 0.6904506 0.6022983 0.0270232 0.0162698
6 0.2777316 0.6608695 0.0270233 0.0162698
20 0.3465182 0.6608695 0.0270233 0.0162698
19 0.4153046 0.6608695 0.0270233 0.0162698
31 0.4828628 0.6608695 0.0270232 0.0162698
30 0.3465182 0.7194408 0.0270233 0.0162698
34 0.4153046 0.7188985 0.0638732 0.0585712
5 0.4153046 0.7194408 0.0270233 0.0162698
11 0.5528777 0.7194408 0.0270233 0.0162698
14 0.2777316 0.7780120 0.0270233 0.0162698
21 0.4153046 0.7780120 0.0270233 0.0162698
22 0.4828628 0.7780120 0.0270232 0.0162698
15 0.5528777 0.7780120 0.0270233 0.0162698
1 0.6216642 0.7780120 0.0270232 0.0162698
13 0.6904506 0.7780120 0.0270232 0.0162698
15 0.4828628 0.7194408 0.0270232 0.0162698
11 0.6216642 0.7194408 0.0270232 0.0162698
14 0.2777316 0.7194408 0.0270233 0.0162698
22 0.4153046 0.5437271 0.0270233 0.0162698
12 0.6904506 0.6608695 0.0270232 0.0162698
22 0.6216642 0.6022983 0.0270232 0.0162698
21 0.5528777 0.5437271 0.0270233 0.0162698
27 0.4828628 0.4851558 0.0270232 0.0162698
11 0.6904506 0.7194408 0.0270232 0.0162698
27 0.5528777 0.6608695 0.0270233 0.0162698
10 0.3465182 0.5437271 0.0270233 0.0162698
12 0.3465182 0.7780120 0.0270233 0.0162698
1 0.2777316 0.5437271 0.0270233 0.0162698
