18 0.5466087 0.5998484 0.0267697 0.0171113
21 0.4772508 0.3534455 0.0267698 0.0171113
32 0.4802928 0.4201796 0.4928065 0.4380495
33 0.4790760 0.2308145 0.4465679 0.0159706
13 0.2740441 0.2918448 0.0267698 0.0171113
15 0.3421853 0.2918448 0.0267697 0.0171113
27 0.4103265 0.2918448 0.0267698 0.0171113
19 0.4772508 0.2918448 0.0267698 0.0171113
18 0.6828911 0.2918448 0.0267698 0.0171113
7 0.2740441 0.3534455 0.0267698 0.0171113
3 0.3421853 0.3534455 0.0267697 0.0171113
4 0.4103265 0.3534455 0.0267698 0.0171113
6 0.5466087 0.3534455 0.0267697 0.0171113
11 0.6147499 0.3534455 0.0267697 0.0171113
20 0.6828911 0.3534455 0.0267698 0.0171113
22 0.2740441 0.4150463 0.0267698 0.0171113
10 0.3421853 0.4150463 0.0267697 0.0171113
8 0.4103265 0.4150463 0.0267698 0.0171113
25 0.4772508 0.4150463 0.0267698 0.0171113
31 0.5466087 0.4150463 0.0267697 0.0171113
2 0.6147499 0.4150463 0.0267697 0.0171113
29 0.6828911 0.4150463 0.0267698 0.0171113
24 0.2740441 0.4766469 0.0267698 0.0171113
17 0.4772508 0.4766469 0.0267698 0.0171113
1 0.5466087 0.4766469 0.0267697 0.0171113
21 0.6147499 0.4766469 0.0267697 0.0171113
9 0.6828911 0.4766469 0.0267698 0.0171113
34 0.3415769 0.5376773 0.0620571 0.0616007
18 0.3421853 0.5382476 0.0267697 0.0171113
23 0.4103265 0.5382476 0.0267698 0.0171113
16 0.4772508 0.5382476 0.0267698 0.0171113
30 0.5466087 0.5382476 0.0267697 0.0171113
24 0.4103265 0.5998484 0.0267698 0.0171113
25 0.6828911 0.5998484 0.0267698 0.0171113
31 0.6147499 0.5382476 0.0267697 0.0171113
29 0.5466087 0.2918448 0.0267697 0.0171113
21 0.6147499 0.5998484 0.0267697 0.0171113
22 0.3421853 0.5998484 0.0267697 0.0171113
22 0.6828911 0.5382476 0.0267698 0.0171113
16 0.3421853 0.4766469 0.0267697 0.0171113
31 0.6147499 0.2918448 0.0267697 0.0171113
9 0.4772508 0.5998484 0.0267698 0.0171113
27 0.4103265 0.4766469 0.0267698 0.0171113
17 0.2740441 0.5998484 0.0267698 0.0171113
4 0.2740441 0.5382476 0.0267698 0.0171113
