29 0.3142223 0.7470342 0.0281481 0.0169889
10 0.7441210 0.8081944 0.0281480 0.0169889
32 0.5310908 0.6298106 0.5181815 0.4349167
33 0.5298114 0.4417997 0.4695621 0.0158563
3 0.3142223 0.5023936 0.0281481 0.0169889
6 0.4575219 0.5023936 0.0281481 0.0169889
31 0.5278922 0.5023936 0.0281481 0.0169889
27 0.6008215 0.5023936 0.0281482 0.0169889
11 0.7441210 0.5023936 0.0281480 0.0169889
5 0.3858720 0.5635537 0.0281481 0.0169889
22 0.4575219 0.5635537 0.0281481 0.0169889
8 0.5278922 0.5635537 0.0281481 0.0169889
20 0.6008215 0.5635537 0.0281482 0.0169889
7 0.6724712 0.5635537 0.0281481 0.0169889
17 0.7441210 0.5635537 0.0281480 0.0169889
25 0.4575219 0.6247139 0.0281481 0.0169889
19 0.6008215 0.6247139 0.0281482 0.0169889
10 0.6724712 0.6247139 0.0281481 0.0169889
9 0.3142223 0.6858741 0.0281481 0.0169889
16 0.4575219 0.6858741 0.0281481 0.0169889
1 0.5278922 0.6858741 0.0281481 0.0169889
24 0.6008215 0.6858741 0.0281482 0.0169889
29 0.6724712 0.6858741 0.0281481 0.0169889
21 0.7441210 0.6858741 0.0281480 0.0169889
4 0.6008215 0.7470342 0.0281482 0.0169889
15 0.6724712 0.7470342 0.0281481 0.0169889
23 0.7441210 0.7470342 0.0281480 0.0169889
26 0.3142223 0.8081944 0.0281481 0.0169889
34 0.3852323 0.8076282 0.0652525 0.0611601
19 0.3858720 0.8081944 0.0281481 0.0169889
12 0.4575219 0.8081944 0.0281481 0.0169889
18 0.6724712 0.8081944 0.0281481 0.0169889
12 0.3858720 0.6858741 0.0281481 0.0169889
25 0.5278922 0.6247139 0.0281481 0.0169889
14 0.3858720 0.7470342 0.0281481 0.0169889
2 0.5278922 0.7470342 0.0281481 0.0169889
9 0.3858720 0.6247139 0.0281481 0.0169889
6 0.3142223 0.6247139 0.0281481 0.0169889
6 0.3142223 0.5635537 0.0281481 0.0169889
29 0.5278922 0.8081944 0.0281481 0.0169889
19 0.6724712 0.5023936 0.0281481 0.0169889
8 0.6008215 0.8081944 0.0281482 0.0169889
20 0.3858720 0.5023936 0.0281481 0.0169889
6 0.4575219 0.7470342 0.0281481 0.0169889
25 0.7441210 0.6247139 0.0281480 0.0169889
