1 0.1574224 0.2673814 0.0286655 0.0172338
24 0.4492891 0.5775889 0.0286655 0.0172338
32 0.3053102 0.3966345 0.5277055 0.4411840
33 0.3040072 0.2059144 0.4781924 0.0160848
3 0.0844557 0.2673814 0.0286655 0.0172338
16 0.2303890 0.2673814 0.0286655 0.0172338
13 0.3020527 0.2673814 0.0286655 0.0172338
24 0.3763224 0.2673814 0.0286655 0.0172338
1 0.0844557 0.3294229 0.0286655 0.0172338
25 0.1574224 0.3294229 0.0286655 0.0172338
4 0.2303890 0.3294229 0.0286655 0.0172338
9 0.3020527 0.3294229 0.0286655 0.0172338
21 0.3763224 0.3294229 0.0286655 0.0172338
18 0.4492891 0.3294229 0.0286655 0.0172338
14 0.5222558 0.3294229 0.0286655 0.0172338
12 0.0844557 0.3914644 0.0286655 0.0172338
8 0.1574224 0.3914644 0.0286655 0.0172338
22 0.2303890 0.3914644 0.0286655 0.0172338
30 0.3763224 0.3914644 0.0286655 0.0172338
20 0.5222558 0.3914644 0.0286655 0.0172338
19 0.0844557 0.4535059 0.0286655 0.0172338
2 0.2303890 0.4535059 0.0286655 0.0172338
23 0.3763224 0.4535059 0.0286655 0.0172338
5 0.0844557 0.5155474 0.0286655 0.0172337
15 0.1574224 0.5155474 0.0286655 0.0172337
26 0.3763224 0.5155474 0.0286655 0.0172337
27 0.4492891 0.5155474 0.0286655 0.0172337
6 0.5222558 0.5155474 0.0286655 0.0172337
31 0.1574224 0.5775889 0.0286655 0.0172338
17 0.2303890 0.5775889 0.0286655 0.0172338
34 0.3756709 0.5770144 0.0690577 0.0620415
24 0.3763224 0.5775889 0.0286655 0.0172338
10 0.0844557 0.5775889 0.0286655 0.0172338
26 0.3020527 0.3914644 0.0286655 0.0172338
7 0.4492891 0.4535059 0.0286655 0.0172338
25 0.3020527 0.4535059 0.0286655 0.0172338
5 0.4492891 0.3914644 0.0286655 0.0172338
2 0.1574224 0.4535059 0.0286655 0.0172338
8 0.3020527 0.5155474 0.0286655 0.0172337
15 0.5222558 0.4535059 0.0286655 0.0172338
27 0.5222558 0.5775889 0.0286655 0.0172338
3 0.2303890 0.5155474 0.0286655 0.0172337
20 0.5222558 0.2673814 0.0286655 0.0172338
21 0.3020527 0.5775889 0.0286655 0.0172338
13 0.4492891 0.2673814 0.0286655 0.0172338
