9 0.1867439 0.4815582 0.0275156 0.0160028
22 0.5369422 0.5967783 0.0275156 0.0160028
32 0.3286993 0.4287490 0.5065368 0.4096714
33 0.3274486 0.2516514 0.4590099 0.0149359
25 0.2567836 0.3087281 0.0275156 0.0160028
19 0.3255725 0.3087281 0.0275155 0.0160028
27 0.4669025 0.3087281 0.0275156 0.0160028
26 0.1167043 0.3663381 0.0275156 0.0160028
20 0.1867439 0.3663381 0.0275156 0.0160028
13 0.3255725 0.3663381 0.0275155 0.0160028
8 0.3968629 0.3663381 0.0275156 0.0160028
14 0.4669025 0.3663381 0.0275156 0.0160028
6 0.1167043 0.4239481 0.0275156 0.0160028
24 0.1867439 0.4239481 0.0275156 0.0160028
34 0.3255725 0.4234147 0.0650368 0.0576100
9 0.3255725 0.4239481 0.0275155 0.0160028
29 0.3968629 0.4239481 0.0275156 0.0160028
16 0.5369422 0.4239481 0.0275156 0.0160028
15 0.1167043 0.4815582 0.0275156 0.0160028
31 0.3255725 0.4815582 0.0275155 0.0160028
2 0.3968629 0.4815582 0.0275156 0.0160028
23 0.4669025 0.4815582 0.0275156 0.0160028
21 0.5369422 0.4815582 0.0275156 0.0160028
10 0.1867439 0.5391682 0.0275156 0.0160027
9 0.2567836 0.5391682 0.0275156 0.0160027
18 0.3255725 0.5391682 0.0275155 0.0160027
30 0.3968629 0.5391682 0.0275156 0.0160027
4 0.4669025 0.5391682 0.0275156 0.0160027
22 0.5369422 0.5391682 0.0275156 0.0160027
11 0.1167043 0.5967783 0.0275156 0.0160028
17 0.3255725 0.5967783 0.0275155 0.0160028
12 0.3968629 0.5967783 0.0275156 0.0160028
30 0.1167043 0.3087281 0.0275156 0.0160028
7 0.1167043 0.5391682 0.0275156 0.0160027
26 0.5369422 0.3663381 0.0275156 0.0160028
9 0.4669025 0.5967783 0.0275156 0.0160028
9 0.1867439 0.5967783 0.0275156 0.0160028
14 0.2567836 0.4815582 0.0275156 0.0160028
27 0.5369422 0.3087281 0.0275156 0.0160028
2 0.2567836 0.4239481 0.0275156 0.0160028
1 0.2567836 0.3663381 0.0275156 0.0160028
25 0.3968629 0.3087281 0.0275156 0.0160028
21 0.4669025 0.4239481 0.0275156 0.0160028
12 0.2567836 0.5967783 0.0275156 0.0160028
12 0.1867439 0.3087281 0.0275156 0.0160028
