30 0.6971051 0.6010687 0.0265249 0.0174030
24 0.8321407 0.6010687 0.0265248 0.0174030
32 0.6313957 0.4809879 0.4882986 0.4455172
33 0.6301900 0.2883945 0.4424830 0.0162428
10 0.4945515 0.3504653 0.0265249 0.0174030
17 0.5620694 0.3504653 0.0265248 0.0174030
24 0.6971051 0.3504653 0.0265249 0.0174030
26 0.4945515 0.4131161 0.0265249 0.0174030
19 0.6283815 0.4131161 0.0265249 0.0174030
5 0.7646230 0.4131161 0.0265249 0.0174030
15 0.8321407 0.4131161 0.0265248 0.0174030
16 0.4270337 0.4757669 0.0265249 0.0174030
11 0.4945515 0.4757669 0.0265249 0.0174030
14 0.6283815 0.4757669 0.0265249 0.0174030
6 0.6971051 0.4757669 0.0265249 0.0174030
20 0.7646230 0.4757669 0.0265249 0.0174030
4 0.8321407 0.4757669 0.0265248 0.0174030
21 0.4270337 0.5384178 0.0265249 0.0174030
2 0.4945515 0.5384178 0.0265249 0.0174030
25 0.7646230 0.5384178 0.0265249 0.0174030
18 0.8321407 0.5384178 0.0265248 0.0174030
8 0.4270337 0.6010687 0.0265249 0.0174030
7 0.4945515 0.6010687 0.0265249 0.0174030
27 0.5620694 0.6010687 0.0265248 0.0174030
34 0.6283816 0.6004886 0.0626952 0.0626508
22 0.6283815 0.6010687 0.0265249 0.0174030
12 0.4945515 0.6637195 0.0265249 0.0174030
3 0.5620694 0.6637195 0.0265248 0.0174030
1 0.6283815 0.6637195 0.0265249 0.0174030
13 0.6971051 0.6637195 0.0265249 0.0174030
23 0.7646230 0.6637195 0.0265249 0.0174030
29 0.8321407 0.6637195 0.0265248 0.0174030
19 0.5620694 0.5384178 0.0265248 0.0174030
1 0.4270337 0.4131161 0.0265249 0.0174030
13 0.4270337 0.3504653 0.0265249 0.0174030
12 0.4270337 0.6637195 0.0265249 0.0174030
22 0.6283815 0.5384178 0.0265249 0.0174030
6 0.6971051 0.5384178 0.0265249 0.0174030
30 0.7646230 0.3504653 0.0265249 0.0174030
28 0.6971051 0.4131161 0.0265249 0.0174030
14 0.5620694 0.4131161 0.0265248 0.0174030
26 0.8321407 0.3504653 0.0265248 0.0174030
3 0.5620694 0.4757669 0.0265248 0.0174030
22 0.6283815 0.3504653 0.0265249 0.0174030
18 0.7646230 0.6010687 0.0265249 0.0174030
