9 0.5461282 0.5033492 0.0278297 0.0172098
13 0.3336105 0.2555285 0.0278297 0.0172098
32 0.4771865 0.3846018 0.5123197 0.4405701
33 0.4759215 0.1941470 0.4642502 0.0160625
15 0.2627712 0.2555285 0.0278297 0.0172098
22 0.4740240 0.2555285 0.0278297 0.0172098
5 0.6169675 0.2555285 0.0278297 0.0172098
26 0.6878068 0.2555285 0.0278297 0.0172098
34 0.2627711 0.3169101 0.0657793 0.0619552
20 0.2627712 0.3174837 0.0278297 0.0172097
16 0.3336105 0.3174837 0.0278297 0.0172097
24 0.4044497 0.3174837 0.0278297 0.0172097
29 0.4740240 0.3174837 0.0278297 0.0172097
21 0.5461282 0.3174837 0.0278297 0.0172097
6 0.6169675 0.3174837 0.0278297 0.0172097
23 0.2627712 0.3794389 0.0278297 0.0172097
31 0.3336105 0.3794389 0.0278297 0.0172097
13 0.2627712 0.4413940 0.0278297 0.0172097
7 0.4740240 0.4413940 0.0278297 0.0172097
19 0.5461282 0.4413940 0.0278297 0.0172097
2 0.6169675 0.4413940 0.0278297 0.0172097
30 0.2627712 0.5033492 0.0278297 0.0172098
10 0.3336105 0.5033492 0.0278297 0.0172098
11 0.4740240 0.5033492 0.0278297 0.0172098
25 0.6169675 0.5033492 0.0278297 0.0172098
1 0.6878068 0.5033492 0.0278297 0.0172098
8 0.2627712 0.5653044 0.0278297 0.0172098
20 0.3336105 0.5653044 0.0278297 0.0172098
12 0.4044497 0.5653044 0.0278297 0.0172098
9 0.4740240 0.5653044 0.0278297 0.0172098
18 0.5461282 0.5653044 0.0278297 0.0172098
27 0.6878068 0.5653044 0.0278297 0.0172098
9 0.6878068 0.4413940 0.0278297 0.0172097
2 0.4740240 0.3794389 0.0278297 0.0172097
28 0.6169675 0.5653044 0.0278297 0.0172098
27 0.5461282 0.3794389 0.0278297 0.0172097
25 0.5461282 0.2555285 0.0278297 0.0172098
8 0.6878068 0.3174837 0.0278297 0.0172097
13 0.6878068 0.3794389 0.0278297 0.0172097
20 0.4044497 0.3794389 0.0278297 0.0172097
3 0.3336105 0.4413940 0.0278297 0.0172097
24 0.4044497 0.5033492 0.0278297 0.0172098
11 0.6169675 0.3794389 0.0278297 0.0172097
29 0.4044497 0.2555285 0.0278297 0.0172098
15 0.4044497 0.4413940 0.0278297 0.0172097
