30 0.2826897 0.3877972 0.0288017 0.0170905
18 0.2826897 0.6339008 0.0288017 0.0170905
32 0.2859627 0.4544503 0.5302139 0.4375174
33 0.2846535 0.2653152 0.4804654 0.0159512
34 0.1367173 0.3257017 0.0667677 0.0615259
28 0.1373719 0.3262714 0.0288017 0.0170905
10 0.3573124 0.3262714 0.0288017 0.0170905
31 0.4306260 0.3262714 0.0288017 0.0170905
14 0.5039395 0.3262714 0.0288018 0.0170905
12 0.1373719 0.3877972 0.0288017 0.0170905
13 0.2106854 0.3877972 0.0288017 0.0170905
15 0.3573124 0.3877972 0.0288017 0.0170905
18 0.4306260 0.3877972 0.0288017 0.0170905
16 0.5039395 0.3877972 0.0288018 0.0170905
2 0.1373719 0.4493231 0.0288017 0.0170905
29 0.2106854 0.4493231 0.0288017 0.0170905
3 0.2826897 0.4493231 0.0288017 0.0170905
9 0.3573124 0.4493231 0.0288017 0.0170905
7 0.4306260 0.4493231 0.0288017 0.0170905
5 0.5039395 0.4493231 0.0288018 0.0170905
20 0.0640583 0.5108490 0.0288017 0.0170905
4 0.1373719 0.5108490 0.0288017 0.0170905
30 0.2106854 0.5108490 0.0288017 0.0170905
23 0.3573124 0.5108490 0.0288017 0.0170905
8 0.5039395 0.5108490 0.0288018 0.0170905
1 0.2106854 0.5723749 0.0288017 0.0170905
21 0.2826897 0.5723749 0.0288017 0.0170905
19 0.3573124 0.5723749 0.0288017 0.0170905
27 0.4306260 0.5723749 0.0288017 0.0170905
11 0.5039395 0.5723749 0.0288018 0.0170905
17 0.1373719 0.6339008 0.0288017 0.0170905
24 0.2106854 0.6339008 0.0288017 0.0170905
3 0.3573124 0.6339008 0.0288017 0.0170905
19 0.2826897 0.5108490 0.0288017 0.0170905
1 0.0640583 0.5723749 0.0288017 0.0170905
14 0.0640583 0.3262714 0.0288017 0.0170905
5 0.4306260 0.6339008 0.0288017 0.0170905
30 0.1373719 0.5723749 0.0288017 0.0170905
1 0.0640583 0.6339008 0.0288017 0.0170905
31 0.0640583 0.3877972 0.0288017 0.0170905
28 0.2826897 0.3262714 0.0288017 0.0170905
9 0.4306260 0.5108490 0.0288017 0.0170905
6 0.2106854 0.3262714 0.0288017 0.0170905
16 0.0640583 0.4493231 0.0288017 0.0170905
18 0.5039395 0.6339008 0.0288018 0.0170905
