28 0.2259678 0.6860777 0.0283869 0.0169690
7 0.4427407 0.5028124 0.0283870 0.0169690
32 0.3724185 0.5079030 0.5225776 0.4344068
33 0.3711282 0.3201126 0.4735456 0.0158377
18 0.1537102 0.3806354 0.0283869 0.0169690
30 0.2259678 0.3806354 0.0283869 0.0169690
19 0.2982254 0.3806354 0.0283869 0.0169690
20 0.3691928 0.3806354 0.0283869 0.0169690
7 0.5149983 0.3806354 0.0283870 0.0169690
12 0.5872560 0.3806354 0.0283869 0.0169690
31 0.2259678 0.4417239 0.0283869 0.0169690
25 0.2982254 0.4417239 0.0283869 0.0169690
29 0.3691928 0.4417239 0.0283869 0.0169690
15 0.4427407 0.4417239 0.0283870 0.0169690
11 0.5872560 0.4417239 0.0283869 0.0169690
26 0.1537102 0.5028124 0.0283869 0.0169690
17 0.2982254 0.5028124 0.0283869 0.0169690
13 0.5872560 0.5028124 0.0283869 0.0169690
24 0.2259678 0.5639008 0.0283869 0.0169690
10 0.3691928 0.5639008 0.0283869 0.0169690
3 0.4427407 0.5639008 0.0283870 0.0169690
6 0.5149983 0.5639008 0.0283870 0.0169690
16 0.5872560 0.5639008 0.0283869 0.0169690
8 0.1537102 0.6249893 0.0283869 0.0169690
5 0.2259678 0.6249893 0.0283869 0.0169690
21 0.4427407 0.6249893 0.0283870 0.0169690
27 0.5149983 0.6249893 0.0283870 0.0169690
9 0.1537102 0.6860777 0.0283869 0.0169690
4 0.2982254 0.6860777 0.0283869 0.0169690
34 0.3691927 0.6855121 0.0670964 0.0610885
4 0.3691928 0.6860777 0.0283869 0.0169690
22 0.5872560 0.6860777 0.0283869 0.0169690
6 0.1537102 0.4417239 0.0283869 0.0169690
31 0.2982254 0.6249893 0.0283869 0.0169690
17 0.3691928 0.6249893 0.0283869 0.0169690
26 0.4427407 0.6860777 0.0283870 0.0169690
1 0.4427407 0.3806354 0.0283870 0.0169690
3 0.1537102 0.5639008 0.0283869 0.0169690
1 0.2259678 0.5028124 0.0283869 0.0169690
29 0.5149983 0.5028124 0.0283870 0.0169690
12 0.2982254 0.5639008 0.0283869 0.0169690
31 0.5149983 0.4417239 0.0283870 0.0169690
14 0.5872560 0.6249893 0.0283869 0.0169690
30 0.3691928 0.5028124 0.0283869 0.0169690
9 0.5149983 0.6860777 0.0283870 0.0169690
