15 0.3400454 0.3548423 0.0285472 0.0165118
16 0.1947141 0.3548423 0.0285472 0.0165118
32 0.2693262 0.3597959 0.5255283 0.4227021
33 0.2680285 0.1770653 0.4762194 0.0154110
1 0.1220485 0.2359574 0.0285472 0.0165118
34 0.1947141 0.2354070 0.0674752 0.0594425
10 0.1947141 0.2359574 0.0285472 0.0165118
19 0.2660822 0.2359574 0.0285472 0.0165118
22 0.4127110 0.2359574 0.0285472 0.0165118
9 0.0493828 0.2953998 0.0285472 0.0165118
20 0.1947141 0.2953998 0.0285472 0.0165118
8 0.2660822 0.2953998 0.0285472 0.0165118
12 0.3400454 0.2953998 0.0285472 0.0165118
5 0.4853767 0.2953998 0.0285472 0.0165118
17 0.1220485 0.3548423 0.0285472 0.0165118
6 0.4853767 0.3548423 0.0285472 0.0165118
25 0.0493828 0.4142848 0.0285472 0.0165118
13 0.1947141 0.4142848 0.0285472 0.0165118
15 0.2660822 0.4142848 0.0285472 0.0165118
7 0.3400454 0.4142848 0.0285472 0.0165118
24 0.4853767 0.4142848 0.0285472 0.0165118
3 0.0493828 0.4737273 0.0285472 0.0165118
10 0.1220485 0.4737273 0.0285472 0.0165118
4 0.1947141 0.4737273 0.0285472 0.0165118
27 0.2660822 0.4737273 0.0285472 0.0165118
21 0.3400454 0.4737273 0.0285472 0.0165118
30 0.4853767 0.4737273 0.0285472 0.0165118
18 0.1220485 0.5331698 0.0285472 0.0165118
31 0.1947141 0.5331698 0.0285472 0.0165118
26 0.2660822 0.5331698 0.0285472 0.0165118
16 0.3400454 0.5331698 0.0285472 0.0165118
11 0.4853767 0.5331698 0.0285472 0.0165118
17 0.4853767 0.2359574 0.0285472 0.0165118
28 0.1220485 0.4142848 0.0285472 0.0165118
29 0.3400454 0.2359574 0.0285472 0.0165118
18 0.4127110 0.5331698 0.0285472 0.0165118
22 0.1220485 0.2953998 0.0285472 0.0165118
2 0.4127110 0.4142848 0.0285472 0.0165118
18 0.0493828 0.3548423 0.0285472 0.0165118
24 0.0493828 0.5331698 0.0285472 0.0165118
30 0.4127110 0.2953998 0.0285472 0.0165118
8 0.4127110 0.4737273 0.0285472 0.0165118
9 0.0493828 0.2359574 0.0285472 0.0165118
1 0.4127110 0.3548423 0.0285472 0.0165118
22 0.2660822 0.3548423 0.0285472 0.0165118
