27 0.6963298 0.5371645 0.0277929 0.0163340
29 0.4828294 0.5371645 0.0277930 0.0163340
32 0.4859877 0.5420648 0.5116427 0.4181525
33 0.4847244 0.3613009 0.4636368 0.0152451
7 0.2718558 0.4195592 0.0277929 0.0163341
9 0.4133471 0.4195592 0.0277930 0.0163341
10 0.4828294 0.4195592 0.0277930 0.0163341
6 0.6255841 0.4195592 0.0277929 0.0163341
30 0.6963298 0.4195592 0.0277929 0.0163341
31 0.2718558 0.4783619 0.0277929 0.0163341
27 0.4133471 0.4783619 0.0277930 0.0163341
20 0.5548384 0.4783619 0.0277930 0.0163341
12 0.6963298 0.4783619 0.0277929 0.0163341
34 0.2718558 0.5366201 0.0656924 0.0588026
10 0.2718558 0.5371645 0.0277929 0.0163340
4 0.3426014 0.5371645 0.0277929 0.0163340
24 0.4133471 0.5371645 0.0277930 0.0163340
3 0.6255841 0.5371645 0.0277929 0.0163340
15 0.2718558 0.5959672 0.0277929 0.0163340
5 0.3426014 0.5959672 0.0277929 0.0163340
14 0.5548384 0.5959672 0.0277930 0.0163340
18 0.6255841 0.5959672 0.0277929 0.0163340
29 0.2718558 0.6547700 0.0277929 0.0163340
8 0.4133471 0.6547700 0.0277930 0.0163340
16 0.6255841 0.6547700 0.0277929 0.0163340
19 0.2718558 0.7135726 0.0277929 0.0163341
1 0.3426014 0.7135726 0.0277929 0.0163341
2 0.4133471 0.7135726 0.0277930 0.0163341
13 0.4828294 0.7135726 0.0277930 0.0163341
25 0.5548384 0.7135726 0.0277930 0.0163341
23 0.6255841 0.7135726 0.0277929 0.0163341
21 0.6963298 0.7135726 0.0277929 0.0163341
9 0.3426014 0.6547700 0.0277929 0.0163340
10 0.6255841 0.4783619 0.0277929 0.0163341
19 0.4828294 0.5959672 0.0277930 0.0163340
4 0.4828294 0.6547700 0.0277930 0.0163340
1 0.6963298 0.5959672 0.0277929 0.0163340
27 0.6963298 0.6547700 0.0277929 0.0163340
6 0.3426014 0.4783619 0.0277929 0.0163341
29 0.4828294 0.4783619 0.0277930 0.0163341
29 0.5548384 0.5371645 0.0277930 0.0163340
15 0.5548384 0.6547700 0.0277930 0.0163340
4 0.5548384 0.4195592 0.0277930 0.0163341
27 0.3426014 0.4195592 0.0277929 0.0163341
15 0.4133471 0.5959672 0.0277930 0.0163340
