15 0.2339187 0.4626616 0.0282216 0.0164554
21 0.5931028 0.6403806 0.0282216 0.0164554
32 0.4513534 0.5268379 0.5195341 0.4212597
33 0.4500706 0.3447309 0.4707877 0.0153584
18 0.3057555 0.4034220 0.0282216 0.0164555
21 0.3775923 0.4034220 0.0282216 0.0164555
20 0.5212659 0.4034220 0.0282216 0.0164555
12 0.5931028 0.4034220 0.0282216 0.0164555
25 0.6649397 0.4034220 0.0282216 0.0164555
23 0.3057555 0.4626616 0.0282216 0.0164554
17 0.5931028 0.4626616 0.0282216 0.0164554
30 0.2339187 0.5219013 0.0282216 0.0164554
14 0.3057555 0.5219013 0.0282216 0.0164554
1 0.3775923 0.5219013 0.0282216 0.0164554
4 0.5212659 0.5219013 0.0282216 0.0164554
27 0.5931028 0.5219013 0.0282216 0.0164554
9 0.6649397 0.5219013 0.0282216 0.0164554
19 0.2339187 0.5811410 0.0282216 0.0164554
22 0.3057555 0.5811410 0.0282216 0.0164554
24 0.5212659 0.5811410 0.0282216 0.0164554
34 0.6649396 0.5805924 0.0667056 0.0592396
21 0.6649397 0.5811410 0.0282216 0.0164554
7 0.2339187 0.6403806 0.0282216 0.0164554
8 0.3775923 0.6403806 0.0282216 0.0164554
31 0.4481464 0.6403806 0.0282216 0.0164554
10 0.5212659 0.6403806 0.0282216 0.0164554
2 0.6649397 0.6403806 0.0282216 0.0164554
6 0.2339187 0.6996202 0.0282216 0.0164554
26 0.3775923 0.6996202 0.0282216 0.0164554
5 0.4481464 0.6996202 0.0282216 0.0164554
13 0.5212659 0.6996202 0.0282216 0.0164554
11 0.6649397 0.6996202 0.0282216 0.0164554
11 0.3775923 0.4626616 0.0282216 0.0164554
5 0.4481464 0.4034220 0.0282216 0.0164555
22 0.3775923 0.5811410 0.0282216 0.0164554
15 0.4481464 0.4626616 0.0282216 0.0164554
7 0.2339187 0.4034220 0.0282216 0.0164555
21 0.3057555 0.6996202 0.0282216 0.0164554
12 0.5931028 0.6996202 0.0282216 0.0164554
2 0.5931028 0.5811410 0.0282216 0.0164554
15 0.3057555 0.6403806 0.0282216 0.0164554
10 0.6649397 0.4626616 0.0282216 0.0164554
21 0.4481464 0.5219013 0.0282216 0.0164554
2 0.5212659 0.4626616 0.0282216 0.0164554
20 0.4481464 0.5811410 0.0282216 0.0164554
