17 0.4729922 0.5304705 0.0274223 0.0166121
11 0.4031899 0.2912564 0.0274223 0.0166121
32 0.6144665 0.4158471 0.5048202 0.4252696
33 0.6132200 0.2320066 0.4574543 0.0155046
25 0.4729922 0.2912564 0.0274223 0.0166121
9 0.6823991 0.2912564 0.0274223 0.0166121
21 0.7522014 0.2912564 0.0274223 0.0166121
26 0.8220037 0.2912564 0.0274223 0.0166121
15 0.4031899 0.3510599 0.0274223 0.0166121
4 0.4729922 0.3510599 0.0274223 0.0166121
12 0.5427945 0.3510599 0.0274223 0.0166121
23 0.6113503 0.3510599 0.0274223 0.0166121
27 0.7522014 0.3510599 0.0274223 0.0166121
31 0.8220037 0.3510599 0.0274223 0.0166121
8 0.4729922 0.4108634 0.0274223 0.0166121
29 0.6113503 0.4108634 0.0274223 0.0166121
11 0.8220037 0.4108634 0.0274223 0.0166121
1 0.4729922 0.4706670 0.0274223 0.0166121
2 0.5427945 0.4706670 0.0274223 0.0166121
10 0.6113503 0.4706670 0.0274223 0.0166121
5 0.6823991 0.4706670 0.0274223 0.0166121
30 0.7522014 0.4706670 0.0274223 0.0166121
22 0.8220037 0.4706670 0.0274223 0.0166121
6 0.4031899 0.5304705 0.0274223 0.0166121
17 0.6113503 0.5304705 0.0274223 0.0166121
13 0.7522014 0.5304705 0.0274223 0.0166121
24 0.8220037 0.5304705 0.0274223 0.0166121
3 0.5427945 0.5902740 0.0274223 0.0166121
7 0.6113503 0.5902740 0.0274223 0.0166121
18 0.6823991 0.5902740 0.0274223 0.0166121
34 0.8220037 0.5897203 0.0648164 0.0598035
12 0.8220037 0.5902740 0.0274223 0.0166121
27 0.7522014 0.5902740 0.0274223 0.0166121
24 0.5427945 0.2912564 0.0274223 0.0166121
5 0.6823991 0.4108634 0.0274223 0.0166121
28 0.5427945 0.4108634 0.0274223 0.0166121
4 0.6113503 0.2912564 0.0274223 0.0166121
21 0.6823991 0.3510599 0.0274223 0.0166121
4 0.6823991 0.5304705 0.0274223 0.0166121
22 0.7522014 0.4108634 0.0274223 0.0166121
5 0.4031899 0.4108634 0.0274223 0.0166121
26 0.4031899 0.4706670 0.0274223 0.0166121
8 0.4729922 0.5902740 0.0274223 0.0166121
17 0.4031899 0.5902740 0.0274223 0.0166121
21 0.5427945 0.5304705 0.0274223 0.0166121
