19 0.3034076 0.2883000 0.0283659 0.0161566
18 0.3756117 0.5791193 0.0283659 0.0161566
32 0.4497499 0.4094748 0.5221907 0.4136097
33 0.4484605 0.2306747 0.4731950 0.0150795
18 0.2312034 0.2883000 0.0283659 0.0161566
15 0.5922242 0.2883000 0.0283659 0.0161566
21 0.2312034 0.3464639 0.0283659 0.0161566
9 0.3034076 0.3464639 0.0283659 0.0161566
1 0.4465265 0.3464639 0.0283659 0.0161566
11 0.5200200 0.3464639 0.0283659 0.0161566
14 0.5922242 0.3464639 0.0283659 0.0161566
20 0.6644283 0.3464639 0.0283659 0.0161566
23 0.3034076 0.4046277 0.0283659 0.0161566
25 0.3756117 0.4046277 0.0283659 0.0161566
27 0.5922242 0.4046277 0.0283659 0.0161566
31 0.6644283 0.4046277 0.0283659 0.0161566
24 0.2312034 0.4627916 0.0283659 0.0161566
2 0.3034076 0.4627916 0.0283659 0.0161566
34 0.3756117 0.4622530 0.0670467 0.0581639
28 0.3756117 0.4627916 0.0283659 0.0161566
8 0.4465265 0.4627916 0.0283659 0.0161566
4 0.5922242 0.4627916 0.0283659 0.0161566
10 0.6644283 0.4627916 0.0283659 0.0161566
22 0.2312034 0.5209554 0.0283659 0.0161566
6 0.3034076 0.5209554 0.0283659 0.0161566
19 0.3756117 0.5209554 0.0283659 0.0161566
13 0.5200200 0.5209554 0.0283659 0.0161566
26 0.5922242 0.5209554 0.0283659 0.0161566
16 0.6644283 0.5209554 0.0283659 0.0161566
12 0.4465265 0.5791193 0.0283659 0.0161566
29 0.5922242 0.5791193 0.0283659 0.0161566
5 0.6644283 0.5791193 0.0283659 0.0161566
14 0.3756117 0.2883000 0.0283659 0.0161566
21 0.2312034 0.5791193 0.0283659 0.0161566
8 0.2312034 0.4046277 0.0283659 0.0161566
12 0.4465265 0.5209554 0.0283659 0.0161566
21 0.4465265 0.2883000 0.0283659 0.0161566
9 0.5200200 0.4627916 0.0283659 0.0161566
29 0.4465265 0.4046277 0.0283659 0.0161566
10 0.3756117 0.3464639 0.0283659 0.0161566
30 0.5200200 0.4046277 0.0283659 0.0161566
6 0.3034076 0.5791193 0.0283659 0.0161566
5 0.5200200 0.2883000 0.0283659 0.0161566
17 0.6644283 0.2883000 0.0283659 0.0161566
26 0.5200200 0.5791193 0.0283659 0.0161566
