27 0.5284614 0.3611694 0.0274382 0.0173819
5 0.5284614 0.4863189 0.0274382 0.0173819
32 0.3208039 0.4915334 0.5051127 0.4449758
33 0.3195567 0.2991741 0.4577195 0.0162231
27 0.1094049 0.3611694 0.0274382 0.0173819
9 0.1792476 0.3611694 0.0274382 0.0173819
13 0.2490903 0.3611694 0.0274382 0.0173819
34 0.3176859 0.3605900 0.0648540 0.0625747
21 0.3176859 0.3611694 0.0274382 0.0173819
15 0.3887759 0.3611694 0.0274382 0.0173819
6 0.1094049 0.4237442 0.0274382 0.0173819
18 0.1792476 0.4237442 0.0274382 0.0173819
22 0.3887759 0.4237442 0.0274382 0.0173819
5 0.5284614 0.4237442 0.0274382 0.0173819
26 0.1094049 0.4863189 0.0274382 0.0173819
20 0.1792476 0.4863189 0.0274382 0.0173819
31 0.2490903 0.4863189 0.0274382 0.0173819
16 0.3887759 0.4863189 0.0274382 0.0173819
7 0.4586186 0.4863189 0.0274382 0.0173819
21 0.1094049 0.5488936 0.0274382 0.0173819
8 0.1792476 0.5488936 0.0274382 0.0173819
29 0.2490903 0.5488936 0.0274382 0.0173819
4 0.3887759 0.5488936 0.0274382 0.0173819
14 0.4586186 0.5488936 0.0274382 0.0173819
17 0.5284614 0.5488936 0.0274382 0.0173819
30 0.3176859 0.6114683 0.0274382 0.0173819
2 0.4586186 0.6114683 0.0274382 0.0173819
10 0.5284614 0.6114683 0.0274382 0.0173819
24 0.1094049 0.6740430 0.0274382 0.0173819
25 0.1792476 0.6740430 0.0274382 0.0173819
3 0.3887759 0.6740430 0.0274382 0.0173819
11 0.5284614 0.6740430 0.0274382 0.0173819
5 0.2490903 0.6114683 0.0274382 0.0173819
24 0.3176859 0.5488936 0.0274382 0.0173819
2 0.2490903 0.6740430 0.0274382 0.0173819
11 0.3176859 0.6740430 0.0274382 0.0173819
9 0.3887759 0.6114683 0.0274382 0.0173819
21 0.3176859 0.4863189 0.0274382 0.0173819
31 0.4586186 0.3611694 0.0274382 0.0173819
3 0.3176859 0.4237442 0.0274382 0.0173819
24 0.2490903 0.4237442 0.0274382 0.0173819
19 0.4586186 0.6740430 0.0274382 0.0173819
12 0.1094049 0.6114683 0.0274382 0.0173819
30 0.1792476 0.6114683 0.0274382 0.0173819
29 0.4586186 0.4237442 0.0274382 0.0173819
