15 0.6413213 0.3110262 0.0274236 0.0172466
24 0.2224880 0.5593774 0.0274236 0.0172466
32 0.4337745 0.4403758 0.5048437 0.4415133
33 0.4325279 0.2495133 0.4574756 0.0160968
25 0.2224880 0.3110262 0.0274236 0.0172466
29 0.2922936 0.3110262 0.0274236 0.0172466
11 0.3620991 0.3110262 0.0274236 0.0172466
9 0.4306581 0.3110262 0.0274236 0.0172466
1 0.5715158 0.3110262 0.0274236 0.0172466
27 0.2922936 0.3731140 0.0274236 0.0172466
4 0.3620991 0.3731140 0.0274236 0.0172466
13 0.5017102 0.3731140 0.0274236 0.0172466
2 0.5715158 0.3731140 0.0274236 0.0172466
21 0.6413213 0.3731140 0.0274236 0.0172466
34 0.2224880 0.4346269 0.0648194 0.0620878
6 0.2224880 0.4352018 0.0274236 0.0172466
16 0.2922936 0.4352018 0.0274236 0.0172466
30 0.3620991 0.4352018 0.0274236 0.0172466
19 0.5017102 0.4352018 0.0274236 0.0172466
5 0.2922936 0.4972896 0.0274236 0.0172466
10 0.3620991 0.4972896 0.0274236 0.0172466
6 0.4306581 0.4972896 0.0274236 0.0172466
24 0.5715158 0.4972896 0.0274236 0.0172466
26 0.6413213 0.4972896 0.0274236 0.0172466
18 0.3620991 0.5593774 0.0274236 0.0172466
31 0.5017102 0.5593774 0.0274236 0.0172466
17 0.6413213 0.5593774 0.0274236 0.0172466
22 0.2224880 0.6214653 0.0274236 0.0172466
23 0.2922936 0.6214653 0.0274236 0.0172466
3 0.4306581 0.6214653 0.0274236 0.0172466
12 0.5017102 0.6214653 0.0274236 0.0172466
20 0.5715158 0.6214653 0.0274236 0.0172466
16 0.4306581 0.5593774 0.0274236 0.0172466
26 0.5715158 0.4352018 0.0274236 0.0172466
26 0.2922936 0.5593774 0.0274236 0.0172466
2 0.5715158 0.5593774 0.0274236 0.0172466
26 0.4306581 0.4352018 0.0274236 0.0172466
25 0.2224880 0.4972896 0.0274236 0.0172466
18 0.2224880 0.3731140 0.0274236 0.0172466
25 0.5017102 0.4972896 0.0274236 0.0172466
5 0.4306581 0.3731140 0.0274236 0.0172466
14 0.6413213 0.4352018 0.0274236 0.0172466
6 0.6413213 0.6214653 0.0274236 0.0172466
22 0.5017102 0.3110262 0.0274236 0.0172466
25 0.3620991 0.6214653 0.0274236 0.0172466
