5 0.7220157 0.5307843 0.0271275 0.0172457
5 0.5839120 0.6549535 0.0271275 0.0172457
32 0.5167097 0.5359580 0.4993928 0.4414903
33 0.5154767 0.3451055 0.4525362 0.0160960
23 0.3767564 0.4066152 0.0271275 0.0172457
4 0.5136271 0.4066152 0.0271275 0.0172457
2 0.5839120 0.4066152 0.0271275 0.0172457
15 0.6529639 0.4066152 0.0271275 0.0172457
27 0.7220157 0.4066152 0.0271275 0.0172457
3 0.3077046 0.4686997 0.0271275 0.0172457
14 0.5839120 0.4686997 0.0271275 0.0172457
18 0.7220157 0.4686997 0.0271275 0.0172457
9 0.3767564 0.5307843 0.0271275 0.0172457
34 0.4458083 0.5302095 0.0641196 0.0620846
3 0.4458083 0.5307843 0.0271275 0.0172457
1 0.5136271 0.5307843 0.0271275 0.0172457
29 0.5839120 0.5307843 0.0271275 0.0172457
13 0.6529639 0.5307843 0.0271275 0.0172457
16 0.3077046 0.5928689 0.0271275 0.0172458
6 0.3767564 0.5928689 0.0271275 0.0172458
12 0.4458083 0.5928689 0.0271275 0.0172458
10 0.5839120 0.5928689 0.0271275 0.0172458
30 0.6529639 0.5928689 0.0271275 0.0172458
31 0.7220157 0.5928689 0.0271275 0.0172458
26 0.3077046 0.6549535 0.0271275 0.0172457
5 0.3767564 0.6549535 0.0271275 0.0172457
25 0.5136271 0.6549535 0.0271275 0.0172457
17 0.6529639 0.6549535 0.0271275 0.0172457
20 0.7220157 0.6549535 0.0271275 0.0172457
22 0.3077046 0.7170380 0.0271275 0.0172457
7 0.5136271 0.7170380 0.0271275 0.0172457
21 0.6529639 0.7170380 0.0271275 0.0172457
28 0.7220157 0.7170380 0.0271275 0.0172457
15 0.3077046 0.5307843 0.0271275 0.0172457
4 0.4458083 0.7170380 0.0271275 0.0172457
17 0.3767564 0.4686997 0.0271275 0.0172457
19 0.4458083 0.6549535 0.0271275 0.0172457
5 0.3767564 0.7170380 0.0271275 0.0172457
12 0.5136271 0.4686997 0.0271275 0.0172457
16 0.6529639 0.4686997 0.0271275 0.0172457
5 0.5839120 0.7170380 0.0271275 0.0172457
2 0.5136271 0.5928689 0.0271275 0.0172458
17 0.4458083 0.4066152 0.0271275 0.0172457
2 0.4458083 0.4686997 0.0271275 0.0172457
12 0.3077046 0.4066152 0.0271275 0.0172457
