1 0.2640266 0.5082076 0.0275896 0.0163976
3 0.4044830 0.7443335 0.0275896 0.0163976
32 0.3361359 0.6311898 0.5079001 0.4197793
33 0.3348818 0.4497227 0.4602453 0.0153045
6 0.1235703 0.5082076 0.0275896 0.0163976
14 0.1937984 0.5082076 0.0275896 0.0163976
21 0.3330007 0.5082076 0.0275896 0.0163976
17 0.4044830 0.5082076 0.0275896 0.0163976
22 0.4747111 0.5082076 0.0275896 0.0163976
12 0.5449393 0.5082076 0.0275896 0.0163976
2 0.1937984 0.5672390 0.0275896 0.0163976
29 0.2640266 0.5672390 0.0275896 0.0163976
19 0.3330007 0.5672390 0.0275896 0.0163976
18 0.4747111 0.5672390 0.0275896 0.0163976
4 0.1235703 0.6262705 0.0275896 0.0163976
9 0.2640266 0.6262705 0.0275896 0.0163976
16 0.3330007 0.6262705 0.0275896 0.0163976
10 0.5449393 0.6262705 0.0275896 0.0163976
26 0.3330007 0.6853019 0.0275896 0.0163976
8 0.4747111 0.6853019 0.0275896 0.0163976
3 0.5449393 0.6853019 0.0275896 0.0163976
25 0.1235703 0.7443335 0.0275896 0.0163976
23 0.1937984 0.7443335 0.0275896 0.0163976
11 0.2640266 0.7443335 0.0275896 0.0163976
30 0.3330007 0.7443335 0.0275896 0.0163976
31 0.4747111 0.7443335 0.0275896 0.0163976
24 0.5449393 0.7443335 0.0275896 0.0163976
7 0.1937984 0.8033649 0.0275896 0.0163976
20 0.2640266 0.8033649 0.0275896 0.0163976
13 0.4044830 0.8033649 0.0275896 0.0163976
34 0.5449393 0.8028183 0.0652119 0.0590314
30 0.5449393 0.8033649 0.0275896 0.0163976
19 0.3330007 0.8033649 0.0275896 0.0163976
7 0.4044830 0.6853019 0.0275896 0.0163976
14 0.5449393 0.5672390 0.0275896 0.0163976
30 0.1937984 0.6853019 0.0275896 0.0163976
22 0.4747111 0.8033649 0.0275896 0.0163976
5 0.2640266 0.6853019 0.0275896 0.0163976
17 0.1235703 0.8033649 0.0275896 0.0163976
22 0.1235703 0.5672390 0.0275896 0.0163976
11 0.1235703 0.6853019 0.0275896 0.0163976
10 0.1937984 0.6262705 0.0275896 0.0163976
7 0.4044830 0.5672390 0.0275896 0.0163976
26 0.4044830 0.6262705 0.0275896 0.0163976
13 0.4747111 0.6262705 0.0275896 0.0163976
