19 0.4182461 0.2707008 0.0277913 0.0173314
8 0.3475046 0.4578794 0.0277913 0.0173314
32 0.5616240 0.4006860 0.5116127 0.4436827
33 0.5603608 0.2088856 0.4636095 0.0161759
14 0.3475046 0.2707008 0.0277913 0.0173314
26 0.4889876 0.2707008 0.0277913 0.0173314
12 0.5584659 0.2707008 0.0277913 0.0173314
21 0.6304707 0.2707008 0.0277913 0.0173314
30 0.7719537 0.2707008 0.0277913 0.0173314
6 0.4182461 0.3330937 0.0277913 0.0173313
9 0.4889876 0.3330937 0.0277913 0.0173313
23 0.5584659 0.3330937 0.0277913 0.0173313
29 0.7012122 0.3330937 0.0277913 0.0173313
16 0.3475046 0.3954866 0.0277913 0.0173313
8 0.4182461 0.3954866 0.0277913 0.0173313
10 0.4889876 0.3954866 0.0277913 0.0173313
25 0.5584659 0.3954866 0.0277913 0.0173313
31 0.6304707 0.3954866 0.0277913 0.0173313
15 0.7012122 0.3954866 0.0277913 0.0173313
4 0.7719537 0.3954866 0.0277913 0.0173313
20 0.4182461 0.4578794 0.0277913 0.0173314
19 0.4889876 0.4578794 0.0277913 0.0173314
24 0.5584659 0.4578794 0.0277913 0.0173314
5 0.7719537 0.4578794 0.0277913 0.0173314
27 0.3475046 0.5202723 0.0277913 0.0173313
34 0.6298390 0.5196946 0.0669518 0.0623928
13 0.6304707 0.5202723 0.0277913 0.0173313
13 0.7719537 0.5202723 0.0277913 0.0173313
3 0.4182461 0.5826652 0.0277913 0.0173314
17 0.4889876 0.5826652 0.0277913 0.0173314
11 0.5584659 0.5826652 0.0277913 0.0173314
22 0.7719537 0.5826652 0.0277913 0.0173314
8 0.4889876 0.5202723 0.0277913 0.0173313
9 0.3475046 0.5826652 0.0277913 0.0173314
6 0.4182461 0.5202723 0.0277913 0.0173313
17 0.6304707 0.5826652 0.0277913 0.0173314
2 0.5584659 0.5202723 0.0277913 0.0173313
9 0.7719537 0.3330937 0.0277913 0.0173313
5 0.7012122 0.5202723 0.0277913 0.0173313
21 0.3475046 0.3330937 0.0277913 0.0173313
24 0.6304707 0.3330937 0.0277913 0.0173313
20 0.7012122 0.4578794 0.0277913 0.0173314
25 0.7012122 0.5826652 0.0277913 0.0173314
21 0.7012122 0.2707008 0.0277913 0.0173314
9 0.6304707 0.4578794 0.0277913 0.0173314
