12 0.3118293 0.5169179 0.0266607 0.0168101
11 0.5166322 0.4564014 0.0266607 0.0168101
32 0.3148590 0.5824773 0.4907998 0.4303389
33 0.3136471 0.3964454 0.4447495 0.0156895
1 0.1773138 0.4564014 0.0266607 0.0168101
8 0.3809048 0.4564014 0.0266607 0.0168101
16 0.1094501 0.5169179 0.0266607 0.0168101
5 0.1773138 0.5169179 0.0266607 0.0168101
31 0.4487685 0.5169179 0.0266607 0.0168101
14 0.5166322 0.5169179 0.0266607 0.0168101
21 0.1094501 0.5774343 0.0266607 0.0168100
17 0.1773138 0.5774343 0.0266607 0.0168100
30 0.3118293 0.5774343 0.0266607 0.0168100
34 0.3802989 0.5768739 0.0642281 0.0605165
29 0.3809048 0.5774343 0.0266607 0.0168100
6 0.4487685 0.5774343 0.0266607 0.0168100
25 0.5166322 0.5774343 0.0266607 0.0168100
15 0.2451775 0.6379507 0.0266607 0.0168102
22 0.3118293 0.6379507 0.0266607 0.0168102
11 0.4487685 0.6379507 0.0266607 0.0168102
26 0.5166322 0.6379507 0.0266607 0.0168102
13 0.1773138 0.6984671 0.0266607 0.0168100
20 0.2451775 0.6984671 0.0266607 0.0168100
7 0.3118293 0.6984671 0.0266607 0.0168100
23 0.3809048 0.6984671 0.0266607 0.0168100
19 0.5166322 0.6984671 0.0266607 0.0168100
27 0.1094501 0.7589836 0.0266607 0.0168102
4 0.1773138 0.7589836 0.0266607 0.0168102
12 0.3118293 0.7589836 0.0266607 0.0168102
3 0.3809048 0.7589836 0.0266607 0.0168102
10 0.4487685 0.7589836 0.0266607 0.0168102
18 0.5166322 0.7589836 0.0266607 0.0168102
4 0.1773138 0.6379507 0.0266607 0.0168102
31 0.4487685 0.6984671 0.0266607 0.0168100
5 0.2451775 0.4564014 0.0266607 0.0168101
16 0.1094501 0.4564014 0.0266607 0.0168101
22 0.4487685 0.4564014 0.0266607 0.0168101
25 0.1094501 0.6379507 0.0266607 0.0168102
6 0.3809048 0.6379507 0.0266607 0.0168102
8 0.2451775 0.5774343 0.0266607 0.0168100
22 0.2451775 0.7589836 0.0266607 0.0168102
12 0.2451775 0.5169179 0.0266607 0.0168101
1 0.3809048 0.5169179 0.0266607 0.0168101
29 0.1094501 0.6984671 0.0266607 0.0168100
18 0.3118293 0.4564014 0.0266607 0.0168101
