25 0.0701664 0.5222449 0.0276006 0.0169166
18 0.1404224 0.7658447 0.0276006 0.0169166
32 0.2828162 0.5882198 0.5081014 0.4330663
33 0.2815617 0.4010088 0.4604277 0.0157889
29 0.0701664 0.4613449 0.0276006 0.0169167
15 0.1404224 0.4613449 0.0276006 0.0169167
4 0.2796798 0.4613449 0.0276006 0.0169167
5 0.3511903 0.4613449 0.0276006 0.0169167
6 0.4214464 0.4613449 0.0276006 0.0169167
30 0.4917023 0.4613449 0.0276006 0.0169167
1 0.2106784 0.5222449 0.0276006 0.0169166
19 0.2796798 0.5222449 0.0276006 0.0169166
2 0.3511903 0.5222449 0.0276006 0.0169166
22 0.4917023 0.5222449 0.0276006 0.0169166
10 0.2106784 0.5831449 0.0276006 0.0169166
11 0.2796798 0.5831449 0.0276006 0.0169166
34 0.3505631 0.5825809 0.0664923 0.0608999
14 0.3511903 0.5831449 0.0276006 0.0169166
31 0.4214464 0.5831449 0.0276006 0.0169166
20 0.4917023 0.5831449 0.0276006 0.0169166
26 0.0701664 0.6440448 0.0276006 0.0169166
8 0.1404224 0.6440448 0.0276006 0.0169166
21 0.2796798 0.6440448 0.0276006 0.0169166
14 0.3511903 0.6440448 0.0276006 0.0169166
7 0.4214464 0.6440448 0.0276006 0.0169166
25 0.0701664 0.7049447 0.0276006 0.0169166
13 0.1404224 0.7049447 0.0276006 0.0169166
16 0.2796798 0.7049447 0.0276006 0.0169166
24 0.4214464 0.7049447 0.0276006 0.0169166
17 0.4917023 0.7049447 0.0276006 0.0169166
12 0.2106784 0.7658447 0.0276006 0.0169166
27 0.2796798 0.7658447 0.0276006 0.0169166
5 0.0701664 0.5831449 0.0276006 0.0169166
10 0.1404224 0.5222449 0.0276006 0.0169166
21 0.0701664 0.7658447 0.0276006 0.0169166
25 0.2106784 0.6440448 0.0276006 0.0169166
9 0.2106784 0.4613449 0.0276006 0.0169167
14 0.4917023 0.7658447 0.0276006 0.0169166
1 0.3511903 0.7049447 0.0276006 0.0169166
24 0.1404224 0.5831449 0.0276006 0.0169166
25 0.3511903 0.7658447 0.0276006 0.0169166
4 0.4214464 0.7658447 0.0276006 0.0169166
21 0.4214464 0.5222449 0.0276006 0.0169166
14 0.2106784 0.7049447 0.0276006 0.0169166
1 0.4917023 0.6440448 0.0276006 0.0169166
