21 0.2798955 0.7354385 0.0275338 0.0173332
27 0.4188160 0.5482398 0.0275338 0.0173332
32 0.4219449 0.5534398 0.5068722 0.4437303
33 0.4206934 0.3616189 0.4593138 0.0161777
27 0.2798955 0.4234407 0.0275338 0.0173332
16 0.3499816 0.4234407 0.0275338 0.0173332
30 0.4188160 0.4234407 0.0275338 0.0173332
13 0.5602397 0.4234407 0.0275338 0.0173332
5 0.6303257 0.4234407 0.0275338 0.0173332
12 0.2098095 0.4858403 0.0275338 0.0173332
21 0.6303257 0.4858403 0.0275338 0.0173332
9 0.2098095 0.5482398 0.0275338 0.0173332
25 0.2798955 0.5482398 0.0275338 0.0173332
10 0.3499816 0.5482398 0.0275338 0.0173332
34 0.4895279 0.5476620 0.0663314 0.0623996
23 0.4901536 0.5482398 0.0275338 0.0173332
22 0.5602397 0.5482398 0.0275338 0.0173332
18 0.2098095 0.6106394 0.0275338 0.0173332
17 0.3499816 0.6106394 0.0275338 0.0173332
7 0.4188160 0.6106394 0.0275338 0.0173332
8 0.4901536 0.6106394 0.0275338 0.0173332
20 0.6303257 0.6106394 0.0275338 0.0173332
31 0.2798955 0.6730390 0.0275338 0.0173332
14 0.3499816 0.6730390 0.0275338 0.0173332
1 0.4188160 0.6730390 0.0275338 0.0173332
6 0.5602397 0.6730390 0.0275338 0.0173332
26 0.2098095 0.7354385 0.0275338 0.0173332
15 0.3499816 0.7354385 0.0275338 0.0173332
3 0.4188160 0.7354385 0.0275338 0.0173332
2 0.4901536 0.7354385 0.0275338 0.0173332
19 0.5602397 0.7354385 0.0275338 0.0173332
17 0.6303257 0.5482398 0.0275338 0.0173332
21 0.2798955 0.6106394 0.0275338 0.0173332
11 0.5602397 0.4858403 0.0275338 0.0173332
26 0.4188160 0.4858403 0.0275338 0.0173332
10 0.2798955 0.4858403 0.0275338 0.0173332
13 0.2098095 0.6730390 0.0275338 0.0173332
28 0.6303257 0.7354385 0.0275338 0.0173332
1 0.6303257 0.6730390 0.0275338 0.0173332
2 0.4901536 0.4234407 0.0275338 0.0173332
7 0.5602397 0.6106394 0.0275338 0.0173332
14 0.2098095 0.4234407 0.0275338 0.0173332
21 0.3499816 0.4858403 0.0275338 0.0173332
10 0.4901536 0.6730390 0.0275338 0.0173332
20 0.4901536 0.4858403 0.0275338 0.0173332
