4 0.7285051 0.5150269 0.0270675 0.0174742
28 0.6596062 0.5150269 0.0270674 0.0174742
32 0.5236539 0.5202691 0.4982867 0.4473387
33 0.5224235 0.3268884 0.4515339 0.0163092
16 0.4529095 0.3892128 0.0270675 0.0174742
24 0.5205780 0.3892128 0.0270674 0.0174742
13 0.6596062 0.3892128 0.0270674 0.0174742
23 0.3151116 0.4521199 0.0270674 0.0174742
11 0.3840105 0.4521199 0.0270674 0.0174742
8 0.5205780 0.4521199 0.0270674 0.0174742
26 0.6596062 0.4521199 0.0270674 0.0174742
21 0.7285051 0.4521199 0.0270675 0.0174742
19 0.3151116 0.5150269 0.0270674 0.0174742
29 0.5205780 0.5150269 0.0270674 0.0174742
30 0.5907072 0.5150269 0.0270674 0.0174742
7 0.3840105 0.5779339 0.0270674 0.0174742
9 0.4529095 0.5779339 0.0270675 0.0174742
20 0.5205780 0.5779339 0.0270674 0.0174742
6 0.5907072 0.5779339 0.0270674 0.0174742
34 0.6589909 0.5773513 0.0627473 0.0629070
26 0.6596062 0.5779339 0.0270674 0.0174742
22 0.7285051 0.5779339 0.0270675 0.0174742
1 0.3151116 0.6408409 0.0270674 0.0174742
5 0.4529095 0.6408409 0.0270675 0.0174742
25 0.5205780 0.6408409 0.0270674 0.0174742
10 0.7285051 0.6408409 0.0270675 0.0174742
4 0.3151116 0.7037478 0.0270674 0.0174742
18 0.4529095 0.7037478 0.0270675 0.0174742
17 0.5205780 0.7037478 0.0270674 0.0174742
12 0.5907072 0.7037478 0.0270674 0.0174742
27 0.7285051 0.7037478 0.0270675 0.0174742
26 0.6596062 0.6408409 0.0270674 0.0174742
9 0.5907072 0.6408409 0.0270674 0.0174742
15 0.3151116 0.5779339 0.0270674 0.0174742
9 0.3840105 0.3892128 0.0270674 0.0174742
15 0.4529095 0.5150269 0.0270675 0.0174742
9 0.5907072 0.3892128 0.0270674 0.0174742
3 0.6596062 0.7037478 0.0270674 0.0174742
30 0.4529095 0.4521199 0.0270675 0.0174742
9 0.3151116 0.3892128 0.0270674 0.0174742
13 0.3840105 0.7037478 0.0270674 0.0174742
15 0.7285051 0.3892128 0.0270675 0.0174742
14 0.3840105 0.5150269 0.0270674 0.0174742
10 0.5907072 0.4521199 0.0270674 0.0174742
8 0.3840105 0.6408409 0.0270674 0.0174742
