19 0.1516229 0.6989886 0.0275087 0.0166402
29 0.3604389 0.3994658 0.0275087 0.0166402
32 0.3635649 0.5242670 0.5064099 0.4259881
33 0.3623145 0.3401159 0.4588949 0.0155308
29 0.1516229 0.3994658 0.0275087 0.0166402
31 0.2216451 0.3994658 0.0275087 0.0166402
30 0.2916672 0.3994658 0.0275087 0.0166402
3 0.5017335 0.3994658 0.0275087 0.0166402
19 0.2216451 0.4593704 0.0275087 0.0166402
10 0.2916672 0.4593704 0.0275087 0.0166402
16 0.3604389 0.4593704 0.0275087 0.0166402
2 0.4317114 0.4593704 0.0275087 0.0166402
18 0.5017335 0.4593704 0.0275087 0.0166402
11 0.5717556 0.4593704 0.0275087 0.0166402
24 0.1516229 0.5192749 0.0275087 0.0166402
7 0.2216451 0.5192749 0.0275087 0.0166402
17 0.2916672 0.5192749 0.0275087 0.0166402
23 0.5717556 0.5192749 0.0275087 0.0166402
34 0.2210199 0.5786248 0.0637701 0.0599046
3 0.2216451 0.5791796 0.0275087 0.0166402
9 0.2916672 0.5791796 0.0275087 0.0166402
25 0.3604389 0.5791796 0.0275087 0.0166402
1 0.5017335 0.5791796 0.0275087 0.0166402
5 0.5717556 0.5791796 0.0275087 0.0166402
13 0.2216451 0.6390841 0.0275087 0.0166402
22 0.3604389 0.6390841 0.0275087 0.0166402
6 0.4317114 0.6390841 0.0275087 0.0166402
21 0.5017335 0.6390841 0.0275087 0.0166402
27 0.3604389 0.6989886 0.0275087 0.0166402
15 0.4317114 0.6989886 0.0275087 0.0166402
20 0.5717556 0.6989886 0.0275087 0.0166402
10 0.5717556 0.3994658 0.0275087 0.0166402
31 0.1516229 0.4593704 0.0275087 0.0166402
2 0.4317114 0.5791796 0.0275087 0.0166402
12 0.5017335 0.5192749 0.0275087 0.0166402
20 0.2216451 0.6989886 0.0275087 0.0166402
26 0.4317114 0.3994658 0.0275087 0.0166402
27 0.5017335 0.6989886 0.0275087 0.0166402
5 0.1516229 0.5791796 0.0275087 0.0166402
4 0.3604389 0.5192749 0.0275087 0.0166402
1 0.2916672 0.6390841 0.0275087 0.0166402
24 0.2916672 0.6989886 0.0275087 0.0166402
19 0.4317114 0.5192749 0.0275087 0.0166402
8 0.1516229 0.6390841 0.0275087 0.0166402
6 0.5717556 0.6390841 0.0275087 0.0166402
