29 0.8205820 0.6513993 0.0282053 0.0160868
14 0.4616070 0.7672244 0.0282051 0.0160868
32 0.6071201 0.5983129 0.5192317 0.4118222
33 0.6058380 0.4202856 0.4705136 0.0150144
26 0.3898120 0.4776619 0.0282052 0.0160868
6 0.5334020 0.4776619 0.0282052 0.0160868
2 0.6039149 0.4776619 0.0282052 0.0160868
9 0.8205820 0.4776619 0.0282053 0.0160868
7 0.4616070 0.5355743 0.0282051 0.0160868
8 0.6039149 0.5355743 0.0282052 0.0160868
20 0.6769920 0.5355743 0.0282051 0.0160868
24 0.8205820 0.5355743 0.0282053 0.0160868
11 0.3898120 0.5934869 0.0282052 0.0160868
21 0.4616070 0.5934869 0.0282051 0.0160868
5 0.6039149 0.5934869 0.0282052 0.0160868
29 0.6769920 0.5934869 0.0282051 0.0160868
30 0.8205820 0.5934869 0.0282053 0.0160868
13 0.3898120 0.6513993 0.0282052 0.0160868
23 0.4616070 0.6513993 0.0282051 0.0160868
31 0.5334020 0.6513993 0.0282052 0.0160868
1 0.6039149 0.6513993 0.0282052 0.0160868
3 0.6769920 0.6513993 0.0282051 0.0160868
15 0.7487869 0.6513993 0.0282052 0.0160868
17 0.3898120 0.7093119 0.0282052 0.0160868
34 0.4609660 0.7087756 0.0653847 0.0579125
18 0.4616070 0.7093119 0.0282051 0.0160868
18 0.5334020 0.7093119 0.0282052 0.0160868
10 0.6039149 0.7093119 0.0282052 0.0160868
4 0.3898120 0.7672244 0.0282052 0.0160868
16 0.5334020 0.7672244 0.0282052 0.0160868
12 0.7487869 0.7672244 0.0282052 0.0160868
4 0.6769920 0.7093119 0.0282051 0.0160868
10 0.8205820 0.7093119 0.0282053 0.0160868
19 0.7487869 0.5355743 0.0282052 0.0160868
22 0.6039149 0.7672244 0.0282052 0.0160868
10 0.6769920 0.4776619 0.0282051 0.0160868
9 0.7487869 0.5934869 0.0282052 0.0160868
20 0.7487869 0.4776619 0.0282052 0.0160868
10 0.6769920 0.7672244 0.0282051 0.0160868
9 0.3898120 0.5355743 0.0282052 0.0160868
8 0.4616070 0.4776619 0.0282051 0.0160868
15 0.7487869 0.7093119 0.0282052 0.0160868
27 0.8205820 0.7672244 0.0282053 0.0160868
16 0.5334020 0.5934869 0.0282052 0.0160868
1 0.5334020 0.5355743 0.0282052 0.0160868
