14 0.2943502 0.6132701 0.0264243 0.0172499
4 0.4961358 0.4269712 0.0264243 0.0172499
32 0.4306756 0.4942458 0.4864476 0.4415972
33 0.4294745 0.3033470 0.4408055 0.0160999
2 0.2943502 0.3648716 0.0264243 0.0172499
26 0.4276728 0.3648716 0.0264243 0.0172499
19 0.4961358 0.3648716 0.0264243 0.0172499
13 0.5633977 0.3648716 0.0264243 0.0172499
3 0.6306596 0.3648716 0.0264244 0.0172499
16 0.2270883 0.4269712 0.0264243 0.0172499
24 0.3616121 0.4269712 0.0264243 0.0172499
14 0.4276728 0.4269712 0.0264243 0.0172499
31 0.5633977 0.4269712 0.0264243 0.0172499
15 0.2270883 0.4890708 0.0264243 0.0172499
29 0.2943502 0.4890708 0.0264243 0.0172499
27 0.3616121 0.4890708 0.0264243 0.0172499
6 0.2943502 0.5511705 0.0264243 0.0172499
9 0.4276728 0.5511705 0.0264243 0.0172499
5 0.4961358 0.5511705 0.0264243 0.0172499
12 0.5633977 0.5511705 0.0264243 0.0172499
20 0.6306596 0.5511705 0.0264244 0.0172499
11 0.2270883 0.6132701 0.0264243 0.0172499
17 0.3616121 0.6132701 0.0264243 0.0172499
18 0.5633977 0.6132701 0.0264243 0.0172499
1 0.6306596 0.6132701 0.0264244 0.0172499
34 0.2937496 0.6747947 0.0612564 0.0620996
26 0.2943502 0.6753697 0.0264243 0.0172499
10 0.3616121 0.6753697 0.0264243 0.0172499
7 0.4276728 0.6753697 0.0264243 0.0172499
23 0.4961358 0.6753697 0.0264243 0.0172499
8 0.6306596 0.6753697 0.0264244 0.0172499
15 0.2270883 0.3648716 0.0264243 0.0172499
14 0.4276728 0.4890708 0.0264243 0.0172499
28 0.2270883 0.5511705 0.0264243 0.0172499
18 0.4276728 0.6132701 0.0264243 0.0172499
12 0.5633977 0.6753697 0.0264243 0.0172499
2 0.2270883 0.6753697 0.0264243 0.0172499
17 0.4961358 0.4890708 0.0264243 0.0172499
7 0.4961358 0.6132701 0.0264243 0.0172499
2 0.6306596 0.4269712 0.0264244 0.0172499
22 0.6306596 0.4890708 0.0264244 0.0172499
6 0.3616121 0.5511705 0.0264243 0.0172499
31 0.5633977 0.4890708 0.0264243 0.0172499
11 0.3616121 0.3648716 0.0264243 0.0172499
16 0.2943502 0.4269712 0.0264243 0.0172499
