24 0.4325399 0.2927318 0.0288308 0.0165353
3 0.3591524 0.2927318 0.0288308 0.0165353
32 0.5078932 0.3572192 0.5307493 0.4233021
33 0.5065828 0.1742292 0.4809507 0.0154329
13 0.2857648 0.2332049 0.0288308 0.0165352
2 0.3591524 0.2332049 0.0288308 0.0165352
6 0.5046170 0.2332049 0.0288309 0.0165352
1 0.7260902 0.2332049 0.0288308 0.0165352
10 0.5046170 0.2927318 0.0288309 0.0165353
4 0.5793150 0.2927318 0.0288308 0.0165353
3 0.6527026 0.2927318 0.0288309 0.0165353
24 0.2857648 0.3522586 0.0288308 0.0165352
14 0.4325399 0.3522586 0.0288308 0.0165352
15 0.5793150 0.3522586 0.0288308 0.0165352
23 0.6527026 0.3522586 0.0288309 0.0165352
5 0.3591524 0.4117855 0.0288308 0.0165352
9 0.4325399 0.4117855 0.0288308 0.0165352
25 0.5046170 0.4117855 0.0288309 0.0165352
8 0.7260902 0.4117855 0.0288308 0.0165352
22 0.2857648 0.4713123 0.0288308 0.0165352
30 0.4325399 0.4713123 0.0288308 0.0165352
34 0.5046170 0.4707611 0.0681456 0.0595268
17 0.5046170 0.4713123 0.0288309 0.0165352
20 0.5793150 0.4713123 0.0288308 0.0165352
29 0.6527026 0.4713123 0.0288309 0.0165352
27 0.7260902 0.4713123 0.0288308 0.0165352
21 0.2857648 0.5308392 0.0288308 0.0165352
11 0.3591524 0.5308392 0.0288308 0.0165352
26 0.5046170 0.5308392 0.0288309 0.0165352
19 0.5793150 0.5308392 0.0288308 0.0165352
12 0.6527026 0.5308392 0.0288309 0.0165352
21 0.6527026 0.4117855 0.0288309 0.0165352
14 0.7260902 0.3522586 0.0288308 0.0165352
28 0.3591524 0.3522586 0.0288308 0.0165352
16 0.2857648 0.2927318 0.0288308 0.0165353
11 0.6527026 0.2332049 0.0288309 0.0165352
26 0.2857648 0.4117855 0.0288308 0.0165352
6 0.7260902 0.2927318 0.0288308 0.0165353
31 0.3591524 0.4713123 0.0288308 0.0165352
20 0.7260902 0.5308392 0.0288308 0.0165352
11 0.5046170 0.3522586 0.0288309 0.0165352
9 0.5793150 0.4117855 0.0288308 0.0165352
11 0.4325399 0.5308392 0.0288308 0.0165352
2 0.4325399 0.2332049 0.0288308 0.0165352
29 0.5793150 0.2332049 0.0288308 0.0165352
