31 0.5861259 0.7687820 0.0287025 0.0165698
5 0.5117602 0.7091307 0.0287025 0.0165698
32 0.5150218 0.5947993 0.5283885 0.4241862
33 0.5137172 0.4114272 0.4788113 0.0154652
30 0.2938815 0.4705260 0.0287026 0.0165698
20 0.3669426 0.4705260 0.0287026 0.0165698
18 0.4400037 0.4705260 0.0287026 0.0165698
26 0.5117602 0.4705260 0.0287025 0.0165698
3 0.5861259 0.4705260 0.0287025 0.0165698
17 0.6591871 0.4705260 0.0287025 0.0165698
6 0.7322482 0.4705260 0.0287025 0.0165698
4 0.5117602 0.5301772 0.0287025 0.0165698
21 0.2938815 0.5898284 0.0287026 0.0165698
2 0.3669426 0.5898284 0.0287026 0.0165698
34 0.5117602 0.5892761 0.0678425 0.0596512
30 0.5117602 0.5898284 0.0287025 0.0165698
24 0.6591871 0.5898284 0.0287025 0.0165698
9 0.7322482 0.5898284 0.0287025 0.0165698
5 0.2938815 0.6494796 0.0287026 0.0165698
22 0.3669426 0.6494796 0.0287026 0.0165698
12 0.5861259 0.6494796 0.0287025 0.0165698
7 0.6591871 0.6494796 0.0287025 0.0165698
14 0.7322482 0.6494796 0.0287025 0.0165698
16 0.3669426 0.7091307 0.0287026 0.0165698
29 0.4400037 0.7091307 0.0287026 0.0165698
31 0.6591871 0.7091307 0.0287025 0.0165698
11 0.7322482 0.7091307 0.0287025 0.0165698
25 0.2938815 0.7687820 0.0287026 0.0165698
19 0.3669426 0.7687820 0.0287026 0.0165698
10 0.6591871 0.7687820 0.0287025 0.0165698
8 0.7322482 0.7687820 0.0287025 0.0165698
7 0.5861259 0.5301772 0.0287025 0.0165698
31 0.5861259 0.7091307 0.0287025 0.0165698
28 0.4400037 0.6494796 0.0287026 0.0165698
2 0.5861259 0.5898284 0.0287025 0.0165698
25 0.6591871 0.5301772 0.0287025 0.0165698
29 0.4400037 0.5898284 0.0287026 0.0165698
3 0.7322482 0.5301772 0.0287025 0.0165698
24 0.4400037 0.5301772 0.0287026 0.0165698
10 0.4400037 0.7687820 0.0287026 0.0165698
16 0.2938815 0.7091307 0.0287026 0.0165698
17 0.5117602 0.6494796 0.0287025 0.0165698
15 0.2938815 0.5301772 0.0287026 0.0165698
29 0.3669426 0.5301772 0.0287026 0.0165698
29 0.5117602 0.7687820 0.0287025 0.0165698
