25 0.4923213 0.4260384 0.0280284 0.0170032
22 0.1355964 0.7320959 0.0280284 0.0170032
32 0.3515424 0.5535624 0.5159772 0.4352818
33 0.3502683 0.3653937 0.4675645 0.0158696
9 0.1355964 0.4260384 0.0280284 0.0170032
15 0.2069413 0.4260384 0.0280284 0.0170032
12 0.2782863 0.4260384 0.0280284 0.0170032
7 0.3483573 0.4260384 0.0280284 0.0170032
22 0.4209763 0.4260384 0.0280284 0.0170032
6 0.2069413 0.4872499 0.0280284 0.0170032
8 0.2782863 0.4872499 0.0280284 0.0170032
27 0.3483573 0.4872499 0.0280284 0.0170032
34 0.4203393 0.4866831 0.0675229 0.0612115
17 0.4209763 0.4872499 0.0280284 0.0170032
23 0.1355964 0.5484614 0.0280284 0.0170032
10 0.2782863 0.5484614 0.0280284 0.0170032
30 0.4209763 0.5484614 0.0280284 0.0170032
20 0.4923213 0.5484614 0.0280284 0.0170032
16 0.5636663 0.5484614 0.0280284 0.0170032
3 0.2069413 0.6096729 0.0280284 0.0170032
24 0.3483573 0.6096729 0.0280284 0.0170032
1 0.4209763 0.6096729 0.0280284 0.0170032
26 0.5636663 0.6096729 0.0280284 0.0170032
21 0.1355964 0.6708844 0.0280284 0.0170032
19 0.2069413 0.6708844 0.0280284 0.0170032
11 0.2782863 0.6708844 0.0280284 0.0170032
4 0.3483573 0.6708844 0.0280284 0.0170032
14 0.5636663 0.6708844 0.0280284 0.0170032
18 0.2782863 0.7320959 0.0280284 0.0170032
2 0.3483573 0.7320959 0.0280284 0.0170032
13 0.5636663 0.7320959 0.0280284 0.0170032
6 0.4923213 0.4872499 0.0280284 0.0170032
1 0.4923213 0.6708844 0.0280284 0.0170032
9 0.4209763 0.7320959 0.0280284 0.0170032
11 0.5636663 0.4872499 0.0280284 0.0170032
25 0.5636663 0.4260384 0.0280284 0.0170032
14 0.3483573 0.5484614 0.0280284 0.0170032
1 0.1355964 0.6096729 0.0280284 0.0170032
13 0.4923213 0.6096729 0.0280284 0.0170032
25 0.2069413 0.5484614 0.0280284 0.0170032
3 0.2782863 0.6096729 0.0280284 0.0170032
11 0.4923213 0.7320959 0.0280284 0.0170032
7 0.4209763 0.6708844 0.0280284 0.0170032
30 0.1355964 0.4872499 0.0280284 0.0170032
21 0.2069413 0.7320959 0.0280284 0.0170032
