24 0.6261341 0.3670650 0.0271838 0.0170015
5 0.4877439 0.4282703 0.0271838 0.0170015
32 0.4204022 0.4945761 0.5004290 0.4352382
33 0.4191665 0.3064263 0.4534751 0.0158681
34 0.2109634 0.3664982 0.0642526 0.0612053
28 0.2109634 0.3670650 0.0271838 0.0170015
14 0.2801585 0.3670650 0.0271838 0.0170015
5 0.4173131 0.3670650 0.0271838 0.0170015
9 0.5569390 0.3670650 0.0271838 0.0170015
18 0.2109634 0.4282703 0.0271838 0.0170015
6 0.3493536 0.4282703 0.0271838 0.0170015
29 0.4173131 0.4282703 0.0271838 0.0170015
30 0.5569390 0.4282703 0.0271838 0.0170015
13 0.6261341 0.4282703 0.0271838 0.0170015
15 0.3493536 0.4894757 0.0271838 0.0170015
12 0.4173131 0.4894757 0.0271838 0.0170015
7 0.5569390 0.4894757 0.0271838 0.0170015
24 0.6261341 0.4894757 0.0271838 0.0170015
31 0.3493536 0.5506811 0.0271838 0.0170015
25 0.6261341 0.5506811 0.0271838 0.0170015
20 0.2109634 0.6118864 0.0271838 0.0170015
17 0.4173131 0.6118864 0.0271838 0.0170015
11 0.4877439 0.6118864 0.0271838 0.0170015
27 0.6261341 0.6118864 0.0271838 0.0170015
2 0.2109634 0.6730918 0.0271838 0.0170015
19 0.2801585 0.6730918 0.0271838 0.0170015
8 0.3493536 0.6730918 0.0271838 0.0170015
3 0.4173131 0.6730918 0.0271838 0.0170015
23 0.4877439 0.6730918 0.0271838 0.0170015
16 0.5569390 0.6730918 0.0271838 0.0170015
21 0.6261341 0.6730918 0.0271838 0.0170015
6 0.2801585 0.6118864 0.0271838 0.0170015
12 0.3493536 0.3670650 0.0271838 0.0170015
10 0.2109634 0.5506811 0.0271838 0.0170015
26 0.2801585 0.4282703 0.0271838 0.0170015
1 0.2801585 0.5506811 0.0271838 0.0170015
2 0.2109634 0.4894757 0.0271838 0.0170015
12 0.4877439 0.3670650 0.0271838 0.0170015
22 0.5569390 0.6118864 0.0271838 0.0170015
22 0.4173131 0.5506811 0.0271838 0.0170015
28 0.3493536 0.6118864 0.0271838 0.0170015
6 0.4877439 0.5506811 0.0271838 0.0170015
7 0.5569390 0.5506811 0.0271838 0.0170015
6 0.4877439 0.4894757 0.0271838 0.0170015
12 0.2801585 0.4894757 0.0271838 0.0170015
