25 0.2970403 0.6084597 0.0276536 0.0166227
20 0.2970403 0.3690938 0.0276536 0.0166226
32 0.5100989 0.4339221 0.5090779 0.4255396
33 0.5088419 0.2499649 0.4613126 0.0155145
11 0.2970403 0.3092523 0.0276536 0.0166226
30 0.3674313 0.3092523 0.0276536 0.0166226
6 0.5069564 0.3092523 0.0276536 0.0166226
4 0.5786044 0.3092523 0.0276537 0.0166226
31 0.6489954 0.3092523 0.0276536 0.0166226
8 0.3674313 0.3690938 0.0276536 0.0166226
12 0.4378224 0.3690938 0.0276536 0.0166226
10 0.5069564 0.3690938 0.0276536 0.0166226
34 0.5779759 0.3685397 0.0666201 0.0598415
2 0.5786044 0.3690938 0.0276537 0.0166226
29 0.6489954 0.3690938 0.0276536 0.0166226
26 0.2970403 0.4289352 0.0276536 0.0166227
21 0.3674313 0.4289352 0.0276536 0.0166227
9 0.4378224 0.4289352 0.0276536 0.0166227
3 0.5786044 0.4289352 0.0276537 0.0166227
13 0.3674313 0.4887768 0.0276536 0.0166227
15 0.5069564 0.4887768 0.0276536 0.0166227
16 0.5786044 0.4887768 0.0276537 0.0166227
20 0.6489954 0.4887768 0.0276536 0.0166227
17 0.7193864 0.4887768 0.0276536 0.0166227
1 0.2970403 0.5486183 0.0276536 0.0166227
7 0.3674313 0.5486183 0.0276536 0.0166227
2 0.4378224 0.5486183 0.0276536 0.0166227
25 0.5786044 0.5486183 0.0276537 0.0166227
18 0.6489954 0.5486183 0.0276536 0.0166227
19 0.7193864 0.5486183 0.0276536 0.0166227
24 0.4378224 0.6084597 0.0276536 0.0166227
5 0.6489954 0.6084597 0.0276536 0.0166227
8 0.5069564 0.6084597 0.0276536 0.0166227
12 0.7193864 0.6084597 0.0276536 0.0166227
17 0.5786044 0.6084597 0.0276537 0.0166227
27 0.7193864 0.3092523 0.0276536 0.0166226
2 0.4378224 0.4887768 0.0276536 0.0166227
13 0.3674313 0.6084597 0.0276536 0.0166227
14 0.7193864 0.4289352 0.0276536 0.0166227
20 0.7193864 0.3690938 0.0276536 0.0166226
2 0.2970403 0.4887768 0.0276536 0.0166227
16 0.5069564 0.5486183 0.0276536 0.0166227
18 0.6489954 0.4289352 0.0276536 0.0166227
5 0.4378224 0.3092523 0.0276536 0.0166226
3 0.5069564 0.4289352 0.0276536 0.0166227
