1 0.2541649 0.5114667 0.0274527 0.0169436
8 0.3252924 0.4504696 0.0274527 0.0169436
32 0.2572845 0.3945555 0.5053796 0.4337578
33 0.2560366 0.2070456 0.4579612 0.0158141
12 0.2541649 0.2674780 0.0274527 0.0169437
4 0.3252924 0.2674780 0.0274527 0.0169437
24 0.4650517 0.2674780 0.0274527 0.0169437
2 0.0457738 0.3284752 0.0274527 0.0169437
6 0.1156534 0.3284752 0.0274527 0.0169437
26 0.1855331 0.3284752 0.0274527 0.0169437
13 0.2541649 0.3284752 0.0274527 0.0169437
9 0.3252924 0.3284752 0.0274527 0.0169437
20 0.3951720 0.3284752 0.0274527 0.0169437
1 0.4650517 0.3284752 0.0274527 0.0169437
14 0.0457738 0.3894724 0.0274527 0.0169437
23 0.3252924 0.3894724 0.0274527 0.0169437
15 0.3951720 0.3894724 0.0274527 0.0169437
19 0.0457738 0.4504696 0.0274527 0.0169436
27 0.1156534 0.4504696 0.0274527 0.0169436
17 0.1855331 0.4504696 0.0274527 0.0169436
22 0.2541649 0.4504696 0.0274527 0.0169436
3 0.3951720 0.4504696 0.0274527 0.0169436
34 0.0457738 0.5109020 0.0648882 0.0609972
15 0.0457738 0.5114667 0.0274527 0.0169436
25 0.1156534 0.5114667 0.0274527 0.0169436
8 0.1855331 0.5114667 0.0274527 0.0169436
11 0.3252924 0.5114667 0.0274527 0.0169436
5 0.3951720 0.5114667 0.0274527 0.0169436
31 0.1156534 0.5724639 0.0274527 0.0169437
30 0.3951720 0.5724639 0.0274527 0.0169437
7 0.4650517 0.5724639 0.0274527 0.0169437
15 0.1156534 0.3894724 0.0274527 0.0169437
1 0.1156534 0.2674780 0.0274527 0.0169437
25 0.3951720 0.2674780 0.0274527 0.0169437
30 0.1855331 0.5724639 0.0274527 0.0169437
29 0.3252924 0.5724639 0.0274527 0.0169437
25 0.0457738 0.2674780 0.0274527 0.0169437
16 0.2541649 0.3894724 0.0274527 0.0169437
18 0.4650517 0.3894724 0.0274527 0.0169437
19 0.2541649 0.5724639 0.0274527 0.0169437
28 0.4650517 0.5114667 0.0274527 0.0169436
22 0.4650517 0.4504696 0.0274527 0.0169436
10 0.0457738 0.5724639 0.0274527 0.0169437
14 0.1855331 0.3894724 0.0274527 0.0169437
19 0.1855331 0.2674780 0.0274527 0.0169437
