7 0.4973352 0.3360611 0.0288527 0.0159610
8 0.7176651 0.6233595 0.0288528 0.0159610
32 0.5727457 0.4557687 0.5311522 0.4086022
33 0.5714342 0.2791334 0.4813158 0.0148970
14 0.3504487 0.3360611 0.0288527 0.0159610
8 0.5694670 0.3360611 0.0288527 0.0159610
18 0.6442218 0.3360611 0.0288527 0.0159610
9 0.7176651 0.3360611 0.0288528 0.0159610
5 0.3504487 0.3935207 0.0288527 0.0159610
19 0.5694670 0.3935207 0.0288527 0.0159610
27 0.6442218 0.3935207 0.0288527 0.0159610
1 0.7176651 0.3935207 0.0288528 0.0159610
24 0.3504487 0.4509804 0.0288527 0.0159610
34 0.4232362 0.4504484 0.0668858 0.0574597
22 0.4238920 0.4509804 0.0288527 0.0159610
17 0.4973352 0.4509804 0.0288527 0.0159610
29 0.5694670 0.4509804 0.0288527 0.0159610
10 0.6442218 0.4509804 0.0288527 0.0159610
11 0.7911083 0.4509804 0.0288527 0.0159610
16 0.3504487 0.5084401 0.0288527 0.0159610
15 0.4238920 0.5084401 0.0288527 0.0159610
2 0.4973352 0.5084401 0.0288527 0.0159610
22 0.6442218 0.5084401 0.0288527 0.0159610
25 0.7176651 0.5084401 0.0288528 0.0159610
31 0.4238920 0.5658998 0.0288527 0.0159610
13 0.5694670 0.5658998 0.0288527 0.0159610
26 0.6442218 0.5658998 0.0288527 0.0159610
12 0.7176651 0.5658998 0.0288528 0.0159610
6 0.5694670 0.6233595 0.0288527 0.0159610
21 0.6442218 0.6233595 0.0288527 0.0159610
23 0.7911083 0.6233595 0.0288527 0.0159610
31 0.3504487 0.5658998 0.0288527 0.0159610
17 0.4973352 0.3935207 0.0288527 0.0159610
7 0.4238920 0.3935207 0.0288527 0.0159610
1 0.7911083 0.3360611 0.0288527 0.0159610
12 0.7176651 0.4509804 0.0288528 0.0159610
3 0.7911083 0.5084401 0.0288527 0.0159610
4 0.4238920 0.3360611 0.0288527 0.0159610
19 0.4973352 0.5658998 0.0288527 0.0159610
8 0.3504487 0.6233595 0.0288527 0.0159610
15 0.4973352 0.6233595 0.0288527 0.0159610
19 0.5694670 0.5084401 0.0288527 0.0159610
31 0.4238920 0.6233595 0.0288527 0.0159610
6 0.7911083 0.5658998 0.0288527 0.0159610
3 0.7911083 0.3935207 0.0288527 0.0159610
