19 0.1468725 0.4450908 0.0284594 0.0168216
27 0.5090836 0.5056486 0.0284594 0.0168216
32 0.2936974 0.5712530 0.5239124 0.4306337
33 0.2924037 0.3850937 0.4747552 0.0157002
4 0.0744303 0.4450908 0.0284594 0.0168216
9 0.2193147 0.4450908 0.0284594 0.0168216
25 0.2904633 0.4450908 0.0284594 0.0168216
14 0.3641991 0.4450908 0.0284595 0.0168216
19 0.4366414 0.4450908 0.0284594 0.0168216
30 0.1468725 0.5056486 0.0284594 0.0168216
31 0.2193147 0.5056486 0.0284594 0.0168216
29 0.3641991 0.5056486 0.0284595 0.0168216
20 0.0744303 0.5662065 0.0284594 0.0168216
26 0.1468725 0.5662065 0.0284594 0.0168216
1 0.2193147 0.5662065 0.0284594 0.0168216
13 0.4366414 0.5662065 0.0284594 0.0168216
2 0.0744303 0.6267643 0.0284594 0.0168216
22 0.1468725 0.6267643 0.0284594 0.0168216
7 0.2193147 0.6267643 0.0284594 0.0168216
8 0.3641991 0.6267643 0.0284595 0.0168216
15 0.4366414 0.6267643 0.0284594 0.0168216
24 0.5090836 0.6267643 0.0284594 0.0168216
11 0.2193147 0.6873222 0.0284594 0.0168216
3 0.4366414 0.6873222 0.0284594 0.0168216
17 0.0744303 0.7478800 0.0284594 0.0168216
21 0.1468725 0.7478800 0.0284594 0.0168216
23 0.2193147 0.7478800 0.0284594 0.0168216
34 0.3635523 0.7473193 0.0685614 0.0605579
14 0.3641991 0.7478800 0.0284595 0.0168216
18 0.4366414 0.7478800 0.0284594 0.0168216
16 0.5090836 0.7478800 0.0284594 0.0168216
14 0.5090836 0.5662065 0.0284594 0.0168216
16 0.5090836 0.4450908 0.0284594 0.0168216
14 0.0744303 0.5056486 0.0284594 0.0168216
5 0.0744303 0.6873222 0.0284594 0.0168216
17 0.5090836 0.6873222 0.0284594 0.0168216
21 0.2904633 0.7478800 0.0284594 0.0168216
3 0.3641991 0.5662065 0.0284595 0.0168216
17 0.2904633 0.6267643 0.0284594 0.0168216
19 0.3641991 0.6873222 0.0284595 0.0168216
17 0.1468725 0.6873222 0.0284594 0.0168216
24 0.2904633 0.6873222 0.0284594 0.0168216
4 0.2904633 0.5662065 0.0284594 0.0168216
18 0.4366414 0.5056486 0.0284594 0.0168216
25 0.2904633 0.5056486 0.0284594 0.0168216
