18 0.5763374 0.5370084 0.0268327 0.0166137
25 0.7824611 0.4771991 0.0268326 0.0166137
32 0.5793866 0.5419925 0.4939650 0.4253111
33 0.5781669 0.3581341 0.4476176 0.0155061
9 0.3726531 0.4173897 0.0268327 0.0166137
18 0.5092558 0.4173897 0.0268327 0.0166137
17 0.5763374 0.4173897 0.0268327 0.0166137
2 0.6458585 0.4173897 0.0268327 0.0166137
27 0.7141598 0.4173897 0.0268327 0.0166137
25 0.7824611 0.4173897 0.0268326 0.0166137
34 0.3726531 0.4766453 0.0634227 0.0598094
29 0.3726531 0.4771991 0.0268327 0.0166137
26 0.4409545 0.4771991 0.0268327 0.0166137
10 0.5092558 0.4771991 0.0268327 0.0166137
5 0.6458585 0.4771991 0.0268327 0.0166137
23 0.3726531 0.5370084 0.0268327 0.0166137
1 0.5092558 0.5370084 0.0268327 0.0166137
12 0.6458585 0.5370084 0.0268327 0.0166137
21 0.7141598 0.5370084 0.0268327 0.0166137
20 0.7824611 0.5370084 0.0268326 0.0166137
22 0.3726531 0.5968178 0.0268327 0.0166137
6 0.4409545 0.5968178 0.0268327 0.0166137
7 0.5763374 0.5968178 0.0268327 0.0166137
31 0.6458585 0.5968178 0.0268327 0.0166137
14 0.7141598 0.5968178 0.0268327 0.0166137
29 0.7824611 0.5968178 0.0268326 0.0166137
24 0.5092558 0.6566272 0.0268327 0.0166138
16 0.3726531 0.7164366 0.0268327 0.0166137
19 0.5092558 0.7164366 0.0268327 0.0166137
11 0.5763374 0.7164366 0.0268327 0.0166137
30 0.6458585 0.7164366 0.0268327 0.0166137
14 0.3726531 0.6566272 0.0268327 0.0166138
27 0.4409545 0.5370084 0.0268327 0.0166137
9 0.7141598 0.4771991 0.0268327 0.0166137
31 0.5092558 0.5968178 0.0268327 0.0166137
1 0.7824611 0.7164366 0.0268326 0.0166137
24 0.4409545 0.4173897 0.0268327 0.0166137
21 0.7824611 0.6566272 0.0268326 0.0166138
20 0.5763374 0.6566272 0.0268327 0.0166138
31 0.4409545 0.7164366 0.0268327 0.0166137
20 0.6458585 0.6566272 0.0268327 0.0166138
6 0.4409545 0.6566272 0.0268327 0.0166138
6 0.7141598 0.7164366 0.0268327 0.0166137
19 0.7141598 0.6566272 0.0268327 0.0166138
18 0.5763374 0.4771991 0.0268327 0.0166137
