6 0.7940746 0.6929683 0.0286652 0.0159835
21 0.5022105 0.5778868 0.0286652 0.0159835
32 0.5771309 0.5251412 0.5277006 0.4091787
33 0.5758279 0.3482566 0.4781879 0.0149180
13 0.3562785 0.4052646 0.0286652 0.0159835
5 0.5738735 0.4052646 0.0286652 0.0159835
31 0.6481425 0.4052646 0.0286652 0.0159835
12 0.7940746 0.4052646 0.0286652 0.0159835
30 0.4292445 0.4628053 0.0286652 0.0159835
10 0.5022105 0.4628053 0.0286652 0.0159835
9 0.5738735 0.4628053 0.0286652 0.0159835
26 0.7211086 0.4628053 0.0286652 0.0159835
4 0.7940746 0.4628053 0.0286652 0.0159835
17 0.3562785 0.5203461 0.0286652 0.0159835
7 0.4292445 0.5203461 0.0286652 0.0159835
25 0.5022105 0.5203461 0.0286652 0.0159835
1 0.5738735 0.5203461 0.0286652 0.0159835
16 0.7211086 0.5203461 0.0286652 0.0159835
11 0.7940746 0.5203461 0.0286652 0.0159835
23 0.3562785 0.5778868 0.0286652 0.0159835
3 0.5738735 0.5778868 0.0286652 0.0159835
18 0.3562785 0.6354277 0.0286652 0.0159835
29 0.4292445 0.6354277 0.0286652 0.0159835
24 0.5022105 0.6354277 0.0286652 0.0159835
22 0.5738735 0.6354277 0.0286652 0.0159835
20 0.7940746 0.6354277 0.0286652 0.0159835
14 0.3562785 0.6929683 0.0286652 0.0159835
27 0.4292445 0.6929683 0.0286652 0.0159835
34 0.5022105 0.6924356 0.0677542 0.0575408
4 0.5022105 0.6929683 0.0286652 0.0159835
2 0.6481425 0.6929683 0.0286652 0.0159835
7 0.7211086 0.4052646 0.0286652 0.0159835
29 0.7940746 0.5778868 0.0286652 0.0159835
25 0.7211086 0.5778868 0.0286652 0.0159835
2 0.4292445 0.5778868 0.0286652 0.0159835
26 0.6481425 0.6354277 0.0286652 0.0159835
4 0.5738735 0.6929683 0.0286652 0.0159835
26 0.5022105 0.4052646 0.0286652 0.0159835
19 0.7211086 0.6929683 0.0286652 0.0159835
21 0.4292445 0.4052646 0.0286652 0.0159835
10 0.3562785 0.4628053 0.0286652 0.0159835
30 0.7211086 0.6354277 0.0286652 0.0159835
5 0.6481425 0.5203461 0.0286652 0.0159835
6 0.6481425 0.4628053 0.0286652 0.0159835
13 0.6481425 0.5778868 0.0286652 0.0159835
