24 0.1864747 0.5672026 0.0283580 0.0171583
15 0.1864747 0.6289724 0.0283580 0.0171583
32 0.4049606 0.5105803 0.5220457 0.4392520
33 0.4036716 0.3206953 0.4730637 0.0160144
11 0.2586588 0.3818932 0.0283580 0.0171583
27 0.3308430 0.3818932 0.0283580 0.0171583
5 0.4017381 0.3818932 0.0283580 0.0171583
17 0.5473952 0.3818932 0.0283580 0.0171583
15 0.6195794 0.3818932 0.0283580 0.0171583
7 0.1864747 0.4436630 0.0283580 0.0171583
9 0.3308430 0.4436630 0.0283580 0.0171583
34 0.4017381 0.4430911 0.0670280 0.0617698
13 0.4017381 0.4436630 0.0283580 0.0171583
3 0.6195794 0.4436630 0.0283580 0.0171583
13 0.1864747 0.5054328 0.0283580 0.0171583
29 0.3308430 0.5054328 0.0283580 0.0171583
30 0.4752112 0.5054328 0.0283580 0.0171583
6 0.6195794 0.5054328 0.0283580 0.0171583
31 0.2586588 0.5672026 0.0283580 0.0171583
24 0.3308430 0.5672026 0.0283580 0.0171583
26 0.4017381 0.5672026 0.0283580 0.0171583
4 0.4752112 0.5672026 0.0283580 0.0171583
23 0.6195794 0.5672026 0.0283580 0.0171583
14 0.2586588 0.6289724 0.0283580 0.0171583
19 0.5473952 0.6289724 0.0283580 0.0171583
1 0.6195794 0.6289724 0.0283580 0.0171583
12 0.2586588 0.6907422 0.0283580 0.0171583
25 0.4017381 0.6907422 0.0283580 0.0171583
16 0.4752112 0.6907422 0.0283580 0.0171583
21 0.5473952 0.6907422 0.0283580 0.0171583
20 0.6195794 0.6907422 0.0283580 0.0171583
29 0.1864747 0.6907422 0.0283580 0.0171583
11 0.3308430 0.6289724 0.0283580 0.0171583
22 0.4752112 0.3818932 0.0283580 0.0171583
13 0.4752112 0.4436630 0.0283580 0.0171583
21 0.2586588 0.4436630 0.0283580 0.0171583
3 0.1864747 0.3818932 0.0283580 0.0171583
28 0.4017381 0.5054328 0.0283580 0.0171583
27 0.3308430 0.6907422 0.0283580 0.0171583
22 0.5473952 0.5054328 0.0283580 0.0171583
18 0.4017381 0.6289724 0.0283580 0.0171583
5 0.5473952 0.5672026 0.0283580 0.0171583
11 0.4752112 0.6289724 0.0283580 0.0171583
12 0.2586588 0.5054328 0.0283580 0.0171583
18 0.5473952 0.4436630 0.0283580 0.0171583
