3 0.1109968 0.5886989 0.0261765 0.0166306
29 0.2442590 0.7084391 0.0261765 0.0166306
32 0.3126749 0.5936881 0.4818859 0.4257429
33 0.3114851 0.4096429 0.4366719 0.0155219
10 0.1109968 0.4689587 0.0261765 0.0166306
21 0.1776279 0.4689587 0.0261765 0.0166306
4 0.3775213 0.4689587 0.0261765 0.0166306
12 0.4441525 0.4689587 0.0261765 0.0166306
15 0.2442590 0.5288288 0.0261765 0.0166306
24 0.3097003 0.5288288 0.0261765 0.0166306
29 0.3775213 0.5288288 0.0261765 0.0166306
6 0.4441525 0.5288288 0.0261765 0.0166306
25 0.5107836 0.5288288 0.0261765 0.0166306
1 0.1776279 0.5886989 0.0261765 0.0166306
16 0.2442590 0.5886989 0.0261765 0.0166306
30 0.3097003 0.5886989 0.0261765 0.0166306
14 0.3775213 0.5886989 0.0261765 0.0166306
20 0.4441525 0.5886989 0.0261765 0.0166306
26 0.2442590 0.6485689 0.0261765 0.0166306
34 0.3769264 0.6480146 0.0630616 0.0598701
7 0.3775213 0.6485689 0.0261765 0.0166306
18 0.4441525 0.6485689 0.0261765 0.0166306
31 0.5107836 0.6485689 0.0261765 0.0166306
19 0.1109968 0.7084391 0.0261765 0.0166306
11 0.5107836 0.7084391 0.0261765 0.0166306
5 0.1109968 0.7683092 0.0261765 0.0166306
17 0.1776279 0.7683092 0.0261765 0.0166306
8 0.3097003 0.7683092 0.0261765 0.0166306
7 0.3775213 0.7683092 0.0261765 0.0166306
23 0.4441525 0.7683092 0.0261765 0.0166306
9 0.5107836 0.7683092 0.0261765 0.0166306
9 0.2442590 0.7683092 0.0261765 0.0166306
22 0.1776279 0.6485689 0.0261765 0.0166306
28 0.5107836 0.5886989 0.0261765 0.0166306
7 0.5107836 0.4689587 0.0261765 0.0166306
13 0.1776279 0.5288288 0.0261765 0.0166306
20 0.3097003 0.4689587 0.0261765 0.0166306
29 0.3097003 0.7084391 0.0261765 0.0166306
7 0.1109968 0.5288288 0.0261765 0.0166306
17 0.3775213 0.7084391 0.0261765 0.0166306
21 0.3097003 0.6485689 0.0261765 0.0166306
1 0.1109968 0.6485689 0.0261765 0.0166306
12 0.2442590 0.4689587 0.0261765 0.0166306
16 0.1776279 0.7084391 0.0261765 0.0166306
14 0.4441525 0.7084391 0.0261765 0.0166306
