4 0.6503400 0.4552236 0.0277884 0.0172325
21 0.2966695 0.3311495 0.0277884 0.0172325
32 0.5107664 0.3983563 0.5115589 0.4411523
33 0.5095033 0.2076498 0.4635608 0.0160836
7 0.4381377 0.2691125 0.0277884 0.0172325
12 0.6503400 0.2691125 0.0277884 0.0172325
30 0.7210741 0.2691125 0.0277883 0.0172325
1 0.4381377 0.3311495 0.0277884 0.0172325
24 0.5076086 0.3311495 0.0277884 0.0172325
18 0.6503400 0.3311495 0.0277884 0.0172325
11 0.7210741 0.3311495 0.0277883 0.0172325
17 0.2966695 0.3931866 0.0277884 0.0172325
15 0.3674036 0.3931866 0.0277884 0.0172325
16 0.4381377 0.3931866 0.0277884 0.0172325
21 0.5076086 0.3931866 0.0277884 0.0172325
26 0.6503400 0.3931866 0.0277884 0.0172325
23 0.2966695 0.4552236 0.0277884 0.0172325
9 0.3674036 0.4552236 0.0277884 0.0172325
8 0.4381377 0.4552236 0.0277884 0.0172325
34 0.5076086 0.4546492 0.0656816 0.0620371
13 0.5076086 0.4552236 0.0277884 0.0172325
22 0.7210741 0.4552236 0.0277883 0.0172325
31 0.2966695 0.5172607 0.0277884 0.0172325
2 0.3674036 0.5172607 0.0277884 0.0172325
5 0.5076086 0.5172607 0.0277884 0.0172325
13 0.5796059 0.5172607 0.0277884 0.0172325
29 0.6503400 0.5172607 0.0277884 0.0172325
3 0.2966695 0.5792977 0.0277884 0.0172325
19 0.3674036 0.5792977 0.0277884 0.0172325
27 0.5796059 0.5792977 0.0277884 0.0172325
4 0.7210741 0.5792977 0.0277883 0.0172325
19 0.4381377 0.5792977 0.0277884 0.0172325
26 0.7210741 0.5172607 0.0277883 0.0172325
1 0.5796059 0.3311495 0.0277884 0.0172325
29 0.5076086 0.2691125 0.0277884 0.0172325
6 0.5796059 0.4552236 0.0277884 0.0172325
11 0.5796059 0.3931866 0.0277884 0.0172325
26 0.4381377 0.5172607 0.0277884 0.0172325
29 0.7210741 0.3931866 0.0277883 0.0172325
22 0.5796059 0.2691125 0.0277884 0.0172325
31 0.3674036 0.3311495 0.0277884 0.0172325
28 0.3674036 0.2691125 0.0277884 0.0172325
7 0.5076086 0.5792977 0.0277884 0.0172325
9 0.2966695 0.2691125 0.0277884 0.0172325
15 0.6503400 0.5792977 0.0277884 0.0172325
