16 0.2898348 0.3457118 0.0278080 0.0164888
18 0.5034506 0.3457118 0.0278080 0.0164888
32 0.2929948 0.4693776 0.5119196 0.4221126
33 0.2917308 0.2869019 0.4638876 0.0153895
12 0.1495309 0.3457118 0.0278080 0.0164888
1 0.2203149 0.3457118 0.0278080 0.0164888
31 0.3618827 0.3457118 0.0278080 0.0164888
9 0.4326667 0.3457118 0.0278080 0.0164888
26 0.0787470 0.4050714 0.0278080 0.0164888
5 0.2898348 0.4050714 0.0278080 0.0164888
29 0.4326667 0.4050714 0.0278080 0.0164888
19 0.0787470 0.4644310 0.0278080 0.0164887
10 0.1495309 0.4644310 0.0278080 0.0164887
11 0.2203149 0.4644310 0.0278080 0.0164887
8 0.2898348 0.4644310 0.0278080 0.0164887
22 0.4326667 0.4644310 0.0278080 0.0164887
20 0.0787470 0.5237906 0.0278080 0.0164888
6 0.1495309 0.5237906 0.0278080 0.0164888
7 0.2203149 0.5237906 0.0278080 0.0164888
24 0.2898348 0.5237906 0.0278080 0.0164888
18 0.3618827 0.5237906 0.0278080 0.0164888
27 0.4326667 0.5237906 0.0278080 0.0164888
17 0.5034506 0.5237906 0.0278080 0.0164888
23 0.0787470 0.5831502 0.0278080 0.0164888
21 0.1495309 0.5831502 0.0278080 0.0164888
14 0.2898348 0.5831502 0.0278080 0.0164888
34 0.4320347 0.5826006 0.0644640 0.0593595
23 0.4326667 0.5831502 0.0278080 0.0164888
15 0.0787470 0.6425098 0.0278080 0.0164888
2 0.1495309 0.6425098 0.0278080 0.0164888
30 0.2203149 0.6425098 0.0278080 0.0164888
25 0.0787470 0.3457118 0.0278080 0.0164888
5 0.2898348 0.6425098 0.0278080 0.0164888
28 0.5034506 0.4644310 0.0278080 0.0164887
6 0.3618827 0.4050714 0.0278080 0.0164888
4 0.5034506 0.6425098 0.0278080 0.0164888
31 0.2203149 0.4050714 0.0278080 0.0164888
11 0.3618827 0.6425098 0.0278080 0.0164888
31 0.2203149 0.5831502 0.0278080 0.0164888
25 0.5034506 0.4050714 0.0278080 0.0164888
11 0.5034506 0.5831502 0.0278080 0.0164888
17 0.1495309 0.4050714 0.0278080 0.0164888
31 0.4326667 0.6425098 0.0278080 0.0164888
21 0.3618827 0.5831502 0.0278080 0.0164888
1 0.3618827 0.4644310 0.0278080 0.0164887
