5 0.4188717 0.6181251 0.0264806 0.0162849
15 0.7558981 0.7940017 0.0264806 0.0162849
32 0.5554878 0.6230106 0.4874847 0.4168928
33 0.5542841 0.4427913 0.4417453 0.0151992
25 0.3514664 0.5008740 0.0264806 0.0162849
23 0.4188717 0.5008740 0.0264806 0.0162849
14 0.4862770 0.5008740 0.0264807 0.0162849
16 0.6210875 0.5008740 0.0264806 0.0162849
21 0.6884929 0.5008740 0.0264806 0.0162849
18 0.4188717 0.5594995 0.0264806 0.0162849
13 0.4862770 0.5594995 0.0264807 0.0162849
7 0.6210875 0.5594995 0.0264806 0.0162849
11 0.6884929 0.5594995 0.0264806 0.0162849
31 0.4862770 0.6181251 0.0264807 0.0162849
3 0.5524786 0.6181251 0.0264806 0.0162849
30 0.6884929 0.6181251 0.0264806 0.0162849
5 0.4188717 0.6767507 0.0264806 0.0162849
8 0.4862770 0.6767507 0.0264807 0.0162849
24 0.5524786 0.6767507 0.0264806 0.0162849
27 0.6210875 0.6767507 0.0264806 0.0162849
19 0.6884929 0.6767507 0.0264806 0.0162849
15 0.7558981 0.6767507 0.0264806 0.0162849
9 0.3514664 0.7353762 0.0264806 0.0162849
6 0.5524786 0.7353762 0.0264806 0.0162849
29 0.6884929 0.7353762 0.0264806 0.0162849
34 0.3514664 0.7934589 0.0625906 0.0586255
22 0.3514664 0.7940017 0.0264806 0.0162849
4 0.4188717 0.7940017 0.0264806 0.0162849
26 0.4862770 0.7940017 0.0264807 0.0162849
2 0.5524786 0.7940017 0.0264806 0.0162849
22 0.6210875 0.7940017 0.0264806 0.0162849
17 0.3514664 0.6181251 0.0264806 0.0162849
15 0.4188717 0.7353762 0.0264806 0.0162849
18 0.5524786 0.5594995 0.0264806 0.0162849
20 0.6884929 0.7940017 0.0264806 0.0162849
13 0.6210875 0.7353762 0.0264806 0.0162849
19 0.7558981 0.5008740 0.0264806 0.0162849
30 0.3514664 0.5594995 0.0264806 0.0162849
27 0.3514664 0.6767507 0.0264806 0.0162849
24 0.5524786 0.5008740 0.0264806 0.0162849
17 0.7558981 0.7353762 0.0264806 0.0162849
20 0.4862770 0.7353762 0.0264807 0.0162849
11 0.7558981 0.6181251 0.0264806 0.0162849
18 0.6210875 0.6181251 0.0264806 0.0162849
12 0.7558981 0.5594995 0.0264806 0.0162849
