15 0.3375890 0.5082430 0.0269824 0.0168070
20 0.6123185 0.6292533 0.0269823 0.0168070
32 0.4767934 0.5132851 0.4967206 0.4302593
33 0.4755670 0.3272876 0.4501147 0.0156865
1 0.3375890 0.3872325 0.0269824 0.0168070
22 0.4737273 0.3872325 0.0269823 0.0168070
26 0.5436361 0.3872325 0.0269824 0.0168070
6 0.6123185 0.3872325 0.0269823 0.0168070
18 0.2689067 0.4477378 0.0269824 0.0168070
24 0.3375890 0.4477378 0.0269824 0.0168070
30 0.4062714 0.4477378 0.0269823 0.0168070
15 0.5436361 0.4477378 0.0269824 0.0168070
31 0.6123185 0.4477378 0.0269823 0.0168070
19 0.6810008 0.4477378 0.0269823 0.0168070
29 0.2689067 0.5082430 0.0269824 0.0168070
3 0.4062714 0.5082430 0.0269823 0.0168070
11 0.4737273 0.5082430 0.0269823 0.0168070
34 0.6810008 0.5076827 0.0637765 0.0605052
16 0.6810008 0.5082430 0.0269823 0.0168070
20 0.2689067 0.5687482 0.0269824 0.0168070
27 0.4737273 0.5687482 0.0269823 0.0168070
12 0.5436361 0.5687482 0.0269824 0.0168070
10 0.6123185 0.5687482 0.0269823 0.0168070
21 0.6810008 0.5687482 0.0269823 0.0168070
2 0.3375890 0.6292533 0.0269824 0.0168070
16 0.4062714 0.6292533 0.0269823 0.0168070
5 0.5436361 0.6292533 0.0269824 0.0168070
13 0.3375890 0.6897586 0.0269824 0.0168070
23 0.4062714 0.6897586 0.0269823 0.0168070
25 0.4737273 0.6897586 0.0269823 0.0168070
14 0.6123185 0.6897586 0.0269823 0.0168070
21 0.2689067 0.3872325 0.0269824 0.0168070
30 0.6810008 0.6897586 0.0269823 0.0168070
9 0.5436361 0.5082430 0.0269824 0.0168070
21 0.5436361 0.6897586 0.0269824 0.0168070
19 0.2689067 0.6897586 0.0269824 0.0168070
13 0.3375890 0.5687482 0.0269824 0.0168070
19 0.4062714 0.5687482 0.0269823 0.0168070
13 0.2689067 0.6292533 0.0269824 0.0168070
24 0.6810008 0.6292533 0.0269823 0.0168070
1 0.4062714 0.3872325 0.0269823 0.0168070
12 0.6123185 0.5082430 0.0269823 0.0168070
6 0.6810008 0.3872325 0.0269823 0.0168070
31 0.4737273 0.4477378 0.0269823 0.0168070
22 0.4737273 0.6292533 0.0269823 0.0168070
