14 0.2312418 0.6362292 0.0286942 0.0171012
8 0.6694803 0.4515364 0.0286942 0.0171012
32 0.4523175 0.5182310 0.5282339 0.4377905
33 0.4510132 0.3289778 0.4786712 0.0159611
26 0.2312418 0.3899721 0.0286942 0.0171012
5 0.3042816 0.3899721 0.0286942 0.0171012
16 0.3773213 0.3899721 0.0286942 0.0171012
8 0.4490568 0.3899721 0.0286942 0.0171012
4 0.5234008 0.3899721 0.0286942 0.0171012
6 0.5964406 0.3899721 0.0286942 0.0171012
34 0.2312418 0.4509663 0.0678226 0.0615643
21 0.2312418 0.4515364 0.0286942 0.0171012
29 0.3042816 0.4515364 0.0286942 0.0171012
19 0.5234008 0.4515364 0.0286942 0.0171012
13 0.5964406 0.4515364 0.0286942 0.0171012
15 0.2312418 0.5131007 0.0286942 0.0171012
31 0.3042816 0.5131007 0.0286942 0.0171012
27 0.4490568 0.5131007 0.0286942 0.0171012
11 0.5234008 0.5131007 0.0286942 0.0171012
9 0.5964406 0.5131007 0.0286942 0.0171012
20 0.2312418 0.5746650 0.0286942 0.0171012
12 0.5964406 0.5746650 0.0286942 0.0171012
3 0.6694803 0.5746650 0.0286942 0.0171012
18 0.3773213 0.6362292 0.0286942 0.0171012
21 0.4490568 0.6362292 0.0286942 0.0171012
24 0.5234008 0.6362292 0.0286942 0.0171012
1 0.5964406 0.6362292 0.0286942 0.0171012
30 0.6694803 0.6362292 0.0286942 0.0171012
2 0.3773213 0.6977935 0.0286942 0.0171012
7 0.5964406 0.6977935 0.0286942 0.0171012
14 0.6694803 0.6977935 0.0286942 0.0171012
17 0.6694803 0.3899721 0.0286942 0.0171012
5 0.3773213 0.5746650 0.0286942 0.0171012
7 0.3042816 0.6362292 0.0286942 0.0171012
15 0.5234008 0.5746650 0.0286942 0.0171012
7 0.4490568 0.6977935 0.0286942 0.0171012
31 0.3042816 0.5746650 0.0286942 0.0171012
13 0.4490568 0.4515364 0.0286942 0.0171012
11 0.3773213 0.4515364 0.0286942 0.0171012
18 0.3042816 0.6977935 0.0286942 0.0171012
8 0.2312418 0.6977935 0.0286942 0.0171012
8 0.3773213 0.5131007 0.0286942 0.0171012
16 0.6694803 0.5131007 0.0286942 0.0171012
15 0.5234008 0.6977935 0.0286942 0.0171012
29 0.4490568 0.5746650 0.0286942 0.0171012
