5 0.4392004 0.3790279 0.0273302 0.0166892
19 0.5795782 0.3189468 0.0273302 0.0166892
32 0.4423061 0.4441158 0.5031241 0.4272434
33 0.4410637 0.2594220 0.4559173 0.0155766
13 0.2317393 0.3189468 0.0273302 0.0166892
20 0.3708749 0.3189468 0.0273302 0.0166892
34 0.5093892 0.3183905 0.0658409 0.0600811
11 0.5100104 0.3189468 0.0273302 0.0166892
12 0.2317393 0.3790279 0.0273302 0.0166892
17 0.3013071 0.3790279 0.0273302 0.0166892
23 0.3708749 0.3790279 0.0273302 0.0166892
16 0.5100104 0.3790279 0.0273302 0.0166892
8 0.2317393 0.4391090 0.0273302 0.0166892
29 0.3708749 0.4391090 0.0273302 0.0166892
3 0.4392004 0.4391090 0.0273302 0.0166892
2 0.5100104 0.4391090 0.0273302 0.0166892
19 0.2317393 0.4991901 0.0273302 0.0166892
27 0.3708749 0.4991901 0.0273302 0.0166892
18 0.4392004 0.4991901 0.0273302 0.0166892
4 0.5100104 0.4991901 0.0273302 0.0166892
11 0.5795782 0.4991901 0.0273302 0.0166892
5 0.6491459 0.4991901 0.0273302 0.0166892
1 0.2317393 0.5592712 0.0273302 0.0166892
25 0.3708749 0.5592712 0.0273302 0.0166892
21 0.4392004 0.5592712 0.0273302 0.0166892
22 0.5795782 0.5592712 0.0273302 0.0166892
31 0.6491459 0.5592712 0.0273302 0.0166892
30 0.3013071 0.6193523 0.0273302 0.0166892
7 0.3708749 0.6193523 0.0273302 0.0166892
14 0.4392004 0.6193523 0.0273302 0.0166892
26 0.6491459 0.6193523 0.0273302 0.0166892
28 0.5795782 0.6193523 0.0273302 0.0166892
14 0.3013071 0.5592712 0.0273302 0.0166892
10 0.3013071 0.4391090 0.0273302 0.0166892
18 0.4392004 0.3189468 0.0273302 0.0166892
3 0.5795782 0.3790279 0.0273302 0.0166892
9 0.3013071 0.4991901 0.0273302 0.0166892
8 0.2317393 0.6193523 0.0273302 0.0166892
2 0.5100104 0.5592712 0.0273302 0.0166892
6 0.6491459 0.3189468 0.0273302 0.0166892
20 0.6491459 0.3790279 0.0273302 0.0166892
15 0.6491459 0.4391090 0.0273302 0.0166892
20 0.5100104 0.6193523 0.0273302 0.0166892
22 0.3013071 0.3189468 0.0273302 0.0166892
28 0.5795782 0.4391090 0.0273302 0.0166892
