15 0.6475100 0.5038884 0.0281175 0.0160199
4 0.5043661 0.3308739 0.0281176 0.0160199
32 0.5778551 0.3356798 0.5176186 0.4101087
33 0.5765771 0.1583932 0.4690519 0.0149519
15 0.4327942 0.2155308 0.0281176 0.0160199
23 0.5043661 0.2155308 0.0281176 0.0160199
26 0.5746600 0.2155308 0.0281176 0.0160199
16 0.6475100 0.2155308 0.0281175 0.0160199
14 0.7906539 0.2155308 0.0281175 0.0160199
8 0.3612222 0.2732023 0.0281176 0.0160199
31 0.4327942 0.2732023 0.0281176 0.0160199
30 0.5043661 0.2732023 0.0281176 0.0160199
11 0.5746600 0.2732023 0.0281176 0.0160199
25 0.6475100 0.2732023 0.0281175 0.0160199
5 0.7906539 0.2732023 0.0281175 0.0160199
13 0.6475100 0.3308739 0.0281175 0.0160199
19 0.7190820 0.3308739 0.0281175 0.0160199
18 0.3612222 0.3885454 0.0281176 0.0160199
22 0.5746600 0.3885454 0.0281176 0.0160199
34 0.7184430 0.3880114 0.0651816 0.0576715
3 0.7190820 0.3885454 0.0281175 0.0160199
6 0.3612222 0.4462169 0.0281176 0.0160198
29 0.4327942 0.4462169 0.0281176 0.0160198
24 0.5043661 0.4462169 0.0281176 0.0160198
9 0.5746600 0.4462169 0.0281176 0.0160198
17 0.7906539 0.4462169 0.0281175 0.0160198
21 0.4327942 0.5038884 0.0281176 0.0160199
4 0.5043661 0.5038884 0.0281176 0.0160199
10 0.5746600 0.5038884 0.0281176 0.0160199
3 0.7190820 0.5038884 0.0281175 0.0160199
7 0.7906539 0.5038884 0.0281175 0.0160199
8 0.7190820 0.2732023 0.0281175 0.0160199
24 0.7190820 0.2155308 0.0281175 0.0160199
17 0.7906539 0.3885454 0.0281175 0.0160199
29 0.7190820 0.4462169 0.0281175 0.0160198
22 0.6475100 0.3885454 0.0281175 0.0160199
11 0.3612222 0.5038884 0.0281176 0.0160199
20 0.5746600 0.3308739 0.0281176 0.0160199
17 0.7906539 0.3308739 0.0281175 0.0160199
19 0.4327942 0.3308739 0.0281176 0.0160199
14 0.3612222 0.2155308 0.0281176 0.0160199
13 0.6475100 0.4462169 0.0281175 0.0160198
8 0.3612222 0.3308739 0.0281176 0.0160199
26 0.5043661 0.3885454 0.0281176 0.0160199
7 0.4327942 0.3885454 0.0281176 0.0160199
