11 0.5318786 0.4817689 0.0287407 0.0162939
5 0.1660876 0.5404270 0.0287407 0.0162939
32 0.3875218 0.6039733 0.5290906 0.4171244
33 0.3862154 0.4236539 0.4794475 0.0152077
16 0.1660876 0.4817689 0.0287407 0.0162939
17 0.2392458 0.4817689 0.0287407 0.0162939
22 0.3124040 0.4817689 0.0287407 0.0162939
4 0.3842558 0.4817689 0.0287407 0.0162939
6 0.6050368 0.4817689 0.0287407 0.0162939
3 0.3124040 0.5404270 0.0287407 0.0162939
30 0.4587204 0.5404270 0.0287407 0.0162939
10 0.5318786 0.5404270 0.0287407 0.0162939
15 0.6050368 0.5404270 0.0287407 0.0162939
27 0.1660876 0.5990852 0.0287407 0.0162939
1 0.2392458 0.5990852 0.0287407 0.0162939
31 0.3124040 0.5990852 0.0287407 0.0162939
12 0.3842558 0.5990852 0.0287407 0.0162939
20 0.4587204 0.5990852 0.0287407 0.0162939
34 0.2385926 0.6572001 0.0666262 0.0586580
12 0.2392458 0.6577433 0.0287407 0.0162938
24 0.3124040 0.6577433 0.0287407 0.0162938
14 0.4587204 0.6577433 0.0287407 0.0162938
2 0.3124040 0.7164014 0.0287407 0.0162939
11 0.3842558 0.7164014 0.0287407 0.0162939
29 0.5318786 0.7164014 0.0287407 0.0162939
21 0.6050368 0.7164014 0.0287407 0.0162939
13 0.1660876 0.7750595 0.0287407 0.0162939
26 0.2392458 0.7750595 0.0287407 0.0162939
25 0.3842558 0.7750595 0.0287407 0.0162939
23 0.4587204 0.7750595 0.0287407 0.0162939
5 0.5318786 0.7750595 0.0287407 0.0162939
4 0.4587204 0.4817689 0.0287407 0.0162939
15 0.6050368 0.5990852 0.0287407 0.0162939
7 0.4587204 0.7164014 0.0287407 0.0162939
15 0.3842558 0.6577433 0.0287407 0.0162938
19 0.1660876 0.7164014 0.0287407 0.0162939
27 0.6050368 0.6577433 0.0287407 0.0162938
21 0.2392458 0.5404270 0.0287407 0.0162939
5 0.3842558 0.5404270 0.0287407 0.0162939
20 0.6050368 0.7750595 0.0287407 0.0162939
18 0.1660876 0.6577433 0.0287407 0.0162938
22 0.2392458 0.7164014 0.0287407 0.0162939
7 0.5318786 0.6577433 0.0287407 0.0162938
28 0.3124040 0.7750595 0.0287407 0.0162939
2 0.5318786 0.5990852 0.0287407 0.0162939
