30 0.7274976 0.7288764 0.0279308 0.0165555
7 0.5142081 0.6096767 0.0279308 0.0165554
32 0.5872089 0.5550435 0.5141800 0.4238211
33 0.5859394 0.3718292 0.4659359 0.0154518
23 0.3720151 0.4308772 0.0279308 0.0165555
1 0.5840350 0.4308772 0.0279308 0.0165555
24 0.6564011 0.4308772 0.0279308 0.0165555
10 0.7985941 0.4308772 0.0279308 0.0165555
30 0.4431116 0.4904770 0.0279308 0.0165555
2 0.5142081 0.4904770 0.0279308 0.0165555
7 0.5840350 0.4904770 0.0279308 0.0165555
16 0.6564011 0.4904770 0.0279308 0.0165555
5 0.7274976 0.4904770 0.0279308 0.0165555
4 0.7985941 0.4904770 0.0279308 0.0165555
26 0.3720151 0.5500769 0.0279308 0.0165555
9 0.4431116 0.5500769 0.0279308 0.0165555
17 0.5142081 0.5500769 0.0279308 0.0165555
13 0.3720151 0.6096767 0.0279308 0.0165554
12 0.7274976 0.6096767 0.0279308 0.0165554
25 0.7985941 0.6096767 0.0279308 0.0165554
20 0.3720151 0.6692765 0.0279308 0.0165555
22 0.4431116 0.6692765 0.0279308 0.0165555
21 0.5142081 0.6692765 0.0279308 0.0165555
29 0.5840350 0.6692765 0.0279308 0.0165555
27 0.6564011 0.6692765 0.0279308 0.0165555
34 0.7268628 0.6687247 0.0647485 0.0595999
1 0.7274976 0.6692765 0.0279308 0.0165555
6 0.7985941 0.6692765 0.0279308 0.0165555
14 0.3720151 0.7288764 0.0279308 0.0165555
18 0.5840350 0.7288764 0.0279308 0.0165555
3 0.6564011 0.7288764 0.0279308 0.0165555
30 0.5840350 0.6096767 0.0279308 0.0165554
28 0.5840350 0.5500769 0.0279308 0.0165555
19 0.7985941 0.7288764 0.0279308 0.0165555
26 0.7274976 0.4308772 0.0279308 0.0165555
18 0.5142081 0.7288764 0.0279308 0.0165555
22 0.5142081 0.4308772 0.0279308 0.0165555
15 0.4431116 0.4308772 0.0279308 0.0165555
6 0.7274976 0.5500769 0.0279308 0.0165555
14 0.3720151 0.4904770 0.0279308 0.0165555
28 0.7985941 0.5500769 0.0279308 0.0165555
24 0.4431116 0.6096767 0.0279308 0.0165554
20 0.6564011 0.6096767 0.0279308 0.0165554
29 0.6564011 0.5500769 0.0279308 0.0165555
13 0.4431116 0.7288764 0.0279308 0.0165555
