7 0.4554696 0.6507391 0.0269812 0.0165698
4 0.5241491 0.7700414 0.0269813 0.0165698
32 0.5946684 0.5960588 0.4967003 0.4241862
33 0.5934419 0.4126867 0.4500963 0.0154651
30 0.5241491 0.4717855 0.0269813 0.0165698
26 0.5916022 0.4717855 0.0269812 0.0165698
12 0.6615082 0.4717855 0.0269813 0.0165698
31 0.3867900 0.5314367 0.0269813 0.0165698
27 0.4554696 0.5314367 0.0269812 0.0165698
3 0.5241491 0.5314367 0.0269813 0.0165698
11 0.5916022 0.5314367 0.0269812 0.0165698
17 0.6615082 0.5314367 0.0269813 0.0165698
34 0.7295746 0.5308844 0.0625474 0.0596512
4 0.7301878 0.5314367 0.0269813 0.0165698
23 0.7988673 0.5314367 0.0269812 0.0165698
15 0.3867900 0.5910879 0.0269813 0.0165698
2 0.4554696 0.5910879 0.0269812 0.0165698
4 0.5241491 0.5910879 0.0269813 0.0165698
24 0.5916022 0.5910879 0.0269812 0.0165698
5 0.7301878 0.5910879 0.0269813 0.0165698
20 0.5241491 0.6507391 0.0269813 0.0165698
9 0.5916022 0.6507391 0.0269812 0.0165698
8 0.7301878 0.6507391 0.0269813 0.0165698
21 0.3867900 0.7103902 0.0269813 0.0165698
22 0.5916022 0.7103902 0.0269812 0.0165698
6 0.6615082 0.7103902 0.0269813 0.0165698
16 0.7301878 0.7103902 0.0269813 0.0165698
29 0.3867900 0.7700414 0.0269813 0.0165698
19 0.6615082 0.7700414 0.0269813 0.0165698
14 0.7301878 0.7700414 0.0269813 0.0165698
7 0.7988673 0.7700414 0.0269812 0.0165698
2 0.6615082 0.6507391 0.0269813 0.0165698
17 0.7988673 0.4717855 0.0269812 0.0165698
11 0.7988673 0.7103902 0.0269812 0.0165698
19 0.4554696 0.7700414 0.0269812 0.0165698
12 0.5241491 0.7103902 0.0269813 0.0165698
3 0.7301878 0.4717855 0.0269813 0.0165698
3 0.3867900 0.4717855 0.0269813 0.0165698
30 0.4554696 0.7103902 0.0269812 0.0165698
2 0.3867900 0.6507391 0.0269813 0.0165698
4 0.5916022 0.7700414 0.0269812 0.0165698
18 0.7988673 0.6507391 0.0269812 0.0165698
13 0.6615082 0.5910879 0.0269813 0.0165698
2 0.4554696 0.4717855 0.0269812 0.0165698
4 0.7988673 0.5910879 0.0269812 0.0165698
