24 0.1920876 0.5929631 0.0285461 0.0167378
17 0.4827390 0.4724512 0.0285461 0.0167377
32 0.3393596 0.4774725 0.5255080 0.4284863
33 0.3380621 0.2922415 0.4762011 0.0156219
21 0.1920876 0.3519395 0.0285461 0.0167377
25 0.2647505 0.3519395 0.0285461 0.0167377
18 0.4100761 0.3519395 0.0285461 0.0167377
1 0.4827390 0.3519395 0.0285461 0.0167377
12 0.5554018 0.3519395 0.0285461 0.0167377
22 0.1194248 0.4121954 0.0285461 0.0167377
27 0.2647505 0.4121954 0.0285461 0.0167377
5 0.4827390 0.4121954 0.0285461 0.0167377
10 0.5554018 0.4121954 0.0285461 0.0167377
20 0.1920876 0.4724512 0.0285461 0.0167377
14 0.4100761 0.4724512 0.0285461 0.0167377
26 0.5554018 0.4724512 0.0285461 0.0167377
24 0.1194248 0.5327071 0.0285461 0.0167377
31 0.1920876 0.5327071 0.0285461 0.0167377
15 0.2647505 0.5327071 0.0285461 0.0167377
19 0.3361157 0.5327071 0.0285461 0.0167377
34 0.4094273 0.5321492 0.0687702 0.0602559
28 0.4100761 0.5327071 0.0285461 0.0167377
23 0.4827390 0.5327071 0.0285461 0.0167377
11 0.2647505 0.5929631 0.0285461 0.0167378
6 0.3361157 0.5929631 0.0285461 0.0167378
13 0.4100761 0.5929631 0.0285461 0.0167378
2 0.4827390 0.5929631 0.0285461 0.0167378
8 0.5554018 0.5929631 0.0285461 0.0167378
3 0.1920876 0.6532189 0.0285461 0.0167377
16 0.4827390 0.6532189 0.0285461 0.0167377
4 0.5554018 0.6532189 0.0285461 0.0167377
7 0.1194248 0.6532189 0.0285461 0.0167377
29 0.3361157 0.4121954 0.0285461 0.0167377
16 0.3361157 0.6532189 0.0285461 0.0167377
1 0.1920876 0.4121954 0.0285461 0.0167377
24 0.1194248 0.5929631 0.0285461 0.0167378
25 0.2647505 0.4724512 0.0285461 0.0167377
4 0.1194248 0.3519395 0.0285461 0.0167377
22 0.4100761 0.4121954 0.0285461 0.0167377
18 0.5554018 0.5327071 0.0285461 0.0167377
11 0.3361157 0.3519395 0.0285461 0.0167377
3 0.4100761 0.6532189 0.0285461 0.0167377
2 0.1194248 0.4724512 0.0285461 0.0167377
2 0.2647505 0.6532189 0.0285461 0.0167377
18 0.3361157 0.4724512 0.0285461 0.0167377
