17 0.2110126 0.4811151 0.0265056 0.0162927
20 0.2110126 0.5984224 0.0265056 0.0162927
32 0.3477575 0.4273493 0.4879444 0.4170925
33 0.3465527 0.2470437 0.4421620 0.0152065
6 0.1435437 0.3051542 0.0265056 0.0162927
11 0.2110126 0.3051542 0.0265056 0.0162927
15 0.2784814 0.3051542 0.0265056 0.0162927
26 0.3447455 0.3051542 0.0265056 0.0162927
21 0.4808880 0.3051542 0.0265056 0.0162927
8 0.5483569 0.3051542 0.0265056 0.0162927
9 0.1435437 0.3638078 0.0265056 0.0162927
20 0.2110126 0.3638078 0.0265056 0.0162927
27 0.2784814 0.3638078 0.0265056 0.0162927
19 0.5483569 0.3638078 0.0265056 0.0162927
12 0.1435437 0.4224615 0.0265056 0.0162927
18 0.2110126 0.4224615 0.0265056 0.0162927
23 0.2784814 0.4224615 0.0265056 0.0162927
2 0.4808880 0.4224615 0.0265056 0.0162927
1 0.1435437 0.4811151 0.0265056 0.0162927
30 0.2784814 0.4811151 0.0265056 0.0162927
4 0.3447455 0.4811151 0.0265056 0.0162927
31 0.4808880 0.4811151 0.0265056 0.0162927
5 0.2110126 0.5397687 0.0265056 0.0162927
17 0.2784814 0.5397687 0.0265056 0.0162927
16 0.3447455 0.5397687 0.0265056 0.0162927
29 0.4808880 0.5397687 0.0265056 0.0162927
34 0.1435437 0.5978793 0.0626497 0.0586537
5 0.1435437 0.5984224 0.0265056 0.0162927
24 0.2784814 0.5984224 0.0265056 0.0162927
3 0.3447455 0.5984224 0.0265056 0.0162927
13 0.5483569 0.5984224 0.0265056 0.0162927
11 0.3447455 0.4224615 0.0265056 0.0162927
22 0.4134191 0.5984224 0.0265056 0.0162927
25 0.4134191 0.3638078 0.0265056 0.0162927
2 0.3447455 0.3638078 0.0265056 0.0162927
17 0.5483569 0.4224615 0.0265056 0.0162927
7 0.4808880 0.3638078 0.0265056 0.0162927
6 0.4134191 0.4224615 0.0265056 0.0162927
24 0.4134191 0.3051542 0.0265056 0.0162927
14 0.5483569 0.4811151 0.0265056 0.0162927
19 0.4808880 0.5984224 0.0265056 0.0162927
8 0.4134191 0.5397687 0.0265056 0.0162927
28 0.1435437 0.5397687 0.0265056 0.0162927
17 0.4134191 0.4811151 0.0265056 0.0162927
30 0.5483569 0.5397687 0.0265056 0.0162927
