4 0.5091755 0.3002233 0.0263847 0.0158511
9 0.6446967 0.4714153 0.0263847 0.0158511
32 0.5121738 0.4191066 0.4857178 0.4057886
33 0.5109744 0.2436876 0.4401443 0.0147944
7 0.3088919 0.3002233 0.0263847 0.0158511
34 0.3754532 0.2996949 0.0611644 0.0570640
15 0.3760528 0.3002233 0.0263847 0.0158511
18 0.5775358 0.3002233 0.0263847 0.0158511
30 0.6446967 0.3002233 0.0263847 0.0158511
31 0.5091755 0.3572873 0.0263847 0.0158511
26 0.6446967 0.3572873 0.0263847 0.0158511
25 0.7118578 0.3572873 0.0263847 0.0158511
24 0.3088919 0.4143513 0.0263847 0.0158511
14 0.3760528 0.4143513 0.0263847 0.0158511
23 0.4432138 0.4143513 0.0263847 0.0158511
11 0.5775358 0.4143513 0.0263847 0.0158511
1 0.6446967 0.4143513 0.0263847 0.0158511
21 0.4432138 0.4714153 0.0263847 0.0158511
6 0.5091755 0.4714153 0.0263847 0.0158511
22 0.5775358 0.4714153 0.0263847 0.0158511
5 0.7118578 0.4714153 0.0263847 0.0158511
20 0.3760528 0.5284793 0.0263847 0.0158511
10 0.4432138 0.5284793 0.0263847 0.0158511
4 0.5091755 0.5284793 0.0263847 0.0158511
19 0.5775358 0.5284793 0.0263847 0.0158511
17 0.6446967 0.5284793 0.0263847 0.0158511
3 0.3760528 0.5855433 0.0263847 0.0158511
9 0.5091755 0.5855433 0.0263847 0.0158511
2 0.5775358 0.5855433 0.0263847 0.0158511
12 0.6446967 0.5855433 0.0263847 0.0158511
13 0.7118578 0.5855433 0.0263847 0.0158511
1 0.7118578 0.3002233 0.0263847 0.0158511
16 0.4432138 0.3572873 0.0263847 0.0158511
26 0.3760528 0.3572873 0.0263847 0.0158511
13 0.3088919 0.4714153 0.0263847 0.0158511
12 0.4432138 0.3002233 0.0263847 0.0158511
27 0.5775358 0.3572873 0.0263847 0.0158511
11 0.4432138 0.5855433 0.0263847 0.0158511
6 0.3760528 0.4714153 0.0263847 0.0158511
3 0.5091755 0.4143513 0.0263847 0.0158511
27 0.7118578 0.4143513 0.0263847 0.0158511
16 0.3088919 0.5855433 0.0263847 0.0158511
14 0.3088919 0.3572873 0.0263847 0.0158511
3 0.3088919 0.5284793 0.0263847 0.0158511
9 0.7118578 0.5284793 0.0263847 0.0158511
