10 0.5314735 0.5504326 0.0285096 0.0170616
18 0.3124683 0.3047459 0.0285096 0.0170616
32 0.3157080 0.4327077 0.5248351 0.4367765
33 0.3144121 0.2438929 0.4755913 0.0159241
20 0.0960548 0.3047459 0.0285096 0.0170616
19 0.1686246 0.3047459 0.0285096 0.0170616
7 0.2411944 0.3047459 0.0285096 0.0170616
11 0.0960548 0.3661676 0.0285096 0.0170616
13 0.1686246 0.3661676 0.0285096 0.0170616
3 0.2411944 0.3661676 0.0285096 0.0170616
10 0.3863339 0.3661676 0.0285096 0.0170616
14 0.5314735 0.3661676 0.0285096 0.0170616
21 0.1686246 0.4275892 0.0285096 0.0170616
18 0.3863339 0.4275892 0.0285096 0.0170616
2 0.4589037 0.4275892 0.0285096 0.0170616
30 0.1686246 0.4890110 0.0285096 0.0170616
31 0.2411944 0.4890110 0.0285096 0.0170616
6 0.3124683 0.4890110 0.0285096 0.0170616
24 0.3863339 0.4890110 0.0285096 0.0170616
4 0.4589037 0.4890110 0.0285096 0.0170616
17 0.5314735 0.4890110 0.0285096 0.0170616
16 0.0960548 0.5504326 0.0285096 0.0170616
12 0.1686246 0.5504326 0.0285096 0.0170616
34 0.2411944 0.5498640 0.0673862 0.0614217
17 0.2411944 0.5504326 0.0285096 0.0170616
27 0.3124683 0.5504326 0.0285096 0.0170616
8 0.4589037 0.5504326 0.0285096 0.0170616
29 0.1686246 0.6118544 0.0285096 0.0170616
9 0.2411944 0.6118544 0.0285096 0.0170616
26 0.3124683 0.6118544 0.0285096 0.0170616
15 0.4589037 0.6118544 0.0285096 0.0170616
20 0.3863339 0.6118544 0.0285096 0.0170616
9 0.0960548 0.6118544 0.0285096 0.0170616
28 0.4589037 0.3047459 0.0285096 0.0170616
18 0.4589037 0.3661676 0.0285096 0.0170616
1 0.0960548 0.4275892 0.0285096 0.0170616
14 0.5314735 0.3047459 0.0285096 0.0170616
7 0.5314735 0.4275892 0.0285096 0.0170616
18 0.3124683 0.3661676 0.0285096 0.0170616
6 0.3124683 0.4275892 0.0285096 0.0170616
31 0.3863339 0.5504326 0.0285096 0.0170616
17 0.0960548 0.4890110 0.0285096 0.0170616
8 0.3863339 0.3047459 0.0285096 0.0170616
2 0.5314735 0.6118544 0.0285096 0.0170616
19 0.2411944 0.4275892 0.0285096 0.0170616
