27 0.5074376 0.6143724 0.0279226 0.0168412
19 0.5772441 0.4931156 0.0279226 0.0168412
32 0.5804171 0.6194246 0.5140294 0.4311349
33 0.5791479 0.4330486 0.4657996 0.0157185
16 0.3652863 0.4931156 0.0279226 0.0168412
21 0.7917403 0.4931156 0.0279225 0.0168412
2 0.4363620 0.5537440 0.0279226 0.0168412
29 0.5074376 0.5537440 0.0279226 0.0168412
15 0.6495889 0.5537440 0.0279226 0.0168412
10 0.7206647 0.5537440 0.0279227 0.0168412
7 0.7917403 0.5537440 0.0279225 0.0168412
1 0.3652863 0.6143724 0.0279226 0.0168412
12 0.4363620 0.6143724 0.0279226 0.0168412
14 0.5772441 0.6143724 0.0279226 0.0168412
26 0.6495889 0.6143724 0.0279226 0.0168412
8 0.7206647 0.6143724 0.0279227 0.0168412
27 0.7917403 0.6143724 0.0279225 0.0168412
3 0.4363620 0.6750006 0.0279226 0.0168412
30 0.5074376 0.6750006 0.0279226 0.0168412
25 0.5772441 0.6750006 0.0279226 0.0168412
4 0.6495889 0.6750006 0.0279226 0.0168412
13 0.7206647 0.6750006 0.0279227 0.0168412
22 0.7917403 0.6750006 0.0279225 0.0168412
18 0.3652863 0.7356290 0.0279226 0.0168412
11 0.7206647 0.7356290 0.0279227 0.0168412
24 0.7917403 0.7356290 0.0279225 0.0168412
34 0.3652863 0.7956960 0.0659988 0.0606284
27 0.3652863 0.7962574 0.0279226 0.0168412
5 0.4363620 0.7962574 0.0279226 0.0168412
6 0.5772441 0.7962574 0.0279226 0.0168412
20 0.7917403 0.7962574 0.0279225 0.0168412
26 0.4363620 0.4931156 0.0279226 0.0168412
25 0.5074376 0.7356290 0.0279226 0.0168412
14 0.7206647 0.7962574 0.0279227 0.0168412
28 0.7206647 0.4931156 0.0279227 0.0168412
18 0.6495889 0.4931156 0.0279226 0.0168412
12 0.5772441 0.7356290 0.0279226 0.0168412
3 0.5772441 0.5537440 0.0279226 0.0168412
15 0.3652863 0.5537440 0.0279226 0.0168412
21 0.6495889 0.7962574 0.0279226 0.0168412
6 0.5074376 0.7962574 0.0279226 0.0168412
14 0.3652863 0.6750006 0.0279226 0.0168412
16 0.5074376 0.4931156 0.0279226 0.0168412
11 0.6495889 0.7356290 0.0279226 0.0168412
3 0.4363620 0.7356290 0.0279226 0.0168412
