22 0.6863428 0.4502257 0.0282863 0.0167611
4 0.6143415 0.3898856 0.0282863 0.0167611
32 0.4722673 0.5155941 0.5207243 0.4290850
33 0.4709816 0.3301042 0.4718662 0.0156438
7 0.4690530 0.3898856 0.0282862 0.0167611
13 0.5423401 0.3898856 0.0282863 0.0167611
6 0.3263360 0.4502257 0.0282862 0.0167611
14 0.4690530 0.4502257 0.0282862 0.0167611
4 0.5423401 0.4502257 0.0282863 0.0167611
9 0.6143415 0.4502257 0.0282863 0.0167611
26 0.2543346 0.5105658 0.0282862 0.0167611
31 0.3983373 0.5105658 0.0282863 0.0167611
10 0.6863428 0.5105658 0.0282863 0.0167611
2 0.2543346 0.5709059 0.0282862 0.0167611
21 0.3263360 0.5709059 0.0282862 0.0167611
8 0.4690530 0.5709059 0.0282862 0.0167611
25 0.6143415 0.5709059 0.0282863 0.0167611
30 0.2543346 0.6312459 0.0282862 0.0167611
17 0.3263360 0.6312459 0.0282862 0.0167611
34 0.4690530 0.6306873 0.0668584 0.0603400
31 0.4690530 0.6312459 0.0282862 0.0167611
19 0.5423401 0.6312459 0.0282863 0.0167611
12 0.6143415 0.6312459 0.0282863 0.0167611
15 0.6863428 0.6312459 0.0282863 0.0167611
18 0.2543346 0.6915861 0.0282862 0.0167611
1 0.3263360 0.6915861 0.0282862 0.0167611
11 0.3983373 0.6915861 0.0282863 0.0167611
5 0.4690530 0.6915861 0.0282862 0.0167611
3 0.5423401 0.6915861 0.0282863 0.0167611
16 0.6143415 0.6915861 0.0282863 0.0167611
24 0.6863428 0.6915861 0.0282863 0.0167611
31 0.5423401 0.5105658 0.0282863 0.0167611
22 0.3983373 0.6312459 0.0282863 0.0167611
30 0.6863428 0.3898856 0.0282863 0.0167611
31 0.4690530 0.5105658 0.0282862 0.0167611
10 0.6143415 0.5105658 0.0282863 0.0167611
14 0.5423401 0.5709059 0.0282863 0.0167611
8 0.2543346 0.3898856 0.0282862 0.0167611
16 0.6863428 0.5709059 0.0282863 0.0167611
19 0.2543346 0.4502257 0.0282862 0.0167611
25 0.3983373 0.5709059 0.0282863 0.0167611
21 0.3263360 0.5105658 0.0282862 0.0167611
29 0.3983373 0.4502257 0.0282863 0.0167611
14 0.3983373 0.3898856 0.0282863 0.0167611
14 0.3263360 0.3898856 0.0282862 0.0167611
