10 0.3539269 0.5330084 0.0263477 0.0159988
16 0.2197930 0.4178171 0.0263477 0.0159988
32 0.2886564 0.5378080 0.4850377 0.4095689
33 0.2874587 0.3607548 0.4395280 0.0149322
11 0.2856623 0.4178171 0.0263477 0.0159988
29 0.4209938 0.4178171 0.0263477 0.0159988
21 0.4880608 0.4178171 0.0263477 0.0159988
12 0.0856591 0.4754127 0.0263477 0.0159988
20 0.1527260 0.4754127 0.0263477 0.0159988
26 0.3539269 0.4754127 0.0263477 0.0159988
25 0.4209938 0.4754127 0.0263477 0.0159988
22 0.4880608 0.4754127 0.0263477 0.0159988
10 0.4209938 0.5330084 0.0263477 0.0159988
6 0.4880608 0.5330084 0.0263477 0.0159988
17 0.0856591 0.5906040 0.0263477 0.0159988
34 0.1521272 0.5900707 0.0610788 0.0575956
29 0.1527260 0.5906040 0.0263477 0.0159988
5 0.2856623 0.5906040 0.0263477 0.0159988
30 0.3539269 0.5906040 0.0263477 0.0159988
9 0.4209938 0.5906040 0.0263477 0.0159988
8 0.4880608 0.5906040 0.0263477 0.0159988
31 0.0856591 0.6481996 0.0263477 0.0159988
23 0.1527260 0.6481996 0.0263477 0.0159988
14 0.2197930 0.6481996 0.0263477 0.0159988
15 0.2856623 0.6481996 0.0263477 0.0159988
7 0.3539269 0.6481996 0.0263477 0.0159988
4 0.4209938 0.6481996 0.0263477 0.0159988
16 0.0856591 0.7057952 0.0263477 0.0159988
19 0.1527260 0.7057952 0.0263477 0.0159988
3 0.2856623 0.7057952 0.0263477 0.0159988
18 0.3539269 0.7057952 0.0263477 0.0159988
2 0.2856623 0.5330084 0.0263477 0.0159988
4 0.1527260 0.5330084 0.0263477 0.0159988
1 0.2856623 0.4754127 0.0263477 0.0159988
22 0.0856591 0.4178171 0.0263477 0.0159988
1 0.4209938 0.7057952 0.0263477 0.0159988
24 0.4880608 0.7057952 0.0263477 0.0159988
29 0.1527260 0.4178171 0.0263477 0.0159988
14 0.2197930 0.4754127 0.0263477 0.0159988
29 0.3539269 0.4178171 0.0263477 0.0159988
6 0.4880608 0.6481996 0.0263477 0.0159988
16 0.2197930 0.5330084 0.0263477 0.0159988
26 0.0856591 0.5330084 0.0263477 0.0159988
2 0.2197930 0.7057952 0.0263477 0.0159988
3 0.2197930 0.5906040 0.0263477 0.0159988
