5 0.3957893 0.4575614 0.0264364 0.0162851
20 0.3957893 0.3989348 0.0264364 0.0162852
32 0.5994702 0.4038203 0.4866711 0.4169005
33 0.5982685 0.2235977 0.4410081 0.0151995
9 0.6649605 0.2816815 0.0264364 0.0162852
31 0.7322533 0.2816815 0.0264365 0.0162852
10 0.3957893 0.3403081 0.0264364 0.0162852
6 0.5303749 0.3403081 0.0264365 0.0162852
3 0.5964661 0.3403081 0.0264365 0.0162852
23 0.6649605 0.3403081 0.0264364 0.0162852
1 0.7995461 0.3403081 0.0264364 0.0162852
8 0.4630822 0.3989348 0.0264365 0.0162852
29 0.5303749 0.3989348 0.0264365 0.0162852
25 0.6649605 0.3989348 0.0264364 0.0162852
30 0.7322533 0.3989348 0.0264365 0.0162852
26 0.4630822 0.4575614 0.0264365 0.0162851
27 0.6649605 0.4575614 0.0264364 0.0162851
17 0.7322533 0.4575614 0.0264365 0.0162851
34 0.7995461 0.4570185 0.0624861 0.0586266
25 0.7995461 0.4575614 0.0264364 0.0162851
21 0.3957893 0.5161880 0.0264364 0.0162851
7 0.4630822 0.5161880 0.0264365 0.0162851
4 0.5303749 0.5161880 0.0264365 0.0162851
24 0.6649605 0.5161880 0.0264364 0.0162851
12 0.7322533 0.5161880 0.0264365 0.0162851
16 0.7995461 0.5161880 0.0264364 0.0162851
13 0.3957893 0.5748146 0.0264364 0.0162852
20 0.4630822 0.5748146 0.0264365 0.0162852
14 0.5303749 0.5748146 0.0264365 0.0162852
19 0.7322533 0.5748146 0.0264365 0.0162852
5 0.7995461 0.5748146 0.0264364 0.0162852
28 0.4630822 0.2816815 0.0264365 0.0162852
4 0.5964661 0.4575614 0.0264365 0.0162851
26 0.5303749 0.4575614 0.0264365 0.0162851
31 0.7995461 0.3989348 0.0264364 0.0162852
20 0.5964661 0.5161880 0.0264365 0.0162851
3 0.4630822 0.3403081 0.0264365 0.0162852
4 0.6649605 0.5748146 0.0264364 0.0162852
20 0.3957893 0.2816815 0.0264364 0.0162852
15 0.7995461 0.2816815 0.0264364 0.0162852
28 0.5964661 0.2816815 0.0264365 0.0162852
7 0.5303749 0.2816815 0.0264365 0.0162852
15 0.5964661 0.3989348 0.0264365 0.0162852
26 0.7322533 0.3403081 0.0264365 0.0162852
4 0.5964661 0.5748146 0.0264365 0.0162852
