31 0.5765762 0.6086023 0.0282840 0.0172671
20 0.4312992 0.6086023 0.0282840 0.0172671
32 0.4345133 0.4272973 0.5206832 0.4420388
33 0.4332277 0.2362076 0.4718290 0.0161160
24 0.2165977 0.2977938 0.0282840 0.0172672
30 0.3605891 0.2977938 0.0282840 0.0172672
5 0.4312992 0.2977938 0.0282840 0.0172672
21 0.5765762 0.2977938 0.0282840 0.0172672
7 0.6485719 0.2977938 0.0282840 0.0172672
2 0.2885934 0.3599555 0.0282840 0.0172672
27 0.3605891 0.3599555 0.0282840 0.0172672
25 0.4312992 0.3599555 0.0282840 0.0172672
1 0.5045805 0.3599555 0.0282840 0.0172672
9 0.5765762 0.3599555 0.0282840 0.0172672
18 0.6485719 0.3599555 0.0282840 0.0172672
22 0.2165977 0.4221172 0.0282840 0.0172671
19 0.3605891 0.4221172 0.0282840 0.0172671
12 0.4312992 0.4221172 0.0282840 0.0172671
23 0.5765762 0.4221172 0.0282840 0.0172671
14 0.2165977 0.4842789 0.0282840 0.0172671
8 0.2885934 0.4842789 0.0282840 0.0172671
11 0.3605891 0.4842789 0.0282840 0.0172671
16 0.4312992 0.4842789 0.0282840 0.0172671
26 0.5765762 0.4842789 0.0282840 0.0172671
29 0.3605891 0.5464406 0.0282840 0.0172672
3 0.4312992 0.5464406 0.0282840 0.0172672
6 0.6485719 0.5464406 0.0282840 0.0172672
20 0.2165977 0.6086023 0.0282840 0.0172671
10 0.5045805 0.6086023 0.0282840 0.0172671
34 0.6485719 0.6080267 0.0668531 0.0621617
16 0.6485719 0.6086023 0.0282840 0.0172671
19 0.5045805 0.5464406 0.0282840 0.0172672
14 0.2885934 0.6086023 0.0282840 0.0172671
17 0.6485719 0.4842789 0.0282840 0.0172671
15 0.2885934 0.5464406 0.0282840 0.0172672
15 0.2165977 0.3599555 0.0282840 0.0172672
8 0.5045805 0.4221172 0.0282840 0.0172671
16 0.2885934 0.4221172 0.0282840 0.0172671
10 0.5045805 0.4842789 0.0282840 0.0172671
28 0.5765762 0.5464406 0.0282840 0.0172672
9 0.6485719 0.4221172 0.0282840 0.0172671
16 0.2165977 0.5464406 0.0282840 0.0172672
26 0.3605891 0.6086023 0.0282840 0.0172671
16 0.2885934 0.2977938 0.0282840 0.0172672
13 0.5045805 0.2977938 0.0282840 0.0172672
