9 0.4315458 0.7287063 0.0277967 0.0161452
7 0.5730567 0.7287063 0.0277968 0.0161452
32 0.5041965 0.5591812 0.5117134 0.4133184
33 0.5029330 0.3805070 0.4637008 0.0150689
34 0.2900350 0.4375536 0.0657015 0.0581229
29 0.2900349 0.4380918 0.0277968 0.0161453
25 0.3607904 0.4380918 0.0277968 0.0161453
26 0.4315458 0.4380918 0.0277967 0.0161453
31 0.5730567 0.4380918 0.0277968 0.0161453
18 0.6438121 0.4380918 0.0277968 0.0161453
19 0.7145676 0.4380918 0.0277968 0.0161453
20 0.2900349 0.4962147 0.0277968 0.0161453
8 0.4315458 0.4962147 0.0277967 0.0161453
4 0.5010378 0.4962147 0.0277968 0.0161453
10 0.5730567 0.4962147 0.0277968 0.0161453
9 0.7145676 0.4962147 0.0277968 0.0161453
17 0.3607904 0.5543376 0.0277968 0.0161452
15 0.4315458 0.5543376 0.0277967 0.0161452
29 0.5010378 0.5543376 0.0277968 0.0161452
13 0.2900349 0.6124605 0.0277968 0.0161452
27 0.4315458 0.6124605 0.0277967 0.0161452
12 0.5730567 0.6124605 0.0277968 0.0161452
22 0.6438121 0.6124605 0.0277968 0.0161452
6 0.7145676 0.6124605 0.0277968 0.0161452
24 0.2900349 0.6705834 0.0277968 0.0161452
7 0.3607904 0.6705834 0.0277968 0.0161452
11 0.4315458 0.6705834 0.0277967 0.0161452
16 0.7145676 0.6705834 0.0277968 0.0161452
5 0.2900349 0.7287063 0.0277968 0.0161452
3 0.5010378 0.7287063 0.0277968 0.0161452
1 0.7145676 0.7287063 0.0277968 0.0161452
29 0.3607904 0.6124605 0.0277968 0.0161452
11 0.5010378 0.6705834 0.0277968 0.0161452
10 0.5730567 0.5543376 0.0277968 0.0161452
7 0.5730567 0.6705834 0.0277968 0.0161452
25 0.2900349 0.5543376 0.0277968 0.0161452
8 0.6438121 0.5543376 0.0277968 0.0161452
27 0.5010378 0.4380918 0.0277968 0.0161453
6 0.6438121 0.6705834 0.0277968 0.0161452
18 0.6438121 0.7287063 0.0277968 0.0161452
6 0.5010378 0.6124605 0.0277968 0.0161452
20 0.6438121 0.4962147 0.0277968 0.0161453
14 0.7145676 0.5543376 0.0277968 0.0161452
18 0.3607904 0.7287063 0.0277968 0.0161452
30 0.3607904 0.4962147 0.0277968 0.0161453
