26 0.5318188 0.4524997 0.0284578 0.0161644
6 0.3132109 0.3943079 0.0284579 0.0161644
32 0.3164448 0.3409654 0.5238829 0.4138084
33 0.3151513 0.1620795 0.4747285 0.0150868
19 0.2420663 0.2197324 0.0284578 0.0161644
17 0.3132109 0.2197324 0.0284579 0.0161644
27 0.3869426 0.2197324 0.0284578 0.0161644
31 0.4593807 0.2197324 0.0284578 0.0161644
29 0.5318188 0.2197324 0.0284578 0.0161644
8 0.2420663 0.2779242 0.0284578 0.0161644
7 0.3132109 0.2779242 0.0284579 0.0161644
26 0.4593807 0.2779242 0.0284578 0.0161644
18 0.5318188 0.2779242 0.0284578 0.0161644
10 0.0971901 0.3361161 0.0284578 0.0161644
14 0.2420663 0.3361161 0.0284578 0.0161644
5 0.3869426 0.3361161 0.0284578 0.0161644
21 0.4593807 0.3361161 0.0284578 0.0161644
12 0.5318188 0.3361161 0.0284578 0.0161644
20 0.3869426 0.3943079 0.0284578 0.0161644
24 0.4593807 0.3943079 0.0284578 0.0161644
6 0.5318188 0.3943079 0.0284578 0.0161644
16 0.3132109 0.4524997 0.0284579 0.0161644
13 0.3869426 0.4524997 0.0284578 0.0161644
34 0.4587340 0.4519609 0.0659705 0.0581918
17 0.4593807 0.4524997 0.0284578 0.0161644
30 0.0971901 0.5106915 0.0284578 0.0161643
25 0.1696282 0.5106915 0.0284578 0.0161643
11 0.3132109 0.5106915 0.0284579 0.0161643
2 0.3869426 0.5106915 0.0284578 0.0161643
15 0.4593807 0.5106915 0.0284578 0.0161643
1 0.5318188 0.5106915 0.0284578 0.0161643
17 0.1696282 0.3361161 0.0284578 0.0161644
20 0.1696282 0.3943079 0.0284578 0.0161644
19 0.2420663 0.4524997 0.0284578 0.0161644
25 0.1696282 0.2197324 0.0284578 0.0161644
12 0.0971901 0.2779242 0.0284578 0.0161644
17 0.0971901 0.3943079 0.0284578 0.0161644
5 0.2420663 0.3943079 0.0284578 0.0161644
2 0.3869426 0.2779242 0.0284578 0.0161644
3 0.3132109 0.3361161 0.0284579 0.0161644
6 0.2420663 0.5106915 0.0284578 0.0161643
27 0.0971901 0.4524997 0.0284578 0.0161644
17 0.1696282 0.4524997 0.0284578 0.0161644
10 0.0971901 0.2197324 0.0284578 0.0161644
28 0.1696282 0.2779242 0.0284578 0.0161644
