10 0.2768967 0.4193731 0.0288025 0.0171884
28 0.4955336 0.4812514 0.0288025 0.0171884
32 0.4988066 0.5482862 0.5302274 0.4400236
33 0.4974974 0.3580677 0.4804776 0.0160425
15 0.3502120 0.4193731 0.0288025 0.0171884
22 0.4955336 0.4193731 0.0288025 0.0171884
11 0.5701582 0.4193731 0.0288025 0.0171884
4 0.7167890 0.4193731 0.0288025 0.0171884
17 0.4235275 0.4812514 0.0288025 0.0171884
1 0.5701582 0.4812514 0.0288025 0.0171884
20 0.6434736 0.4812514 0.0288025 0.0171884
12 0.2768967 0.5431297 0.0288025 0.0171884
26 0.4235275 0.5431297 0.0288025 0.0171884
23 0.5701582 0.5431297 0.0288025 0.0171884
34 0.7167889 0.5425567 0.0680785 0.0618783
8 0.7167890 0.5431297 0.0288025 0.0171884
6 0.3502120 0.6050080 0.0288025 0.0171884
13 0.4235275 0.6050080 0.0288025 0.0171884
9 0.4955336 0.6050080 0.0288025 0.0171884
21 0.5701582 0.6050080 0.0288025 0.0171884
31 0.6434736 0.6050080 0.0288025 0.0171884
14 0.2768967 0.6668863 0.0288025 0.0171884
2 0.3502120 0.6668863 0.0288025 0.0171884
10 0.6434736 0.6668863 0.0288025 0.0171884
7 0.7167890 0.6668863 0.0288025 0.0171884
19 0.2768967 0.7287646 0.0288025 0.0171884
16 0.3502120 0.7287646 0.0288025 0.0171884
5 0.4235275 0.7287646 0.0288025 0.0171884
29 0.4955336 0.7287646 0.0288025 0.0171884
3 0.5701582 0.7287646 0.0288025 0.0171884
18 0.6434736 0.7287646 0.0288025 0.0171884
5 0.6434736 0.4193731 0.0288025 0.0171884
5 0.3502120 0.4812514 0.0288025 0.0171884
11 0.4955336 0.5431297 0.0288025 0.0171884
10 0.7167890 0.6050080 0.0288025 0.0171884
24 0.5701582 0.6668863 0.0288025 0.0171884
30 0.2768967 0.4812514 0.0288025 0.0171884
22 0.4235275 0.6668863 0.0288025 0.0171884
26 0.7167890 0.7287646 0.0288025 0.0171884
15 0.4955336 0.6668863 0.0288025 0.0171884
7 0.6434736 0.5431297 0.0288025 0.0171884
21 0.2768967 0.6050080 0.0288025 0.0171884
10 0.4235275 0.4193731 0.0288025 0.0171884
11 0.7167890 0.4812514 0.0288025 0.0171884
16 0.3502120 0.5431297 0.0288025 0.0171884
