30 0.4060478 0.5787046 0.0267767 0.0173623
8 0.2697301 0.6412092 0.0267767 0.0173623
32 0.3397147 0.5214088 0.4929344 0.4444768
33 0.3384975 0.3292652 0.4466838 0.0162049
8 0.2697301 0.3911910 0.0267767 0.0173624
21 0.3366718 0.3911910 0.0267767 0.0173624
34 0.4054392 0.3906123 0.0645074 0.0625045
19 0.4060478 0.3911910 0.0267767 0.0173624
7 0.4742066 0.3911910 0.0267767 0.0173624
5 0.2015713 0.4536955 0.0267767 0.0173623
1 0.2697301 0.4536955 0.0267767 0.0173623
27 0.3366718 0.4536955 0.0267767 0.0173623
13 0.5423654 0.4536955 0.0267767 0.0173623
30 0.2015713 0.5162001 0.0267767 0.0173623
3 0.2697301 0.5162001 0.0267767 0.0173623
31 0.3366718 0.5162001 0.0267767 0.0173623
26 0.4060478 0.5162001 0.0267767 0.0173623
15 0.5423654 0.5162001 0.0267767 0.0173623
19 0.1334125 0.5787046 0.0267767 0.0173623
22 0.2697301 0.5787046 0.0267767 0.0173623
25 0.4742066 0.5787046 0.0267767 0.0173623
6 0.1334125 0.6412092 0.0267767 0.0173623
24 0.3366718 0.6412092 0.0267767 0.0173623
20 0.4060478 0.6412092 0.0267767 0.0173623
4 0.4742066 0.6412092 0.0267767 0.0173623
9 0.5423654 0.6412092 0.0267767 0.0173623
12 0.1334125 0.7037137 0.0267767 0.0173623
16 0.2015713 0.7037137 0.0267767 0.0173623
10 0.2697301 0.7037137 0.0267767 0.0173623
2 0.3366718 0.7037137 0.0267767 0.0173623
18 0.4742066 0.7037137 0.0267767 0.0173623
11 0.2015713 0.6412092 0.0267767 0.0173623
14 0.4742066 0.5162001 0.0267767 0.0173623
12 0.2015713 0.3911910 0.0267767 0.0173624
22 0.3366718 0.5787046 0.0267767 0.0173623
9 0.4742066 0.4536955 0.0267767 0.0173623
12 0.5423654 0.5787046 0.0267767 0.0173623
7 0.4060478 0.4536955 0.0267767 0.0173623
7 0.4060478 0.7037137 0.0267767 0.0173623
12 0.5423654 0.3911910 0.0267767 0.0173624
16 0.1334125 0.5162001 0.0267767 0.0173623
17 0.2015713 0.5787046 0.0267767 0.0173623
16 0.1334125 0.3911910 0.0267767 0.0173624
22 0.1334125 0.4536955 0.0267767 0.0173623
30 0.5423654 0.7037137 0.0267767 0.0173623
