12 0.5625136 0.5727671 0.0264794 0.0166691
10 0.6311193 0.5127582 0.0264794 0.0166691
32 0.5655227 0.4577500 0.4874616 0.4267302
33 0.5643190 0.2732781 0.4417245 0.0155579
23 0.4289130 0.3327314 0.0264794 0.0166691
15 0.5625136 0.3327314 0.0264794 0.0166691
26 0.6985214 0.3327314 0.0264794 0.0166691
31 0.7659235 0.3327314 0.0264793 0.0166691
7 0.3615109 0.3927403 0.0264794 0.0166691
30 0.4289130 0.3927403 0.0264794 0.0166691
22 0.4963152 0.3927403 0.0264794 0.0166691
24 0.5625136 0.3927403 0.0264794 0.0166691
5 0.3615109 0.4527493 0.0264794 0.0166692
12 0.4289130 0.4527493 0.0264794 0.0166692
34 0.4963151 0.4521936 0.0625877 0.0600090
27 0.4963152 0.4527493 0.0264794 0.0166692
3 0.5625136 0.4527493 0.0264794 0.0166692
13 0.7659235 0.4527493 0.0264793 0.0166692
6 0.5625136 0.5127582 0.0264794 0.0166691
19 0.6985214 0.5127582 0.0264794 0.0166691
9 0.7659235 0.5127582 0.0264793 0.0166691
2 0.3615109 0.5727671 0.0264794 0.0166691
4 0.4289130 0.5727671 0.0264794 0.0166691
1 0.4963152 0.5727671 0.0264794 0.0166691
20 0.6985214 0.5727671 0.0264794 0.0166691
11 0.7659235 0.5727671 0.0264793 0.0166691
14 0.4289130 0.6327760 0.0264794 0.0166692
25 0.4963152 0.6327760 0.0264794 0.0166692
18 0.6985214 0.6327760 0.0264794 0.0166692
29 0.7659235 0.6327760 0.0264793 0.0166692
28 0.4963152 0.5127582 0.0264794 0.0166691
20 0.6985214 0.3927403 0.0264794 0.0166691
29 0.4289130 0.5127582 0.0264794 0.0166691
7 0.6311193 0.3927403 0.0264794 0.0166691
19 0.6311193 0.3327314 0.0264794 0.0166691
24 0.6311193 0.5727671 0.0264794 0.0166691
9 0.3615109 0.3327314 0.0264794 0.0166691
29 0.3615109 0.6327760 0.0264794 0.0166692
28 0.6311193 0.6327760 0.0264794 0.0166692
6 0.4963152 0.3327314 0.0264794 0.0166691
17 0.3615109 0.5127582 0.0264794 0.0166691
6 0.6985214 0.4527493 0.0264794 0.0166692
28 0.6311193 0.4527493 0.0264794 0.0166692
11 0.7659235 0.3927403 0.0264793 0.0166691
19 0.5625136 0.6327760 0.0264794 0.0166692
