22 0.1323685 0.4917944 0.0286079 0.0164575
29 0.3495283 0.3140531 0.0286079 0.0164576
32 0.3527792 0.4374845 0.5266451 0.4213126
33 0.3514788 0.2553546 0.4772314 0.0153603
5 0.2051885 0.3140531 0.0286079 0.0164576
11 0.4964687 0.3140531 0.0286079 0.0164576
31 0.5692888 0.3140531 0.0286079 0.0164576
19 0.1323685 0.3733002 0.0286079 0.0164576
15 0.2051885 0.3733002 0.0286079 0.0164576
13 0.2780086 0.3733002 0.0286079 0.0164576
3 0.4236487 0.3733002 0.0286079 0.0164576
30 0.5692888 0.3733002 0.0286079 0.0164576
34 0.2780086 0.4319987 0.0676186 0.0592471
7 0.2780086 0.4325473 0.0286079 0.0164575
24 0.4236487 0.4325473 0.0286079 0.0164575
14 0.4964687 0.4325473 0.0286079 0.0164575
22 0.5692888 0.4325473 0.0286079 0.0164575
16 0.2051885 0.4917944 0.0286079 0.0164575
10 0.2780086 0.4917944 0.0286079 0.0164575
21 0.3495283 0.4917944 0.0286079 0.0164575
12 0.4236487 0.4917944 0.0286079 0.0164575
25 0.5692888 0.4917944 0.0286079 0.0164575
23 0.1323685 0.5510415 0.0286079 0.0164575
9 0.4236487 0.5510415 0.0286079 0.0164575
20 0.4964687 0.5510415 0.0286079 0.0164575
18 0.5692888 0.5510415 0.0286079 0.0164575
6 0.1323685 0.6102886 0.0286079 0.0164575
17 0.2780086 0.6102886 0.0286079 0.0164575
27 0.4236487 0.6102886 0.0286079 0.0164575
29 0.4964687 0.6102886 0.0286079 0.0164575
30 0.3495283 0.5510415 0.0286079 0.0164575
3 0.2051885 0.5510415 0.0286079 0.0164575
7 0.5692888 0.6102886 0.0286079 0.0164575
3 0.1323685 0.3140531 0.0286079 0.0164576
21 0.3495283 0.3733002 0.0286079 0.0164576
20 0.2780086 0.3140531 0.0286079 0.0164576
31 0.4964687 0.4917944 0.0286079 0.0164575
12 0.1323685 0.4325473 0.0286079 0.0164575
2 0.4236487 0.3140531 0.0286079 0.0164576
6 0.2051885 0.4325473 0.0286079 0.0164575
4 0.2051885 0.6102886 0.0286079 0.0164575
4 0.4964687 0.3733002 0.0286079 0.0164576
1 0.3495283 0.6102886 0.0286079 0.0164575
11 0.3495283 0.4325473 0.0286079 0.0164575
11 0.2780086 0.5510415 0.0286079 0.0164575
