8 0.5363072 0.4497312 0.0278024 0.0173787
4 0.7498805 0.5748581 0.0278025 0.0173787
32 0.5394666 0.3923814 0.5118178 0.4448956
33 0.5382029 0.2000568 0.4637954 0.0162202
12 0.3252614 0.2620409 0.0278024 0.0173787
25 0.3960313 0.2620409 0.0278025 0.0173787
3 0.4668011 0.2620409 0.0278025 0.0173787
31 0.5363072 0.2620409 0.0278024 0.0173787
6 0.6083408 0.2620409 0.0278025 0.0173787
30 0.6791107 0.2620409 0.0278024 0.0173787
22 0.3252614 0.3246044 0.0278024 0.0173787
2 0.3960313 0.3246044 0.0278025 0.0173787
20 0.4668011 0.3246044 0.0278025 0.0173787
27 0.5363072 0.3246044 0.0278024 0.0173787
29 0.6083408 0.3246044 0.0278025 0.0173787
5 0.3960313 0.3871678 0.0278025 0.0173787
34 0.5363072 0.3865885 0.0657149 0.0625634
31 0.5363072 0.3871678 0.0278024 0.0173787
24 0.6083408 0.3871678 0.0278025 0.0173787
15 0.7498805 0.3871678 0.0278025 0.0173787
23 0.3252614 0.4497312 0.0278024 0.0173787
9 0.3960313 0.4497312 0.0278025 0.0173787
7 0.6083408 0.4497312 0.0278025 0.0173787
26 0.6791107 0.4497312 0.0278024 0.0173787
1 0.7498805 0.4497312 0.0278025 0.0173787
21 0.3252614 0.5122947 0.0278024 0.0173787
11 0.5363072 0.5122947 0.0278024 0.0173787
19 0.6083408 0.5122947 0.0278025 0.0173787
13 0.4668011 0.5748581 0.0278025 0.0173787
8 0.6791107 0.5748581 0.0278024 0.0173787
30 0.6791107 0.3246044 0.0278024 0.0173787
29 0.7498805 0.3246044 0.0278025 0.0173787
7 0.5363072 0.5748581 0.0278024 0.0173787
11 0.7498805 0.5122947 0.0278025 0.0173787
17 0.6791107 0.5122947 0.0278024 0.0173787
27 0.3252614 0.5748581 0.0278024 0.0173787
14 0.4668011 0.4497312 0.0278025 0.0173787
20 0.4668011 0.3871678 0.0278025 0.0173787
6 0.4668011 0.5122947 0.0278025 0.0173787
2 0.7498805 0.2620409 0.0278025 0.0173787
13 0.3960313 0.5748581 0.0278025 0.0173787
27 0.6791107 0.3871678 0.0278024 0.0173787
17 0.6083408 0.5748581 0.0278025 0.0173787
9 0.3960313 0.5122947 0.0278025 0.0173787
13 0.3252614 0.3871678 0.0278024 0.0173787
