4 0.5900190 0.4935342 0.0274142 0.0158438
17 0.5900190 0.4364964 0.0274142 0.0158438
32 0.3825433 0.4982873 0.5046706 0.4056021
33 0.3812971 0.3229489 0.4573188 0.0147876
34 0.1713293 0.3789305 0.0647972 0.0570378
18 0.1713293 0.3794586 0.0274142 0.0158438
27 0.2411109 0.3794586 0.0274142 0.0158438
2 0.3108925 0.3794586 0.0274142 0.0158438
25 0.3794280 0.3794586 0.0274142 0.0158438
29 0.4504557 0.3794586 0.0274142 0.0158438
16 0.5202374 0.3794586 0.0274142 0.0158438
14 0.5900190 0.3794586 0.0274142 0.0158438
21 0.2411109 0.4364964 0.0274142 0.0158438
31 0.3108925 0.4364964 0.0274142 0.0158438
19 0.4504557 0.4364964 0.0274142 0.0158438
6 0.5202374 0.4364964 0.0274142 0.0158438
4 0.2411109 0.4935342 0.0274142 0.0158438
1 0.4504557 0.4935342 0.0274142 0.0158438
11 0.5202374 0.4935342 0.0274142 0.0158438
10 0.2411109 0.5505719 0.0274142 0.0158438
9 0.3794280 0.5505719 0.0274142 0.0158438
22 0.5900190 0.5505719 0.0274142 0.0158438
24 0.1713293 0.6076097 0.0274142 0.0158438
13 0.2411109 0.6076097 0.0274142 0.0158438
18 0.3108925 0.6076097 0.0274142 0.0158438
3 0.4504557 0.6076097 0.0274142 0.0158438
5 0.5202374 0.6076097 0.0274142 0.0158438
12 0.2411109 0.6646475 0.0274142 0.0158438
23 0.4504557 0.6646475 0.0274142 0.0158438
8 0.5202374 0.6646475 0.0274142 0.0158438
3 0.1713293 0.6646475 0.0274142 0.0158438
22 0.5202374 0.5505719 0.0274142 0.0158438
17 0.3108925 0.4935342 0.0274142 0.0158438
5 0.4504557 0.5505719 0.0274142 0.0158438
5 0.3108925 0.6646475 0.0274142 0.0158438
20 0.1713293 0.5505719 0.0274142 0.0158438
29 0.3794280 0.6076097 0.0274142 0.0158438
30 0.3794280 0.4935342 0.0274142 0.0158438
15 0.5900190 0.6646475 0.0274142 0.0158438
18 0.1713293 0.4935342 0.0274142 0.0158438
29 0.1713293 0.4364964 0.0274142 0.0158438
26 0.5900190 0.6076097 0.0274142 0.0158438
17 0.3794280 0.6646475 0.0274142 0.0158438
28 0.3794280 0.4364964 0.0274142 0.0158438
27 0.3108925 0.5505719 0.0274142 0.0158438
