6 0.3435537 0.6297963 0.0285146 0.0162125
11 0.7790496 0.3963367 0.0285146 0.0162125
32 0.5632458 0.5179302 0.5249280 0.4150391
33 0.5619497 0.3385123 0.4756755 0.0151316
7 0.4161364 0.3963367 0.0285146 0.0162125
17 0.4887190 0.3963367 0.0285146 0.0162125
24 0.6338843 0.3963367 0.0285146 0.0162125
8 0.7064670 0.3963367 0.0285146 0.0162125
19 0.4161364 0.4547016 0.0285146 0.0162125
10 0.4887190 0.4547016 0.0285146 0.0162125
29 0.5600056 0.4547016 0.0285146 0.0162125
1 0.6338843 0.4547016 0.0285146 0.0162125
3 0.7064670 0.4547016 0.0285146 0.0162125
26 0.7790496 0.4547016 0.0285146 0.0162125
15 0.6338843 0.5130665 0.0285146 0.0162125
16 0.7064670 0.5130665 0.0285146 0.0162125
4 0.7790496 0.5130665 0.0285146 0.0162125
31 0.3435537 0.5714313 0.0285146 0.0162125
13 0.4161364 0.5714313 0.0285146 0.0162125
5 0.6338843 0.5714313 0.0285146 0.0162125
12 0.7064670 0.5714313 0.0285146 0.0162125
20 0.7790496 0.5714313 0.0285146 0.0162125
22 0.4161364 0.6297963 0.0285146 0.0162125
11 0.4887190 0.6297963 0.0285146 0.0162125
6 0.5600056 0.6297963 0.0285146 0.0162125
34 0.7058189 0.6292558 0.0661021 0.0583649
5 0.7064670 0.6297963 0.0285146 0.0162125
18 0.7790496 0.6297963 0.0285146 0.0162125
25 0.3435537 0.6881611 0.0285146 0.0162125
2 0.7064670 0.6881611 0.0285146 0.0162125
1 0.3435537 0.3963367 0.0285146 0.0162125
9 0.5600056 0.5714313 0.0285146 0.0162125
1 0.7790496 0.6881611 0.0285146 0.0162125
25 0.3435537 0.5130665 0.0285146 0.0162125
20 0.5600056 0.3963367 0.0285146 0.0162125
22 0.6338843 0.6297963 0.0285146 0.0162125
19 0.5600056 0.5130665 0.0285146 0.0162125
1 0.4161364 0.5130665 0.0285146 0.0162125
30 0.4161364 0.6881611 0.0285146 0.0162125
30 0.4887190 0.6881611 0.0285146 0.0162125
28 0.3435537 0.4547016 0.0285146 0.0162125
14 0.6338843 0.6881611 0.0285146 0.0162125
28 0.4887190 0.5714313 0.0285146 0.0162125
10 0.4887190 0.5130665 0.0285146 0.0162125
15 0.5600056 0.6881611 0.0285146 0.0162125
