9 0.2426562 0.6313121 0.0272613 0.0164669
6 0.5896180 0.6905927 0.0272613 0.0164668
32 0.3832996 0.5176908 0.5018555 0.4215514
33 0.3820605 0.3354576 0.4547678 0.0153691
22 0.1732638 0.3941894 0.0272613 0.0164668
10 0.3120486 0.3941894 0.0272613 0.0164668
21 0.3802018 0.3941894 0.0272613 0.0164668
29 0.4508333 0.3941894 0.0272613 0.0164668
25 0.1732638 0.4534701 0.0272613 0.0164669
8 0.3120486 0.4534701 0.0272613 0.0164669
14 0.3802018 0.4534701 0.0272613 0.0164669
34 0.4502137 0.4529211 0.0656749 0.0592807
29 0.4508333 0.4534701 0.0272613 0.0164669
7 0.5896180 0.4534701 0.0272613 0.0164669
30 0.1732638 0.5127507 0.0272613 0.0164669
12 0.2426562 0.5127507 0.0272613 0.0164669
19 0.3120486 0.5127507 0.0272613 0.0164669
17 0.3802018 0.5127507 0.0272613 0.0164669
18 0.4508333 0.5127507 0.0272613 0.0164669
20 0.5202256 0.5127507 0.0272613 0.0164669
24 0.3802018 0.5720314 0.0272613 0.0164669
2 0.4508333 0.5720314 0.0272613 0.0164669
27 0.5896180 0.5720314 0.0272613 0.0164669
6 0.1732638 0.6313121 0.0272613 0.0164669
4 0.3802018 0.6313121 0.0272613 0.0164669
11 0.4508333 0.6313121 0.0272613 0.0164669
15 0.5202256 0.6313121 0.0272613 0.0164669
9 0.5896180 0.6313121 0.0272613 0.0164669
26 0.3802018 0.6905927 0.0272613 0.0164668
3 0.5202256 0.6905927 0.0272613 0.0164668
20 0.2426562 0.5720314 0.0272613 0.0164669
13 0.3120486 0.5720314 0.0272613 0.0164669
15 0.4508333 0.6905927 0.0272613 0.0164668
22 0.5202256 0.5720314 0.0272613 0.0164669
28 0.5896180 0.5127507 0.0272613 0.0164669
12 0.2426562 0.3941894 0.0272613 0.0164668
24 0.1732638 0.6905927 0.0272613 0.0164668
6 0.2426562 0.6905927 0.0272613 0.0164668
28 0.3120486 0.6905927 0.0272613 0.0164668
6 0.3120486 0.6313121 0.0272613 0.0164669
15 0.5896180 0.3941894 0.0272613 0.0164668
4 0.5202256 0.4534701 0.0272613 0.0164669
12 0.2426562 0.4534701 0.0272613 0.0164669
1 0.5202256 0.3941894 0.0272613 0.0164668
8 0.1732638 0.5720314 0.0272613 0.0164669
