8 0.3853788 0.3493313 0.0288632 0.0163751
16 0.3853788 0.6440831 0.0288632 0.0163751
32 0.3886588 0.4721446 0.5313459 0.4192026
33 0.3873467 0.2909267 0.4814911 0.0152834
2 0.1662807 0.3493313 0.0288632 0.0163751
6 0.3132207 0.3493313 0.0288633 0.0163751
30 0.4601608 0.3493313 0.0288632 0.0163751
7 0.6071009 0.3493313 0.0288632 0.0163751
14 0.1662807 0.4082817 0.0288632 0.0163751
9 0.2397507 0.4082817 0.0288632 0.0163751
18 0.3853788 0.4082817 0.0288632 0.0163751
31 0.4601608 0.4082817 0.0288632 0.0163751
13 0.6071009 0.4082817 0.0288632 0.0163751
1 0.3132207 0.4672320 0.0288633 0.0163751
29 0.3853788 0.4672320 0.0288632 0.0163751
22 0.5336308 0.4672320 0.0288633 0.0163751
34 0.6071009 0.4666862 0.0682222 0.0589503
8 0.6071009 0.4672320 0.0288632 0.0163751
12 0.2397507 0.5261824 0.0288632 0.0163751
5 0.3853788 0.5261824 0.0288632 0.0163751
21 0.5336308 0.5261824 0.0288633 0.0163751
17 0.1662807 0.5851328 0.0288632 0.0163751
11 0.3853788 0.5851328 0.0288632 0.0163751
20 0.5336308 0.5851328 0.0288633 0.0163751
3 0.6071009 0.5851328 0.0288632 0.0163751
24 0.1662807 0.6440831 0.0288632 0.0163751
23 0.2397507 0.6440831 0.0288632 0.0163751
19 0.4601608 0.6440831 0.0288632 0.0163751
4 0.5336308 0.6440831 0.0288633 0.0163751
16 0.6071009 0.6440831 0.0288632 0.0163751
3 0.1662807 0.4672320 0.0288632 0.0163751
30 0.5336308 0.4082817 0.0288633 0.0163751
20 0.2397507 0.5851328 0.0288632 0.0163751
20 0.4601608 0.5261824 0.0288632 0.0163751
20 0.4601608 0.4672320 0.0288632 0.0163751
28 0.4601608 0.5851328 0.0288632 0.0163751
5 0.3132207 0.4082817 0.0288633 0.0163751
20 0.6071009 0.5261824 0.0288632 0.0163751
8 0.3132207 0.5851328 0.0288633 0.0163751
13 0.2397507 0.3493313 0.0288632 0.0163751
30 0.2397507 0.4672320 0.0288632 0.0163751
21 0.5336308 0.3493313 0.0288633 0.0163751
18 0.3132207 0.5261824 0.0288633 0.0163751
27 0.3132207 0.6440831 0.0288633 0.0163751
25 0.1662807 0.5261824 0.0288632 0.0163751
