17 0.1765253 0.6290702 0.0284605 0.0164876
2 0.3925663 0.7477813 0.0284605 0.0164876
32 0.3958005 0.5746610 0.5239318 0.4220838
33 0.3945068 0.3921977 0.4747728 0.0153885
11 0.1765253 0.4510036 0.0284605 0.0164876
16 0.2489702 0.4510036 0.0284605 0.0164876
31 0.3214151 0.4510036 0.0284605 0.0164876
22 0.3925663 0.4510036 0.0284605 0.0164876
15 0.5387498 0.4510036 0.0284605 0.0164876
29 0.6111947 0.4510036 0.0284605 0.0164876
7 0.1765253 0.5103592 0.0284605 0.0164877
24 0.5387498 0.5103592 0.0284605 0.0164877
9 0.6111947 0.5103592 0.0284605 0.0164877
4 0.2489702 0.5697147 0.0284605 0.0164877
10 0.3214151 0.5697147 0.0284605 0.0164877
12 0.3925663 0.5697147 0.0284605 0.0164877
20 0.5387498 0.5697147 0.0284605 0.0164877
19 0.3214151 0.6290702 0.0284605 0.0164876
34 0.3925663 0.6285206 0.0672703 0.0593555
3 0.3925663 0.6290702 0.0284605 0.0164876
3 0.4663049 0.6290702 0.0284605 0.0164876
1 0.5387498 0.6290702 0.0284605 0.0164876
6 0.6111947 0.6290702 0.0284605 0.0164876
23 0.1765253 0.6884258 0.0284605 0.0164878
27 0.3214151 0.6884258 0.0284605 0.0164878
25 0.4663049 0.6884258 0.0284605 0.0164878
26 0.6111947 0.6884258 0.0284605 0.0164878
14 0.3214151 0.7477813 0.0284605 0.0164876
13 0.5387498 0.7477813 0.0284605 0.0164876
5 0.6111947 0.7477813 0.0284605 0.0164876
26 0.1765253 0.5697147 0.0284605 0.0164877
15 0.4663049 0.4510036 0.0284605 0.0164876
19 0.2489702 0.5103592 0.0284605 0.0164877
14 0.2489702 0.6290702 0.0284605 0.0164876
10 0.1765253 0.7477813 0.0284605 0.0164876
7 0.4663049 0.7477813 0.0284605 0.0164876
3 0.3214151 0.5103592 0.0284605 0.0164877
1 0.2489702 0.6884258 0.0284605 0.0164878
21 0.5387498 0.6884258 0.0284605 0.0164878
9 0.3925663 0.5103592 0.0284605 0.0164877
13 0.4663049 0.5697147 0.0284605 0.0164877
7 0.4663049 0.5103592 0.0284605 0.0164877
9 0.2489702 0.7477813 0.0284605 0.0164876
16 0.6111947 0.5697147 0.0284605 0.0164877
4 0.3925663 0.6884258 0.0284605 0.0164878
