2 0.1306166 0.2335896 0.0275566 0.0170924
18 0.4813365 0.4797196 0.0275566 0.0170924
32 0.2727834 0.3617824 0.5072913 0.4375645
33 0.2715309 0.1726269 0.4596936 0.0159529
1 0.4813365 0.2335896 0.0275566 0.0170924
24 0.0604726 0.2951221 0.0275566 0.0170924
16 0.1306166 0.2951221 0.0275566 0.0170924
14 0.2007606 0.2951221 0.0275566 0.0170924
22 0.2696520 0.2951221 0.0275566 0.0170924
5 0.3410486 0.2951221 0.0275566 0.0170924
26 0.4813365 0.2951221 0.0275566 0.0170924
29 0.1306166 0.3566546 0.0275566 0.0170924
20 0.2007606 0.3566546 0.0275566 0.0170924
2 0.3410486 0.3566546 0.0275566 0.0170924
12 0.4111926 0.3566546 0.0275565 0.0170924
18 0.4813365 0.3566546 0.0275566 0.0170924
34 0.2696520 0.4176174 0.0651337 0.0615325
22 0.2696520 0.4181871 0.0275566 0.0170924
31 0.3410486 0.4181871 0.0275566 0.0170924
6 0.4111926 0.4181871 0.0275565 0.0170924
25 0.4813365 0.4181871 0.0275566 0.0170924
7 0.0604726 0.4797196 0.0275566 0.0170924
27 0.1306166 0.4797196 0.0275566 0.0170924
9 0.2007606 0.4797196 0.0275566 0.0170924
30 0.2696520 0.4797196 0.0275566 0.0170924
4 0.3410486 0.4797196 0.0275566 0.0170924
3 0.2007606 0.5412521 0.0275566 0.0170924
19 0.2696520 0.5412521 0.0275566 0.0170924
10 0.3410486 0.5412521 0.0275566 0.0170924
11 0.4813365 0.5412521 0.0275566 0.0170924
25 0.2696520 0.2335896 0.0275566 0.0170924
29 0.2007606 0.4181871 0.0275566 0.0170924
29 0.0604726 0.3566546 0.0275566 0.0170924
9 0.1306166 0.4181871 0.0275566 0.0170924
26 0.2696520 0.3566546 0.0275566 0.0170924
28 0.1306166 0.5412521 0.0275566 0.0170924
15 0.0604726 0.5412521 0.0275566 0.0170924
9 0.0604726 0.2335896 0.0275566 0.0170924
22 0.4111926 0.2951221 0.0275565 0.0170924
15 0.3410486 0.2335896 0.0275566 0.0170924
25 0.4111926 0.5412521 0.0275565 0.0170924
1 0.0604726 0.4181871 0.0275566 0.0170924
30 0.2007606 0.2335896 0.0275566 0.0170924
12 0.4111926 0.4797196 0.0275565 0.0170924
30 0.4111926 0.2335896 0.0275565 0.0170924
