18 0.2946020 0.7186306 0.0282616 0.0164617
2 0.6542951 0.4815824 0.0282616 0.0164617
32 0.5123448 0.5457830 0.5202705 0.4214190
33 0.5110602 0.3636071 0.4714550 0.0153642
1 0.2946020 0.4223204 0.0282616 0.0164617
15 0.3665406 0.4223204 0.0282616 0.0164617
13 0.4384792 0.4223204 0.0282616 0.0164617
4 0.5823565 0.4223204 0.0282616 0.0164617
2 0.7262337 0.4223204 0.0282616 0.0164617
8 0.3665406 0.4815824 0.0282616 0.0164617
23 0.4384792 0.4815824 0.0282616 0.0164617
27 0.5091332 0.4815824 0.0282616 0.0164617
14 0.7262337 0.4815824 0.0282616 0.0164617
17 0.2946020 0.5408445 0.0282616 0.0164617
12 0.5823565 0.5408445 0.0282616 0.0164617
6 0.6542951 0.5408445 0.0282616 0.0164617
22 0.7262337 0.5408445 0.0282616 0.0164617
25 0.2946020 0.6001066 0.0282616 0.0164617
16 0.4384792 0.6001066 0.0282616 0.0164617
30 0.5823565 0.6001066 0.0282616 0.0164617
20 0.6542951 0.6001066 0.0282616 0.0164617
19 0.3665406 0.6593686 0.0282616 0.0164617
24 0.4384792 0.6593686 0.0282616 0.0164617
9 0.5091332 0.6593686 0.0282616 0.0164617
34 0.6536528 0.6588199 0.0655155 0.0592621
13 0.6542951 0.6593686 0.0282616 0.0164617
7 0.3665406 0.7186306 0.0282616 0.0164617
18 0.4384792 0.7186306 0.0282616 0.0164617
10 0.6542951 0.7186306 0.0282616 0.0164617
29 0.7262337 0.7186306 0.0282616 0.0164617
1 0.2946020 0.6593686 0.0282616 0.0164617
11 0.5091332 0.6001066 0.0282616 0.0164617
1 0.4384792 0.5408445 0.0282616 0.0164617
20 0.5823565 0.4815824 0.0282616 0.0164617
6 0.5823565 0.6593686 0.0282616 0.0164617
28 0.5823565 0.7186306 0.0282616 0.0164617
2 0.5091332 0.7186306 0.0282616 0.0164617
14 0.6542951 0.4223204 0.0282616 0.0164617
22 0.7262337 0.6001066 0.0282616 0.0164617
3 0.5091332 0.5408445 0.0282616 0.0164617
11 0.3665406 0.5408445 0.0282616 0.0164617
5 0.3665406 0.6001066 0.0282616 0.0164617
15 0.5091332 0.4223204 0.0282616 0.0164617
25 0.7262337 0.6593686 0.0282616 0.0164617
28 0.2946020 0.4815824 0.0282616 0.0164617
