8 0.6291372 0.7110149 0.0287875 0.0164955
14 0.7037228 0.5922473 0.0287874 0.0164955
32 0.6324085 0.5971960 0.5299501 0.4222851
33 0.6311000 0.4146457 0.4802264 0.0153958
27 0.4106146 0.4734796 0.0287874 0.0164955
19 0.4838917 0.4734796 0.0287874 0.0164955
26 0.6291372 0.4734796 0.0287875 0.0164955
4 0.8502769 0.4734796 0.0287874 0.0164955
25 0.6291372 0.5328635 0.0287875 0.0164955
24 0.7037228 0.5328635 0.0287874 0.0164955
31 0.7769999 0.5328635 0.0287874 0.0164955
3 0.8502769 0.5328635 0.0287874 0.0164955
10 0.4106146 0.5922473 0.0287874 0.0164955
14 0.5571687 0.5922473 0.0287875 0.0164955
8 0.6291372 0.5922473 0.0287875 0.0164955
1 0.7769999 0.5922473 0.0287874 0.0164955
30 0.4838917 0.6516311 0.0287874 0.0164955
16 0.6291372 0.6516311 0.0287875 0.0164955
17 0.4106146 0.7110149 0.0287874 0.0164955
7 0.4838917 0.7110149 0.0287874 0.0164955
21 0.5571687 0.7110149 0.0287875 0.0164955
15 0.7037228 0.7110149 0.0287874 0.0164955
11 0.7769999 0.7110149 0.0287874 0.0164955
5 0.8502769 0.7110149 0.0287874 0.0164955
34 0.4106146 0.7698490 0.0680430 0.0593838
24 0.4106146 0.7703988 0.0287874 0.0164955
20 0.4838917 0.7703988 0.0287874 0.0164955
22 0.7037228 0.7703988 0.0287874 0.0164955
2 0.7769999 0.7703988 0.0287874 0.0164955
12 0.8502769 0.7703988 0.0287874 0.0164955
24 0.7037228 0.4734796 0.0287874 0.0164955
8 0.5571687 0.5328635 0.0287875 0.0164955
10 0.8502769 0.5922473 0.0287874 0.0164955
12 0.5571687 0.6516311 0.0287875 0.0164955
28 0.4838917 0.5922473 0.0287874 0.0164955
20 0.5571687 0.7703988 0.0287875 0.0164955
19 0.7769999 0.6516311 0.0287874 0.0164955
16 0.6291372 0.7703988 0.0287875 0.0164955
6 0.4106146 0.6516311 0.0287874 0.0164955
22 0.8502769 0.6516311 0.0287874 0.0164955
22 0.7037228 0.6516311 0.0287874 0.0164955
3 0.7769999 0.4734796 0.0287874 0.0164955
31 0.5571687 0.4734796 0.0287875 0.0164955
30 0.4838917 0.5328635 0.0287874 0.0164955
1 0.4106146 0.5328635 0.0287874 0.0164955
