17 0.4994168 0.4857384 0.0262775 0.0170942
19 0.4994168 0.7934336 0.0262775 0.0170942
32 0.5680966 0.6139447 0.4837444 0.4376108
33 0.5669022 0.4247692 0.4383561 0.0159546
34 0.3656406 0.4851686 0.0621104 0.0615390
29 0.3656406 0.4857384 0.0262775 0.0170942
27 0.5651105 0.4857384 0.0262775 0.0170942
31 0.6331931 0.4857384 0.0262775 0.0170942
18 0.7000812 0.4857384 0.0262775 0.0170942
12 0.7669693 0.4857384 0.0262775 0.0170942
20 0.3656406 0.5472774 0.0262775 0.0170942
1 0.4325287 0.5472774 0.0262775 0.0170942
5 0.4994168 0.5472774 0.0262775 0.0170942
19 0.5651105 0.5472774 0.0262775 0.0170942
29 0.7000812 0.5472774 0.0262775 0.0170942
15 0.7669693 0.5472774 0.0262775 0.0170942
16 0.4994168 0.6088165 0.0262775 0.0170942
23 0.5651105 0.6088165 0.0262775 0.0170942
6 0.6331931 0.6088165 0.0262775 0.0170942
3 0.7000812 0.6088165 0.0262775 0.0170942
26 0.4325287 0.6703555 0.0262775 0.0170942
25 0.4994168 0.6703555 0.0262775 0.0170942
9 0.7000812 0.6703555 0.0262775 0.0170942
11 0.3656406 0.7318945 0.0262775 0.0170942
13 0.4325287 0.7318945 0.0262775 0.0170942
17 0.5651105 0.7318945 0.0262775 0.0170942
21 0.4325287 0.7934336 0.0262775 0.0170942
8 0.5651105 0.7934336 0.0262775 0.0170942
30 0.6331931 0.7934336 0.0262775 0.0170942
4 0.7000812 0.7934336 0.0262775 0.0170942
16 0.3656406 0.7934336 0.0262775 0.0170942
16 0.4325287 0.4857384 0.0262775 0.0170942
9 0.7669693 0.6703555 0.0262775 0.0170942
24 0.7000812 0.7318945 0.0262775 0.0170942
2 0.3656406 0.6088165 0.0262775 0.0170942
27 0.5651105 0.6703555 0.0262775 0.0170942
25 0.7669693 0.6088165 0.0262775 0.0170942
31 0.6331931 0.7318945 0.0262775 0.0170942
16 0.6331931 0.6703555 0.0262775 0.0170942
18 0.4994168 0.7318945 0.0262775 0.0170942
17 0.7669693 0.7934336 0.0262775 0.0170942
10 0.4325287 0.6088165 0.0262775 0.0170942
19 0.6331931 0.5472774 0.0262775 0.0170942
1 0.3656406 0.6703555 0.0262775 0.0170942
22 0.7669693 0.7318945 0.0262775 0.0170942
