8 0.3053243 0.4707966 0.0262388 0.0173480
10 0.5724833 0.4707966 0.0262389 0.0173480
32 0.5074825 0.3510960 0.4830330 0.4441068
33 0.5062899 0.1591123 0.4377114 0.0161914
27 0.3053243 0.2209866 0.0262388 0.0173479
34 0.4389038 0.2204083 0.0620190 0.0624525
15 0.4389038 0.2209866 0.0262389 0.0173479
8 0.7060628 0.2209866 0.0262388 0.0173479
9 0.3053243 0.2834391 0.0262388 0.0173479
21 0.4389038 0.2834391 0.0262389 0.0173479
5 0.5045009 0.2834391 0.0262388 0.0173479
25 0.6392730 0.2834391 0.0262388 0.0173479
29 0.3053243 0.3458916 0.0262388 0.0173479
6 0.3721140 0.3458916 0.0262388 0.0173479
15 0.5045009 0.3458916 0.0262388 0.0173479
13 0.5724833 0.3458916 0.0262389 0.0173479
16 0.6392730 0.3458916 0.0262388 0.0173479
19 0.7060628 0.3458916 0.0262388 0.0173479
31 0.3721140 0.4083442 0.0262388 0.0173479
3 0.4389038 0.4083442 0.0262389 0.0173479
2 0.5724833 0.4083442 0.0262389 0.0173479
4 0.6392730 0.4083442 0.0262388 0.0173479
12 0.5045009 0.4707966 0.0262388 0.0173480
20 0.7060628 0.4707966 0.0262388 0.0173480
23 0.3053243 0.5332492 0.0262388 0.0173480
1 0.3721140 0.5332492 0.0262388 0.0173480
7 0.4389038 0.5332492 0.0262389 0.0173480
14 0.5045009 0.5332492 0.0262388 0.0173480
18 0.5724833 0.5332492 0.0262389 0.0173480
10 0.7060628 0.5332492 0.0262388 0.0173480
14 0.3721140 0.2834391 0.0262388 0.0173479
9 0.6392730 0.2209866 0.0262388 0.0173479
9 0.5045009 0.4083442 0.0262388 0.0173479
12 0.3721140 0.2209866 0.0262388 0.0173479
20 0.5724833 0.2834391 0.0262389 0.0173479
29 0.4389038 0.3458916 0.0262389 0.0173479
16 0.4389038 0.4707966 0.0262389 0.0173480
30 0.7060628 0.2834391 0.0262388 0.0173479
15 0.6392730 0.5332492 0.0262388 0.0173480
7 0.5045009 0.2209866 0.0262388 0.0173479
28 0.6392730 0.4707966 0.0262388 0.0173480
18 0.7060628 0.4083442 0.0262388 0.0173479
10 0.3053243 0.4083442 0.0262388 0.0173479
24 0.3721140 0.4707966 0.0262388 0.0173480
13 0.5724833 0.2209866 0.0262389 0.0173479
