18 0.4504778 0.7878251 0.0268450 0.0169027
11 0.1771470 0.6661252 0.0268450 0.0169027
32 0.3156428 0.6103461 0.4941918 0.4327106
33 0.3144226 0.4232890 0.4478232 0.0157759
19 0.1771470 0.4835755 0.0268450 0.0169027
6 0.4504778 0.4835755 0.0268450 0.0169027
34 0.5188105 0.4830121 0.0634518 0.0608499
16 0.5188105 0.4835755 0.0268450 0.0169027
12 0.1771470 0.5444254 0.0268450 0.0169028
4 0.2454797 0.5444254 0.0268450 0.0169028
18 0.3125922 0.5444254 0.0268450 0.0169028
23 0.3821452 0.5444254 0.0268450 0.0169028
31 0.4504778 0.5444254 0.0268450 0.0169028
9 0.1088144 0.6052753 0.0268450 0.0169027
20 0.1771470 0.6052753 0.0268450 0.0169027
24 0.3125922 0.6052753 0.0268450 0.0169027
10 0.3821452 0.6052753 0.0268450 0.0169027
13 0.4504778 0.6052753 0.0268450 0.0169027
17 0.5188105 0.6052753 0.0268450 0.0169027
30 0.3125922 0.6661252 0.0268450 0.0169027
22 0.4504778 0.6661252 0.0268450 0.0169027
15 0.1088144 0.7269752 0.0268450 0.0169028
16 0.3125922 0.7269752 0.0268450 0.0169028
29 0.3821452 0.7269752 0.0268450 0.0169028
11 0.4504778 0.7269752 0.0268450 0.0169028
25 0.1771470 0.7878251 0.0268450 0.0169027
8 0.2454797 0.7878251 0.0268450 0.0169027
2 0.3125922 0.7878251 0.0268450 0.0169027
7 0.3821452 0.7878251 0.0268450 0.0169027
3 0.5188105 0.7878251 0.0268450 0.0169027
5 0.1771470 0.7269752 0.0268450 0.0169028
7 0.1088144 0.5444254 0.0268450 0.0169028
27 0.1088144 0.7878251 0.0268450 0.0169027
18 0.3821452 0.4835755 0.0268450 0.0169027
25 0.5188105 0.5444254 0.0268450 0.0169028
21 0.3821452 0.6661252 0.0268450 0.0169027
15 0.2454797 0.7269752 0.0268450 0.0169028
21 0.5188105 0.7269752 0.0268450 0.0169028
11 0.1088144 0.6661252 0.0268450 0.0169027
15 0.2454797 0.6052753 0.0268450 0.0169027
24 0.2454797 0.6661252 0.0268450 0.0169027
25 0.2454797 0.4835755 0.0268450 0.0169027
20 0.1088144 0.4835755 0.0268450 0.0169027
17 0.3125922 0.4835755 0.0268450 0.0169027
1 0.5188105 0.6661252 0.0268450 0.0169027
