16 0.3319517 0.7535358 0.0270760 0.0174603
20 0.0562687 0.6278215 0.0270760 0.0174603
32 0.2648771 0.6330595 0.4984447 0.4469845
33 0.2636463 0.4398318 0.4516771 0.0162963
21 0.1941102 0.5021070 0.0270760 0.0174603
22 0.2618002 0.5021070 0.0270760 0.0174603
11 0.3319517 0.5021070 0.0270760 0.0174603
26 0.4697932 0.5021070 0.0270760 0.0174603
30 0.0562687 0.5649642 0.0270760 0.0174603
3 0.1251895 0.5649642 0.0270760 0.0174603
18 0.3319517 0.5649642 0.0270760 0.0174603
9 0.4008725 0.5649642 0.0270760 0.0174603
7 0.1941102 0.6278215 0.0270760 0.0174603
8 0.2618002 0.6278215 0.0270760 0.0174603
24 0.3319517 0.6278215 0.0270760 0.0174603
2 0.4008725 0.6278215 0.0270760 0.0174603
17 0.4697932 0.6278215 0.0270760 0.0174603
25 0.1251895 0.6906786 0.0270760 0.0174603
12 0.1941102 0.6906786 0.0270760 0.0174603
34 0.3313364 0.6900966 0.0652286 0.0628572
7 0.3319517 0.6906786 0.0270760 0.0174603
13 0.4008725 0.6906786 0.0270760 0.0174603
1 0.0562687 0.7535358 0.0270760 0.0174603
5 0.1941102 0.7535358 0.0270760 0.0174603
20 0.4697932 0.7535358 0.0270760 0.0174603
23 0.0562687 0.8163930 0.0270760 0.0174603
14 0.1251895 0.8163930 0.0270760 0.0174603
6 0.1941102 0.8163930 0.0270760 0.0174603
19 0.2618002 0.8163930 0.0270760 0.0174603
15 0.4697932 0.8163930 0.0270760 0.0174603
13 0.2618002 0.6906786 0.0270760 0.0174603
18 0.4008725 0.5021070 0.0270760 0.0174603
3 0.0562687 0.5021070 0.0270760 0.0174603
31 0.4697932 0.5649642 0.0270760 0.0174603
22 0.1251895 0.6278215 0.0270760 0.0174603
21 0.1941102 0.5649642 0.0270760 0.0174603
6 0.2618002 0.5649642 0.0270760 0.0174603
6 0.3319517 0.8163930 0.0270760 0.0174603
3 0.1251895 0.5021070 0.0270760 0.0174603
25 0.0562687 0.6906786 0.0270760 0.0174603
4 0.1251895 0.7535358 0.0270760 0.0174603
1 0.4697932 0.6906786 0.0270760 0.0174603
28 0.4008725 0.8163930 0.0270760 0.0174603
19 0.2618002 0.7535358 0.0270760 0.0174603
31 0.4008725 0.7535358 0.0270760 0.0174603
