4 0.3282493 0.6246461 0.0279558 0.0160349
30 0.6128903 0.5091954 0.0279558 0.0160349
32 0.4724759 0.5717312 0.5146411 0.4104917
33 0.4712051 0.3942790 0.4663538 0.0149659
18 0.2570890 0.4514699 0.0279558 0.0160349
13 0.3282493 0.4514699 0.0279558 0.0160349
25 0.3994096 0.4514699 0.0279558 0.0160349
20 0.4692991 0.4514699 0.0279558 0.0160349
15 0.6128903 0.4514699 0.0279558 0.0160349
22 0.6840505 0.4514699 0.0279558 0.0160349
8 0.2570890 0.5091954 0.0279558 0.0160349
17 0.3282493 0.5091954 0.0279558 0.0160349
1 0.4692991 0.5091954 0.0279558 0.0160349
7 0.5417300 0.5091954 0.0279558 0.0160349
11 0.2570890 0.5669207 0.0279558 0.0160349
10 0.3282493 0.5669207 0.0279558 0.0160349
21 0.4692991 0.5669207 0.0279558 0.0160349
4 0.5417300 0.5669207 0.0279558 0.0160349
19 0.6840505 0.5669207 0.0279558 0.0160349
27 0.3994096 0.6246461 0.0279558 0.0160349
30 0.4692991 0.6246461 0.0279558 0.0160349
34 0.2570890 0.6818370 0.0660774 0.0577254
24 0.2570890 0.6823716 0.0279558 0.0160349
5 0.3282493 0.6823716 0.0279558 0.0160349
24 0.4692991 0.6823716 0.0279558 0.0160349
12 0.6128903 0.6823716 0.0279558 0.0160349
2 0.6840505 0.6823716 0.0279558 0.0160349
31 0.2570890 0.7400970 0.0279558 0.0160349
26 0.4692991 0.7400970 0.0279558 0.0160349
16 0.6128903 0.7400970 0.0279558 0.0160349
14 0.3994096 0.5091954 0.0279558 0.0160349
16 0.3994096 0.6823716 0.0279558 0.0160349
6 0.5417300 0.6823716 0.0279558 0.0160349
7 0.5417300 0.6246461 0.0279558 0.0160349
11 0.6840505 0.7400970 0.0279558 0.0160349
15 0.3994096 0.7400970 0.0279558 0.0160349
27 0.6128903 0.6246461 0.0279558 0.0160349
20 0.2570890 0.6246461 0.0279558 0.0160349
21 0.3282493 0.7400970 0.0279558 0.0160349
25 0.6840505 0.6246461 0.0279558 0.0160349
31 0.6840505 0.5091954 0.0279558 0.0160349
18 0.6128903 0.5669207 0.0279558 0.0160349
21 0.5417300 0.7400970 0.0279558 0.0160349
24 0.5417300 0.4514699 0.0279558 0.0160349
24 0.3994096 0.5669207 0.0279558 0.0160349
