22 0.2650295 0.2226824 0.0282971 0.0163790
4 0.4824030 0.4585399 0.0282971 0.0163790
32 0.2682451 0.3455249 0.5209245 0.4193022
33 0.2669589 0.1642640 0.4720476 0.0152870
4 0.0502286 0.2226824 0.0282971 0.0163790
21 0.3383448 0.2226824 0.0282972 0.0163790
29 0.4103739 0.2226824 0.0282972 0.0163790
23 0.4824030 0.2226824 0.0282971 0.0163790
30 0.1222577 0.2816468 0.0282971 0.0163790
18 0.3383448 0.2816468 0.0282972 0.0163790
19 0.4103739 0.2816468 0.0282972 0.0163790
34 0.4824030 0.2811008 0.0668842 0.0589644
24 0.4824030 0.2816468 0.0282971 0.0163790
31 0.0502286 0.3406112 0.0282971 0.0163790
7 0.1222577 0.3406112 0.0282971 0.0163790
10 0.1942867 0.3406112 0.0282971 0.0163790
22 0.2650295 0.3406112 0.0282971 0.0163790
11 0.0502286 0.3995755 0.0282971 0.0163790
8 0.1222577 0.3995755 0.0282971 0.0163790
1 0.1942867 0.3995755 0.0282971 0.0163790
6 0.2650295 0.3995755 0.0282971 0.0163790
24 0.4103739 0.3995755 0.0282972 0.0163790
12 0.4824030 0.3995755 0.0282971 0.0163790
14 0.0502286 0.4585399 0.0282971 0.0163790
20 0.1222577 0.4585399 0.0282971 0.0163790
2 0.1942867 0.4585399 0.0282971 0.0163790
3 0.1222577 0.5175043 0.0282971 0.0163790
5 0.1942867 0.5175043 0.0282971 0.0163790
15 0.3383448 0.5175043 0.0282972 0.0163790
25 0.4824030 0.5175043 0.0282971 0.0163790
21 0.4824030 0.3406112 0.0282971 0.0163790
20 0.4103739 0.4585399 0.0282972 0.0163790
25 0.3383448 0.3406112 0.0282972 0.0163790
18 0.4103739 0.3406112 0.0282972 0.0163790
9 0.2650295 0.5175043 0.0282971 0.0163790
14 0.3383448 0.4585399 0.0282972 0.0163790
12 0.2650295 0.2816468 0.0282971 0.0163790
6 0.1942867 0.2226824 0.0282971 0.0163790
22 0.3383448 0.3995755 0.0282972 0.0163790
15 0.1942867 0.2816468 0.0282971 0.0163790
20 0.2650295 0.4585399 0.0282971 0.0163790
10 0.4103739 0.5175043 0.0282972 0.0163790
7 0.0502286 0.2816468 0.0282971 0.0163790
10 0.0502286 0.5175043 0.0282971 0.0163790
12 0.1222577 0.2226824 0.0282971 0.0163790
