22 0.4256216 0.4891557 0.0272824 0.0161722
6 0.4950678 0.4309359 0.0272824 0.0161722
32 0.6358203 0.5522272 0.5022446 0.4140076
33 0.6345802 0.3732551 0.4551204 0.0150940
26 0.4256216 0.4309359 0.0272824 0.0161722
1 0.7034063 0.4309359 0.0272824 0.0161722
19 0.7728525 0.4309359 0.0272824 0.0161722
34 0.8422986 0.4303968 0.0644858 0.0582198
3 0.8422986 0.4309359 0.0272824 0.0161722
8 0.5645140 0.4891557 0.0272824 0.0161722
20 0.6327200 0.4891557 0.0272824 0.0161722
2 0.7728525 0.4891557 0.0272824 0.0161722
30 0.8422986 0.4891557 0.0272824 0.0161722
10 0.4256216 0.5473755 0.0272824 0.0161722
11 0.4950678 0.5473755 0.0272824 0.0161722
25 0.5645140 0.5473755 0.0272824 0.0161722
9 0.6327200 0.5473755 0.0272824 0.0161722
27 0.7728525 0.5473755 0.0272824 0.0161722
16 0.4950678 0.6055953 0.0272824 0.0161722
17 0.5645140 0.6055953 0.0272824 0.0161722
31 0.7728525 0.6055953 0.0272824 0.0161722
5 0.4950678 0.6638151 0.0272824 0.0161722
13 0.5645140 0.6638151 0.0272824 0.0161722
29 0.6327200 0.6638151 0.0272824 0.0161722
18 0.7034063 0.6638151 0.0272824 0.0161722
14 0.8422986 0.6638151 0.0272824 0.0161722
24 0.4950678 0.7220349 0.0272824 0.0161722
15 0.6327200 0.7220349 0.0272824 0.0161722
22 0.7728525 0.7220349 0.0272824 0.0161722
12 0.8422986 0.7220349 0.0272824 0.0161722
31 0.7034063 0.7220349 0.0272824 0.0161722
3 0.8422986 0.5473755 0.0272824 0.0161722
28 0.4950678 0.4891557 0.0272824 0.0161722
14 0.4256216 0.6638151 0.0272824 0.0161722
30 0.5645140 0.7220349 0.0272824 0.0161722
3 0.7728525 0.6638151 0.0272824 0.0161722
11 0.7034063 0.4891557 0.0272824 0.0161722
5 0.8422986 0.6055953 0.0272824 0.0161722
2 0.7034063 0.5473755 0.0272824 0.0161722
24 0.4256216 0.7220349 0.0272824 0.0161722
30 0.4256216 0.6055953 0.0272824 0.0161722
19 0.5645140 0.4309359 0.0272824 0.0161722
9 0.6327200 0.4309359 0.0272824 0.0161722
8 0.7034063 0.6055953 0.0272824 0.0161722
2 0.6327200 0.6055953 0.0272824 0.0161722
