27 0.4470610 0.7045827 0.0273958 0.0173569
28 0.5167958 0.5171282 0.0273958 0.0173569
32 0.3791941 0.5223352 0.5043318 0.4443365
33 0.3779489 0.3302522 0.4570118 0.0161997
1 0.1681219 0.3921585 0.0273958 0.0173569
2 0.3760810 0.3921585 0.0273958 0.0173569
30 0.4470610 0.3921585 0.0273958 0.0173569
19 0.5167958 0.3921585 0.0273958 0.0173569
21 0.5865305 0.3921585 0.0273958 0.0173569
23 0.2378567 0.4546434 0.0273958 0.0173569
13 0.3075915 0.4546434 0.0273958 0.0173569
4 0.3760810 0.4546434 0.0273958 0.0173569
7 0.5167958 0.4546434 0.0273958 0.0173569
12 0.1681219 0.5171282 0.0273958 0.0173569
20 0.2378567 0.5171282 0.0273958 0.0173569
18 0.3760810 0.5171282 0.0273958 0.0173569
6 0.4470610 0.5171282 0.0273958 0.0173569
27 0.2378567 0.5796130 0.0273958 0.0173569
11 0.3075915 0.5796130 0.0273958 0.0173569
5 0.3760810 0.5796130 0.0273958 0.0173569
25 0.5167958 0.5796130 0.0273958 0.0173569
34 0.5865306 0.5790344 0.0647537 0.0624848
22 0.5865305 0.5796130 0.0273958 0.0173569
16 0.1681219 0.6420978 0.0273958 0.0173569
17 0.3075915 0.6420978 0.0273958 0.0173569
10 0.4470610 0.6420978 0.0273958 0.0173569
3 0.5167958 0.6420978 0.0273958 0.0173569
31 0.3075915 0.7045827 0.0273958 0.0173569
29 0.3760810 0.7045827 0.0273958 0.0173569
15 0.5167958 0.7045827 0.0273958 0.0173569
10 0.1681219 0.4546434 0.0273958 0.0173569
5 0.5865305 0.5171282 0.0273958 0.0173569
4 0.3760810 0.6420978 0.0273958 0.0173569
30 0.5865305 0.4546434 0.0273958 0.0173569
26 0.2378567 0.3921585 0.0273958 0.0173569
30 0.3075915 0.5171282 0.0273958 0.0173569
3 0.1681219 0.7045827 0.0273958 0.0173569
27 0.3075915 0.3921585 0.0273958 0.0173569
14 0.4470610 0.5796130 0.0273958 0.0173569
19 0.5865305 0.7045827 0.0273958 0.0173569
3 0.4470610 0.4546434 0.0273958 0.0173569
25 0.1681219 0.5796130 0.0273958 0.0173569
26 0.5865305 0.6420978 0.0273958 0.0173569
29 0.2378567 0.7045827 0.0273958 0.0173569
19 0.2378567 0.6420978 0.0273958 0.0173569
