3 0.5574180 0.4785445 0.0270721 0.0168616
12 0.4195963 0.2964390 0.0270721 0.0168616
32 0.4903529 0.3621994 0.4983734 0.4316575
33 0.4891224 0.1755974 0.4516124 0.0157375
17 0.2817745 0.2357372 0.0270721 0.0168616
2 0.3506853 0.2357372 0.0270721 0.0168616
4 0.4195963 0.2357372 0.0270721 0.0168616
8 0.4872765 0.2357372 0.0270721 0.0168616
22 0.5574180 0.2357372 0.0270721 0.0168616
5 0.6263289 0.2357372 0.0270721 0.0168616
18 0.4872765 0.2964390 0.0270721 0.0168616
6 0.6263289 0.2964390 0.0270721 0.0168616
1 0.3506853 0.3571409 0.0270721 0.0168616
13 0.4195963 0.3571409 0.0270721 0.0168616
10 0.4872765 0.3571409 0.0270721 0.0168616
20 0.6952397 0.3571409 0.0270721 0.0168616
24 0.2817745 0.4178427 0.0270721 0.0168616
27 0.3506853 0.4178427 0.0270721 0.0168616
25 0.4872765 0.4178427 0.0270721 0.0168616
12 0.5574180 0.4178427 0.0270721 0.0168616
26 0.6263289 0.4178427 0.0270721 0.0168616
21 0.6952397 0.4178427 0.0270721 0.0168616
7 0.2817745 0.4785445 0.0270721 0.0168616
15 0.3506853 0.4785445 0.0270721 0.0168616
14 0.6952397 0.4785445 0.0270721 0.0168616
16 0.2817745 0.5392464 0.0270721 0.0168616
19 0.4872765 0.5392464 0.0270721 0.0168616
9 0.5574180 0.5392464 0.0270721 0.0168616
34 0.6257136 0.5386843 0.0627581 0.0607018
22 0.6263289 0.5392464 0.0270721 0.0168616
21 0.5574180 0.3571409 0.0270721 0.0168616
14 0.5574180 0.2964390 0.0270721 0.0168616
26 0.3506853 0.5392464 0.0270721 0.0168616
10 0.2817745 0.3571409 0.0270721 0.0168616
19 0.6263289 0.3571409 0.0270721 0.0168616
31 0.4195963 0.4785445 0.0270721 0.0168616
7 0.3506853 0.2964390 0.0270721 0.0168616
15 0.4195963 0.4178427 0.0270721 0.0168616
20 0.2817745 0.2964390 0.0270721 0.0168616
14 0.6952397 0.2357372 0.0270721 0.0168616
15 0.6263289 0.4785445 0.0270721 0.0168616
24 0.4195963 0.5392464 0.0270721 0.0168616
5 0.4872765 0.4785445 0.0270721 0.0168616
12 0.6952397 0.2964390 0.0270721 0.0168616
21 0.6952397 0.5392464 0.0270721 0.0168616
