28 0.7033553 0.6174910 0.0276523 0.0162057
14 0.4921925 0.3257882 0.0276523 0.0162057
32 0.5644655 0.4473311 0.5090531 0.4148662
33 0.5632085 0.2679879 0.4612901 0.0151253
12 0.3514174 0.3257882 0.0276523 0.0162057
21 0.4218050 0.3257882 0.0276522 0.0162057
2 0.5613232 0.3257882 0.0276523 0.0162057
9 0.7033553 0.3257882 0.0276523 0.0162057
1 0.7737429 0.3257882 0.0276523 0.0162057
11 0.3514174 0.3841288 0.0276523 0.0162057
18 0.4218050 0.3841288 0.0276522 0.0162057
13 0.4921925 0.3841288 0.0276523 0.0162057
16 0.7033553 0.3841288 0.0276523 0.0162057
8 0.7737429 0.3841288 0.0276523 0.0162057
26 0.4921925 0.4424694 0.0276523 0.0162057
34 0.7737429 0.4419292 0.0653600 0.0583405
1 0.7737429 0.4424694 0.0276523 0.0162057
25 0.3514174 0.5008099 0.0276523 0.0162057
15 0.4218050 0.5008099 0.0276522 0.0162057
4 0.6329677 0.5008099 0.0276522 0.0162057
14 0.7737429 0.5008099 0.0276523 0.0162057
30 0.3514174 0.5591505 0.0276523 0.0162057
6 0.4218050 0.5591505 0.0276522 0.0162057
19 0.4921925 0.5591505 0.0276523 0.0162057
20 0.6329677 0.5591505 0.0276522 0.0162057
29 0.7033553 0.5591505 0.0276523 0.0162057
22 0.7737429 0.5591505 0.0276523 0.0162057
7 0.4218050 0.6174910 0.0276522 0.0162057
5 0.5613232 0.6174910 0.0276523 0.0162057
17 0.6329677 0.6174910 0.0276522 0.0162057
30 0.6329677 0.3257882 0.0276522 0.0162057
4 0.4218050 0.4424694 0.0276522 0.0162057
9 0.6329677 0.3841288 0.0276522 0.0162057
20 0.6329677 0.4424694 0.0276522 0.0162057
10 0.3514174 0.4424694 0.0276523 0.0162057
27 0.5613232 0.3841288 0.0276523 0.0162057
31 0.5613232 0.5008099 0.0276523 0.0162057
18 0.5613232 0.5591505 0.0276523 0.0162057
12 0.7033553 0.5008099 0.0276523 0.0162057
31 0.4921925 0.5008099 0.0276523 0.0162057
2 0.7737429 0.6174910 0.0276523 0.0162057
6 0.4921925 0.6174910 0.0276523 0.0162057
4 0.7033553 0.4424694 0.0276523 0.0162057
26 0.3514174 0.6174910 0.0276523 0.0162057
3 0.5613232 0.4424694 0.0276523 0.0162057
