13 0.5285508 0.6009032 0.0271828 0.0166154
22 0.3901659 0.6607189 0.0271828 0.0166155
32 0.3228268 0.5460722 0.5004099 0.4253555
33 0.3215912 0.3621946 0.4534578 0.0155077
8 0.1825885 0.4214563 0.0271828 0.0166154
23 0.2517809 0.4214563 0.0271828 0.0166154
25 0.3197378 0.4214563 0.0271827 0.0166154
2 0.3901659 0.4214563 0.0271828 0.0166154
17 0.4593583 0.4214563 0.0271828 0.0166154
24 0.5285508 0.4214563 0.0271828 0.0166154
20 0.3901659 0.4812719 0.0271828 0.0166155
7 0.4593583 0.4812719 0.0271828 0.0166155
16 0.1133960 0.5410875 0.0271828 0.0166155
22 0.1825885 0.5410875 0.0271828 0.0166155
21 0.3197378 0.5410875 0.0271827 0.0166155
14 0.3901659 0.5410875 0.0271828 0.0166155
27 0.5285508 0.5410875 0.0271828 0.0166155
9 0.1133960 0.6009032 0.0271828 0.0166154
6 0.1825885 0.6009032 0.0271828 0.0166154
1 0.1133960 0.6607189 0.0271828 0.0166155
13 0.1825885 0.6607189 0.0271828 0.0166155
26 0.2517809 0.6607189 0.0271828 0.0166155
29 0.3197378 0.6607189 0.0271827 0.0166155
34 0.4587405 0.6601649 0.0630146 0.0598156
16 0.4593583 0.6607189 0.0271828 0.0166155
5 0.5285508 0.6607189 0.0271828 0.0166155
11 0.1133960 0.7205344 0.0271828 0.0166155
15 0.1825885 0.7205344 0.0271828 0.0166155
3 0.2517809 0.7205344 0.0271828 0.0166155
31 0.5285508 0.7205344 0.0271828 0.0166155
17 0.2517809 0.5410875 0.0271828 0.0166155
4 0.2517809 0.4812719 0.0271828 0.0166155
4 0.2517809 0.6009032 0.0271828 0.0166154
30 0.4593583 0.5410875 0.0271828 0.0166155
22 0.1133960 0.4812719 0.0271828 0.0166155
28 0.3197378 0.7205344 0.0271827 0.0166155
18 0.3197378 0.6009032 0.0271827 0.0166154
21 0.1133960 0.4214563 0.0271828 0.0166154
19 0.1825885 0.4812719 0.0271828 0.0166155
10 0.4593583 0.6009032 0.0271828 0.0166154
5 0.4593583 0.7205344 0.0271828 0.0166155
15 0.3197378 0.4812719 0.0271827 0.0166155
19 0.5285508 0.4812719 0.0271828 0.0166155
14 0.3901659 0.6009032 0.0271828 0.0166154
1 0.3901659 0.7205344 0.0271828 0.0166155
