1 0.3282723 0.7298125 0.0264199 0.0162849
30 0.3955231 0.4953112 0.0264200 0.0162848
32 0.4645753 0.6174473 0.4863674 0.4168912
33 0.4633744 0.4372287 0.4407329 0.0151992
21 0.2610216 0.4953112 0.0264199 0.0162848
8 0.3282723 0.4953112 0.0264199 0.0162848
10 0.5972755 0.4953112 0.0264200 0.0162848
7 0.6645264 0.4953112 0.0264199 0.0162848
6 0.3282723 0.5539365 0.0264199 0.0162848
34 0.4615730 0.5533937 0.0624472 0.0586253
22 0.4615730 0.5539365 0.0264200 0.0162848
24 0.5300247 0.5539365 0.0264199 0.0162848
12 0.5972755 0.5539365 0.0264200 0.0162848
23 0.6645264 0.5539365 0.0264199 0.0162848
26 0.2610216 0.6125618 0.0264199 0.0162847
18 0.3955231 0.6125618 0.0264200 0.0162847
14 0.4615730 0.6125618 0.0264200 0.0162847
1 0.5300247 0.6125618 0.0264199 0.0162847
20 0.2610216 0.6711872 0.0264199 0.0162847
11 0.4615730 0.6711872 0.0264200 0.0162847
17 0.6645264 0.6711872 0.0264199 0.0162847
25 0.2610216 0.7298125 0.0264199 0.0162849
5 0.3955231 0.7298125 0.0264200 0.0162849
31 0.4615730 0.7298125 0.0264200 0.0162849
27 0.5300247 0.7298125 0.0264199 0.0162849
3 0.5972755 0.7298125 0.0264200 0.0162849
4 0.6645264 0.7298125 0.0264199 0.0162849
9 0.3282723 0.7884378 0.0264199 0.0162849
19 0.3955231 0.7884378 0.0264200 0.0162849
16 0.6645264 0.7884378 0.0264199 0.0162849
8 0.4615730 0.4953112 0.0264200 0.0162848
24 0.3955231 0.6711872 0.0264200 0.0162847
30 0.5972755 0.7884378 0.0264200 0.0162849
28 0.5300247 0.7884378 0.0264199 0.0162849
13 0.2610216 0.5539365 0.0264199 0.0162848
5 0.5300247 0.4953112 0.0264199 0.0162848
27 0.5972755 0.6125618 0.0264200 0.0162847
31 0.3955231 0.5539365 0.0264200 0.0162848
18 0.3282723 0.6125618 0.0264199 0.0162847
8 0.2610216 0.7884378 0.0264199 0.0162849
1 0.5972755 0.6711872 0.0264200 0.0162847
11 0.4615730 0.7884378 0.0264200 0.0162849
25 0.6645264 0.6125618 0.0264199 0.0162847
12 0.5300247 0.6711872 0.0264199 0.0162847
12 0.3282723 0.6711872 0.0264199 0.0162847
