9 0.4906187 0.2621832 0.0263824 0.0162633
18 0.4906187 0.5549234 0.0263824 0.0162634
32 0.4936168 0.3841583 0.4856768 0.4163416
33 0.4924176 0.2041773 0.4401071 0.0151791
9 0.2903521 0.2621832 0.0263824 0.0162633
16 0.4246627 0.2621832 0.0263824 0.0162633
19 0.6932838 0.2621832 0.0263824 0.0162633
13 0.2903521 0.3207313 0.0263824 0.0162633
5 0.3575074 0.3207313 0.0263824 0.0162633
6 0.4246627 0.3207313 0.0263824 0.0162633
17 0.5589733 0.3207313 0.0263824 0.0162633
26 0.6261286 0.3207313 0.0263824 0.0162633
25 0.2903521 0.3792793 0.0263824 0.0162634
2 0.3575074 0.3792793 0.0263824 0.0162634
22 0.4906187 0.3792793 0.0263824 0.0162634
3 0.6261286 0.3792793 0.0263824 0.0162634
1 0.6932838 0.3792793 0.0263824 0.0162634
30 0.2903521 0.4378273 0.0263824 0.0162634
24 0.4246627 0.4378273 0.0263824 0.0162634
18 0.4906187 0.4378273 0.0263824 0.0162634
11 0.5589733 0.4378273 0.0263824 0.0162634
31 0.6261286 0.4378273 0.0263824 0.0162634
8 0.6261286 0.4963754 0.0263824 0.0162634
34 0.6932838 0.4958333 0.0623585 0.0585480
23 0.6932838 0.4963754 0.0263824 0.0162634
7 0.2903521 0.5549234 0.0263824 0.0162634
4 0.3575074 0.5549234 0.0263824 0.0162634
21 0.4246627 0.5549234 0.0263824 0.0162634
15 0.6261286 0.5549234 0.0263824 0.0162634
23 0.6932838 0.5549234 0.0263824 0.0162634
26 0.3575074 0.2621832 0.0263824 0.0162633
15 0.6932838 0.3207313 0.0263824 0.0162633
13 0.4906187 0.3207313 0.0263824 0.0162633
14 0.3575074 0.4963754 0.0263824 0.0162634
9 0.5589733 0.4963754 0.0263824 0.0162634
14 0.4246627 0.3792793 0.0263824 0.0162634
2 0.2903521 0.4963754 0.0263824 0.0162634
18 0.5589733 0.2621832 0.0263824 0.0162633
17 0.3575074 0.4378273 0.0263824 0.0162634
30 0.6261286 0.2621832 0.0263824 0.0162633
9 0.5589733 0.3792793 0.0263824 0.0162634
22 0.4246627 0.4963754 0.0263824 0.0162634
15 0.4906187 0.4963754 0.0263824 0.0162634
25 0.6932838 0.4378273 0.0263824 0.0162634
9 0.5589733 0.5549234 0.0263824 0.0162634
