18 0.1274638 0.7540807 0.0265567 0.0171159
10 0.1274638 0.6308465 0.0265567 0.0171159
32 0.2644724 0.6359812 0.4888851 0.4381659
33 0.2632653 0.4465658 0.4430145 0.0159748
25 0.0598649 0.5076123 0.0265567 0.0171159
16 0.1274638 0.5076123 0.0265567 0.0171159
5 0.1950628 0.5076123 0.0265567 0.0171159
26 0.3302606 0.5076123 0.0265567 0.0171159
31 0.3978596 0.5076123 0.0265567 0.0171159
23 0.1274638 0.5692295 0.0265567 0.0171158
27 0.2614546 0.5692295 0.0265567 0.0171158
13 0.3302606 0.5692295 0.0265567 0.0171158
21 0.3978596 0.5692295 0.0265567 0.0171158
30 0.1950628 0.6308465 0.0265567 0.0171159
18 0.4654585 0.6308465 0.0265567 0.0171159
10 0.1274638 0.6924636 0.0265567 0.0171159
11 0.3978596 0.6924636 0.0265567 0.0171159
14 0.4654585 0.6924636 0.0265567 0.0171159
22 0.0598649 0.7540807 0.0265567 0.0171159
17 0.1950628 0.7540807 0.0265567 0.0171159
8 0.2614546 0.7540807 0.0265567 0.0171159
6 0.3978596 0.7540807 0.0265567 0.0171159
3 0.4654585 0.7540807 0.0265567 0.0171159
34 0.0598649 0.8151272 0.0627704 0.0616171
26 0.0598649 0.8156978 0.0265567 0.0171159
24 0.1950628 0.8156978 0.0265567 0.0171159
15 0.2614546 0.8156978 0.0265567 0.0171159
29 0.3302606 0.8156978 0.0265567 0.0171159
20 0.3978596 0.8156978 0.0265567 0.0171159
19 0.4654585 0.8156978 0.0265567 0.0171159
27 0.3302606 0.7540807 0.0265567 0.0171159
24 0.3302606 0.6308465 0.0265567 0.0171159
9 0.0598649 0.6924636 0.0265567 0.0171159
14 0.1950628 0.6924636 0.0265567 0.0171159
25 0.2614546 0.6924636 0.0265567 0.0171159
10 0.1950628 0.5692295 0.0265567 0.0171158
30 0.3978596 0.6308465 0.0265567 0.0171159
15 0.3302606 0.6924636 0.0265567 0.0171159
24 0.4654585 0.5692295 0.0265567 0.0171158
14 0.0598649 0.6308465 0.0265567 0.0171159
26 0.4654585 0.5076123 0.0265567 0.0171159
26 0.0598649 0.5692295 0.0265567 0.0171158
17 0.2614546 0.5076123 0.0265567 0.0171159
22 0.2614546 0.6308465 0.0265567 0.0171159
1 0.1274638 0.8156978 0.0265567 0.0171159
