5 0.3738744 0.2827192 0.0287549 0.0165644
20 0.5202630 0.5808790 0.0287550 0.0165644
32 0.5954179 0.4069524 0.5293519 0.4240494
33 0.5941109 0.2236394 0.4796844 0.0154601
6 0.4470687 0.2827192 0.0287549 0.0165644
18 0.5202630 0.2827192 0.0287550 0.0165644
9 0.5921503 0.2827192 0.0287549 0.0165644
3 0.6666518 0.2827192 0.0287550 0.0165644
27 0.8130403 0.2827192 0.0287550 0.0165644
1 0.3738744 0.3423511 0.0287549 0.0165644
21 0.4470687 0.3423511 0.0287549 0.0165644
13 0.5202630 0.3423511 0.0287550 0.0165644
7 0.5921503 0.3423511 0.0287549 0.0165644
17 0.7398460 0.3423511 0.0287549 0.0165644
10 0.8130403 0.3423511 0.0287550 0.0165644
22 0.3738744 0.4019831 0.0287549 0.0165644
4 0.5202630 0.4019831 0.0287550 0.0165644
31 0.5921503 0.4019831 0.0287549 0.0165644
34 0.8130404 0.4014310 0.0679662 0.0596320
22 0.8130403 0.4019831 0.0287550 0.0165644
20 0.3738744 0.4616151 0.0287549 0.0165644
29 0.4470687 0.4616151 0.0287549 0.0165644
12 0.5921503 0.4616151 0.0287549 0.0165644
30 0.6666518 0.4616151 0.0287550 0.0165644
8 0.7398460 0.4616151 0.0287549 0.0165644
19 0.8130403 0.4616151 0.0287550 0.0165644
26 0.3738744 0.5212470 0.0287549 0.0165644
25 0.7398460 0.5212470 0.0287549 0.0165644
2 0.3738744 0.5808790 0.0287549 0.0165644
11 0.4470687 0.5808790 0.0287549 0.0165644
13 0.5202630 0.5212470 0.0287550 0.0165644
20 0.6666518 0.3423511 0.0287550 0.0165644
14 0.8130403 0.5808790 0.0287550 0.0165644
24 0.4470687 0.5212470 0.0287549 0.0165644
29 0.7398460 0.5808790 0.0287549 0.0165644
29 0.8130403 0.5212470 0.0287550 0.0165644
8 0.7398460 0.2827192 0.0287549 0.0165644
29 0.5921503 0.5808790 0.0287549 0.0165644
26 0.6666518 0.4019831 0.0287550 0.0165644
14 0.6666518 0.5212470 0.0287550 0.0165644
17 0.5921503 0.5212470 0.0287549 0.0165644
14 0.6666518 0.5808790 0.0287550 0.0165644
10 0.7398460 0.4019831 0.0287549 0.0165644
13 0.5202630 0.4616151 0.0287550 0.0165644
21 0.4470687 0.4019831 0.0287549 0.0165644
