15 0.5730750 0.5252956 0.0276098 0.0166450
12 0.6420995 0.2856072 0.0276099 0.0166450
32 0.6452370 0.4104449 0.5082714 0.4261127
33 0.6439819 0.2262400 0.4605817 0.0155354
26 0.4325159 0.2856072 0.0276098 0.0166450
2 0.5027954 0.2856072 0.0276098 0.0166450
24 0.5730750 0.2856072 0.0276098 0.0166450
27 0.7136339 0.2856072 0.0276098 0.0166450
14 0.8541930 0.2856072 0.0276099 0.0166450
25 0.4325159 0.3455293 0.0276098 0.0166450
8 0.5730750 0.3455293 0.0276098 0.0166450
22 0.7136339 0.3455293 0.0276098 0.0166450
18 0.8541930 0.3455293 0.0276099 0.0166450
4 0.5027954 0.4054515 0.0276098 0.0166450
6 0.5730750 0.4054515 0.0276098 0.0166450
9 0.6420995 0.4054515 0.0276099 0.0166450
23 0.7136339 0.4054515 0.0276098 0.0166450
19 0.8541930 0.4054515 0.0276099 0.0166450
31 0.6420995 0.4653736 0.0276099 0.0166450
5 0.7136339 0.4653736 0.0276098 0.0166450
34 0.7832860 0.4648187 0.0640045 0.0599221
11 0.7839134 0.4653736 0.0276098 0.0166450
20 0.8541930 0.4653736 0.0276099 0.0166450
7 0.4325159 0.5252956 0.0276098 0.0166450
29 0.5027954 0.5252956 0.0276098 0.0166450
13 0.6420995 0.5252956 0.0276099 0.0166450
16 0.8541930 0.5252956 0.0276099 0.0166450
11 0.5730750 0.5852178 0.0276098 0.0166450
10 0.6420995 0.5852178 0.0276099 0.0166450
17 0.8541930 0.5852178 0.0276099 0.0166450
3 0.7136339 0.5252956 0.0276098 0.0166450
27 0.4325159 0.4054515 0.0276098 0.0166450
3 0.5027954 0.3455293 0.0276098 0.0166450
24 0.7839134 0.5852178 0.0276098 0.0166450
21 0.4325159 0.4653736 0.0276098 0.0166450
21 0.5027954 0.4653736 0.0276098 0.0166450
13 0.6420995 0.3455293 0.0276099 0.0166450
3 0.4325159 0.5852178 0.0276098 0.0166450
9 0.7136339 0.5852178 0.0276098 0.0166450
30 0.5730750 0.4653736 0.0276098 0.0166450
14 0.7839134 0.4054515 0.0276098 0.0166450
30 0.7839134 0.2856072 0.0276098 0.0166450
6 0.5027954 0.5852178 0.0276098 0.0166450
26 0.7839134 0.5252956 0.0276098 0.0166450
3 0.7839134 0.3455293 0.0276098 0.0166450
