21 0.3330012 0.3994107 0.0277262 0.0160657
27 0.1931100 0.5150841 0.0277262 0.0160657
32 0.3361519 0.4042304 0.5104139 0.4112832
33 0.3348916 0.2264361 0.4625233 0.0149947
20 0.1931100 0.2837373 0.0277262 0.0160657
13 0.2636857 0.2837373 0.0277262 0.0160657
14 0.4754130 0.2837373 0.0277262 0.0160657
19 0.5459888 0.2837373 0.0277262 0.0160657
7 0.1225342 0.3415740 0.0277262 0.0160657
17 0.1931100 0.3415740 0.0277262 0.0160657
4 0.4048373 0.3415740 0.0277262 0.0160657
18 0.4754130 0.3415740 0.0277262 0.0160657
1 0.1931100 0.3994107 0.0277262 0.0160657
29 0.2636857 0.3994107 0.0277262 0.0160657
11 0.4048373 0.3994107 0.0277262 0.0160657
30 0.4754130 0.3994107 0.0277262 0.0160657
34 0.5459888 0.3988752 0.0655346 0.0578367
19 0.5459888 0.3994107 0.0277262 0.0160657
23 0.1931100 0.4572474 0.0277262 0.0160657
3 0.2636857 0.4572474 0.0277262 0.0160657
27 0.3330012 0.4572474 0.0277262 0.0160657
9 0.4754130 0.4572474 0.0277262 0.0160657
8 0.4048373 0.5150841 0.0277262 0.0160657
31 0.1225342 0.5729209 0.0277262 0.0160657
12 0.1931100 0.5729209 0.0277262 0.0160657
22 0.2636857 0.5729209 0.0277262 0.0160657
26 0.3330012 0.5729209 0.0277262 0.0160657
16 0.4048373 0.5729209 0.0277262 0.0160657
24 0.4754130 0.5729209 0.0277262 0.0160657
2 0.5459888 0.5729209 0.0277262 0.0160657
4 0.1225342 0.5150841 0.0277262 0.0160657
25 0.5459888 0.3415740 0.0277262 0.0160657
8 0.1225342 0.2837373 0.0277262 0.0160657
6 0.2636857 0.3415740 0.0277262 0.0160657
30 0.4048373 0.2837373 0.0277262 0.0160657
26 0.1225342 0.3994107 0.0277262 0.0160657
9 0.3330012 0.2837373 0.0277262 0.0160657
25 0.4048373 0.4572474 0.0277262 0.0160657
22 0.2636857 0.5150841 0.0277262 0.0160657
1 0.1225342 0.4572474 0.0277262 0.0160657
12 0.3330012 0.3415740 0.0277262 0.0160657
8 0.4754130 0.5150841 0.0277262 0.0160657
21 0.3330012 0.5150841 0.0277262 0.0160657
3 0.5459888 0.5150841 0.0277262 0.0160657
27 0.5459888 0.4572474 0.0277262 0.0160657
