9 0.5560649 0.3667849 0.0286407 0.0166746
1 0.1186427 0.5468709 0.0286407 0.0166747
32 0.3393066 0.4918446 0.5272500 0.4268705
33 0.3380048 0.3073120 0.4777796 0.0155630
27 0.1915464 0.3667849 0.0286407 0.0166746
3 0.2644501 0.3667849 0.0286407 0.0166746
26 0.3360520 0.3667849 0.0286407 0.0166746
30 0.4831612 0.3667849 0.0286407 0.0166746
16 0.1186427 0.4268135 0.0286407 0.0166746
23 0.1915464 0.4268135 0.0286407 0.0166746
10 0.2644501 0.4268135 0.0286407 0.0166746
5 0.3360520 0.4268135 0.0286407 0.0166746
4 0.4102575 0.4268135 0.0286407 0.0166746
1 0.4831612 0.4268135 0.0286407 0.0166746
11 0.1915464 0.4868422 0.0286407 0.0166746
13 0.3360520 0.4868422 0.0286407 0.0166746
34 0.4825103 0.4862864 0.0663945 0.0600287
1 0.4831612 0.4868422 0.0286407 0.0166746
17 0.2644501 0.5468709 0.0286407 0.0166747
7 0.4102575 0.5468709 0.0286407 0.0166747
24 0.1186427 0.6068995 0.0286407 0.0166746
18 0.2644501 0.6068995 0.0286407 0.0166746
12 0.4102575 0.6068995 0.0286407 0.0166746
25 0.4831612 0.6068995 0.0286407 0.0166746
6 0.5560649 0.6068995 0.0286407 0.0166746
29 0.1186427 0.6669282 0.0286407 0.0166747
19 0.1915464 0.6669282 0.0286407 0.0166747
2 0.2644501 0.6669282 0.0286407 0.0166747
20 0.3360520 0.6669282 0.0286407 0.0166747
21 0.4102575 0.6669282 0.0286407 0.0166747
12 0.5560649 0.4868422 0.0286407 0.0166746
18 0.5560649 0.4268135 0.0286407 0.0166746
30 0.1186427 0.4868422 0.0286407 0.0166746
16 0.1915464 0.5468709 0.0286407 0.0166747
25 0.2644501 0.4868422 0.0286407 0.0166746
12 0.1186427 0.3667849 0.0286407 0.0166746
29 0.4831612 0.5468709 0.0286407 0.0166747
26 0.1915464 0.6068995 0.0286407 0.0166746
26 0.4102575 0.3667849 0.0286407 0.0166746
25 0.4102575 0.4868422 0.0286407 0.0166746
24 0.5560649 0.6669282 0.0286407 0.0166747
4 0.5560649 0.5468709 0.0286407 0.0166747
4 0.3360520 0.6068995 0.0286407 0.0166746
6 0.4831612 0.6669282 0.0286407 0.0166747
8 0.3360520 0.5468709 0.0286407 0.0166747
