10 0.1576701 0.4744429 0.0262908 0.0173046
25 0.2903193 0.3498499 0.0262908 0.0173046
32 0.2933069 0.3550412 0.4839905 0.4429974
33 0.2921119 0.1635372 0.4385790 0.0161510
18 0.2245922 0.2252568 0.0262908 0.0173046
3 0.4922808 0.2252568 0.0262908 0.0173046
12 0.1576701 0.2875533 0.0262908 0.0173046
34 0.2245922 0.2869765 0.0621420 0.0622965
1 0.2245922 0.2875533 0.0262908 0.0173046
16 0.2903193 0.2875533 0.0262908 0.0173046
23 0.3584365 0.2875533 0.0262909 0.0173046
29 0.4253587 0.2875533 0.0262908 0.0173046
6 0.4922808 0.2875533 0.0262908 0.0173046
31 0.1576701 0.3498499 0.0262908 0.0173046
2 0.3584365 0.3498499 0.0262909 0.0173046
17 0.4922808 0.3498499 0.0262908 0.0173046
20 0.0907479 0.4121463 0.0262908 0.0173046
10 0.1576701 0.4121463 0.0262908 0.0173046
30 0.2245922 0.4121463 0.0262908 0.0173046
14 0.3584365 0.4121463 0.0262909 0.0173046
22 0.4922808 0.4121463 0.0262908 0.0173046
8 0.2245922 0.4744429 0.0262908 0.0173046
27 0.3584365 0.4744429 0.0262909 0.0173046
4 0.4253587 0.4744429 0.0262908 0.0173046
9 0.4922808 0.4744429 0.0262908 0.0173046
15 0.0907479 0.5367394 0.0262908 0.0173046
1 0.1576701 0.5367394 0.0262908 0.0173046
5 0.3584365 0.5367394 0.0262909 0.0173046
21 0.4253587 0.5367394 0.0262908 0.0173046
21 0.0907479 0.2252568 0.0262908 0.0173046
11 0.4253587 0.2252568 0.0262908 0.0173046
1 0.2903193 0.5367394 0.0262908 0.0173046
13 0.2245922 0.3498499 0.0262908 0.0173046
16 0.4253587 0.3498499 0.0262908 0.0173046
14 0.0907479 0.4744429 0.0262908 0.0173046
2 0.2903193 0.4744429 0.0262908 0.0173046
11 0.0907479 0.2875533 0.0262908 0.0173046
9 0.4922808 0.5367394 0.0262908 0.0173046
4 0.4253587 0.4121463 0.0262908 0.0173046
13 0.3584365 0.2252568 0.0262909 0.0173046
3 0.0907479 0.3498499 0.0262908 0.0173046
1 0.2903193 0.2252568 0.0262908 0.0173046
10 0.1576701 0.2252568 0.0262908 0.0173046
31 0.2245922 0.5367394 0.0262908 0.0173046
5 0.2903193 0.4121463 0.0262908 0.0173046
