4 0.1590742 0.6820025 0.0272506 0.0173144
25 0.5059002 0.5573387 0.0272506 0.0173145
32 0.2996626 0.5002011 0.5016590 0.4432489
33 0.2984239 0.3085883 0.4545898 0.0161601
6 0.0897090 0.3703430 0.0272506 0.0173144
14 0.2965659 0.3703430 0.0272506 0.0173144
9 0.4365350 0.3703430 0.0272506 0.0173144
10 0.5059002 0.3703430 0.0272506 0.0173144
31 0.2284394 0.4326749 0.0272506 0.0173145
24 0.2965659 0.4326749 0.0272506 0.0173145
22 0.5059002 0.4326749 0.0272506 0.0173145
1 0.0897090 0.4950068 0.0272506 0.0173145
16 0.2965659 0.4950068 0.0272506 0.0173145
34 0.3665504 0.4944296 0.0656492 0.0623319
29 0.3671698 0.4950068 0.0272506 0.0173145
26 0.5059002 0.4950068 0.0272506 0.0173145
18 0.1590742 0.5573387 0.0272506 0.0173145
29 0.2965659 0.5573387 0.0272506 0.0173145
12 0.3671698 0.5573387 0.0272506 0.0173145
5 0.0897090 0.6196705 0.0272506 0.0173144
17 0.2284394 0.6196705 0.0272506 0.0173144
25 0.2965659 0.6196705 0.0272506 0.0173144
30 0.3671698 0.6196705 0.0272506 0.0173144
19 0.4365350 0.6196705 0.0272506 0.0173144
4 0.5059002 0.6196705 0.0272506 0.0173144
13 0.0897090 0.6820025 0.0272506 0.0173144
8 0.2284394 0.6820025 0.0272506 0.0173144
3 0.3671698 0.6820025 0.0272506 0.0173144
27 0.5059002 0.6820025 0.0272506 0.0173144
16 0.1590742 0.4326749 0.0272506 0.0173145
15 0.2284394 0.3703430 0.0272506 0.0173144
11 0.3671698 0.3703430 0.0272506 0.0173144
13 0.0897090 0.4326749 0.0272506 0.0173145
14 0.4365350 0.4326749 0.0272506 0.0173145
25 0.2284394 0.5573387 0.0272506 0.0173145
26 0.2284394 0.4950068 0.0272506 0.0173145
25 0.1590742 0.6196705 0.0272506 0.0173144
13 0.1590742 0.3703430 0.0272506 0.0173144
29 0.0897090 0.5573387 0.0272506 0.0173145
25 0.4365350 0.4950068 0.0272506 0.0173145
16 0.1590742 0.4950068 0.0272506 0.0173145
27 0.4365350 0.5573387 0.0272506 0.0173145
26 0.4365350 0.6820025 0.0272506 0.0173144
7 0.2965659 0.6820025 0.0272506 0.0173144
30 0.3671698 0.4326749 0.0272506 0.0173145
