24 0.1057520 0.6800121 0.0284366 0.0165070
22 0.3952881 0.4423108 0.0284366 0.0165070
32 0.3248429 0.5661136 0.5234916 0.4225801
33 0.3235503 0.3834357 0.4743739 0.0154066
27 0.1781360 0.4423108 0.0284366 0.0165070
16 0.2505200 0.4423108 0.0284366 0.0165070
30 0.5400562 0.4423108 0.0284366 0.0165070
25 0.3216115 0.5017361 0.0284366 0.0165071
18 0.3952881 0.5017361 0.0284366 0.0165071
15 0.4676721 0.5017361 0.0284366 0.0165071
13 0.1057520 0.5611615 0.0284366 0.0165071
9 0.2505200 0.5611615 0.0284366 0.0165071
7 0.3216115 0.5611615 0.0284366 0.0165071
19 0.3952881 0.5611615 0.0284366 0.0165071
34 0.5400562 0.5606112 0.0672137 0.0594254
11 0.5400562 0.5611615 0.0284366 0.0165071
10 0.1057520 0.6205868 0.0284366 0.0165070
5 0.1781360 0.6205868 0.0284366 0.0165070
2 0.2505200 0.6205868 0.0284366 0.0165070
4 0.3216115 0.6205868 0.0284366 0.0165070
8 0.4676721 0.6205868 0.0284366 0.0165070
3 0.1781360 0.6800121 0.0284366 0.0165070
31 0.3216115 0.6800121 0.0284366 0.0165070
1 0.4676721 0.6800121 0.0284366 0.0165070
11 0.5400562 0.6800121 0.0284366 0.0165070
22 0.1057520 0.7394375 0.0284366 0.0165070
6 0.1781360 0.7394375 0.0284366 0.0165070
23 0.3952881 0.7394375 0.0284366 0.0165070
26 0.4676721 0.7394375 0.0284366 0.0165070
25 0.2505200 0.7394375 0.0284366 0.0165070
22 0.4676721 0.5611615 0.0284366 0.0165071
14 0.3216115 0.4423108 0.0284366 0.0165070
18 0.1781360 0.5017361 0.0284366 0.0165071
14 0.1057520 0.5017361 0.0284366 0.0165071
14 0.4676721 0.4423108 0.0284366 0.0165070
10 0.2505200 0.5017361 0.0284366 0.0165071
31 0.5400562 0.5017361 0.0284366 0.0165071
12 0.5400562 0.7394375 0.0284366 0.0165070
12 0.5400562 0.6205868 0.0284366 0.0165070
29 0.2505200 0.6800121 0.0284366 0.0165070
10 0.1781360 0.5611615 0.0284366 0.0165071
21 0.3952881 0.6205868 0.0284366 0.0165070
7 0.3952881 0.6800121 0.0284366 0.0165070
18 0.3216115 0.7394375 0.0284366 0.0165070
5 0.1057520 0.4423108 0.0284366 0.0165070
