28 0.7783714 0.4156745 0.0271663 0.0174286
28 0.7092210 0.7293889 0.0271663 0.0174285
32 0.6419228 0.5463888 0.5001055 0.4461716
33 0.6406880 0.3535126 0.4531821 0.0162666
6 0.4326194 0.4156745 0.0271663 0.0174286
17 0.5017698 0.4156745 0.0271663 0.0174286
13 0.5709202 0.4156745 0.0271663 0.0174286
21 0.6388357 0.4156745 0.0271662 0.0174286
1 0.7092210 0.4156745 0.0271663 0.0174286
20 0.4326194 0.4784174 0.0271663 0.0174286
29 0.5017698 0.4784174 0.0271663 0.0174286
34 0.5709202 0.4778364 0.0642111 0.0627429
17 0.5709202 0.4784174 0.0271663 0.0174286
5 0.7092210 0.4784174 0.0271663 0.0174286
11 0.8475217 0.4784174 0.0271663 0.0174286
31 0.5017698 0.5411602 0.0271663 0.0174286
15 0.7092210 0.5411602 0.0271663 0.0174286
30 0.7783714 0.5411602 0.0271663 0.0174286
2 0.8475217 0.5411602 0.0271663 0.0174286
23 0.4326194 0.6039031 0.0271663 0.0174286
8 0.7783714 0.6039031 0.0271663 0.0174286
3 0.8475217 0.6039031 0.0271663 0.0174286
26 0.5017698 0.6666461 0.0271663 0.0174286
7 0.6388357 0.6666461 0.0271662 0.0174286
9 0.7092210 0.6666461 0.0271663 0.0174286
19 0.7783714 0.6666461 0.0271663 0.0174286
12 0.8475217 0.6666461 0.0271663 0.0174286
16 0.5017698 0.7293889 0.0271663 0.0174285
18 0.7783714 0.7293889 0.0271663 0.0174285
7 0.4326194 0.7293889 0.0271663 0.0174285
20 0.8475217 0.4156745 0.0271663 0.0174286
20 0.4326194 0.6666461 0.0271663 0.0174286
29 0.5709202 0.5411602 0.0271663 0.0174286
8 0.8475217 0.7293889 0.0271663 0.0174285
27 0.6388357 0.4784174 0.0271662 0.0174286
27 0.6388357 0.7293889 0.0271662 0.0174285
31 0.5017698 0.6039031 0.0271663 0.0174286
22 0.6388357 0.6039031 0.0271662 0.0174286
13 0.5709202 0.7293889 0.0271663 0.0174285
18 0.5709202 0.6039031 0.0271663 0.0174286
1 0.7092210 0.6039031 0.0271663 0.0174286
27 0.7783714 0.4784174 0.0271663 0.0174286
4 0.5709202 0.6666461 0.0271663 0.0174286
18 0.6388357 0.5411602 0.0271662 0.0174286
31 0.4326194 0.5411602 0.0271663 0.0174286
