31 0.6307327 0.3930940 0.0269186 0.0168705
7 0.3566521 0.2716261 0.0269186 0.0168705
32 0.5640479 0.3981552 0.4955475 0.4318859
33 0.5628243 0.2114545 0.4490517 0.0157458
10 0.6992528 0.2716261 0.0269186 0.0168705
4 0.3566521 0.3323601 0.0269186 0.0168706
22 0.4936923 0.3323601 0.0269186 0.0168706
12 0.6992528 0.3323601 0.0269186 0.0168706
34 0.4245604 0.3925317 0.0624023 0.0607339
11 0.4251722 0.3930940 0.0269186 0.0168705
23 0.4936923 0.3930940 0.0269186 0.0168705
8 0.5609889 0.3930940 0.0269186 0.0168705
27 0.6992528 0.3930940 0.0269186 0.0168705
14 0.3566521 0.4538280 0.0269186 0.0168705
26 0.6992528 0.4538280 0.0269186 0.0168705
17 0.7677730 0.4538280 0.0269186 0.0168705
2 0.3566521 0.5145619 0.0269186 0.0168705
7 0.4251722 0.5145619 0.0269186 0.0168705
6 0.4936923 0.5145619 0.0269186 0.0168705
3 0.5609889 0.5145619 0.0269186 0.0168705
20 0.6307327 0.5145619 0.0269186 0.0168705
13 0.6992528 0.5145619 0.0269186 0.0168705
29 0.7677730 0.5145619 0.0269186 0.0168705
18 0.3566521 0.5752959 0.0269186 0.0168705
21 0.4251722 0.5752959 0.0269186 0.0168705
15 0.4936923 0.5752959 0.0269186 0.0168705
11 0.5609889 0.5752959 0.0269186 0.0168705
31 0.6307327 0.5752959 0.0269186 0.0168705
5 0.6992528 0.5752959 0.0269186 0.0168705
5 0.4936923 0.2716261 0.0269186 0.0168705
5 0.6307327 0.3323601 0.0269186 0.0168706
21 0.4251722 0.4538280 0.0269186 0.0168705
9 0.4936923 0.4538280 0.0269186 0.0168705
25 0.3566521 0.3930940 0.0269186 0.0168705
17 0.7677730 0.3323601 0.0269186 0.0168706
1 0.7677730 0.5752959 0.0269186 0.0168705
7 0.6307327 0.2716261 0.0269186 0.0168705
24 0.5609889 0.4538280 0.0269186 0.0168705
24 0.4251722 0.3323601 0.0269186 0.0168706
21 0.7677730 0.3930940 0.0269186 0.0168705
16 0.7677730 0.2716261 0.0269186 0.0168705
13 0.6307327 0.4538280 0.0269186 0.0168705
31 0.5609889 0.3323601 0.0269186 0.0168706
11 0.4251722 0.2716261 0.0269186 0.0168705
9 0.5609889 0.2716261 0.0269186 0.0168705
