11 0.1633050 0.4639800 0.0264175 0.0169432
5 0.2965931 0.6469661 0.0264175 0.0169432
32 0.2995951 0.5300583 0.4863214 0.4337448
33 0.2983942 0.3425541 0.4406913 0.0158136
4 0.2305494 0.4029847 0.0264175 0.0169432
11 0.4322828 0.4029847 0.0264175 0.0169432
25 0.4995272 0.4029847 0.0264175 0.0169432
21 0.0960605 0.4639800 0.0264175 0.0169432
34 0.2965931 0.4634152 0.0624413 0.0609953
13 0.2965931 0.4639800 0.0264175 0.0169432
2 0.3650383 0.4639800 0.0264175 0.0169432
16 0.1633050 0.5249754 0.0264175 0.0169432
30 0.2305494 0.5249754 0.0264175 0.0169432
8 0.3650383 0.5249754 0.0264175 0.0169432
7 0.4995272 0.5249754 0.0264175 0.0169432
14 0.0960605 0.5859707 0.0264175 0.0169432
13 0.1633050 0.5859707 0.0264175 0.0169432
10 0.2305494 0.5859707 0.0264175 0.0169432
29 0.3650383 0.5859707 0.0264175 0.0169432
5 0.4322828 0.5859707 0.0264175 0.0169432
31 0.4995272 0.5859707 0.0264175 0.0169432
27 0.1633050 0.6469661 0.0264175 0.0169432
23 0.2305494 0.6469661 0.0264175 0.0169432
3 0.3650383 0.6469661 0.0264175 0.0169432
18 0.4995272 0.6469661 0.0264175 0.0169432
6 0.2305494 0.7079616 0.0264175 0.0169432
12 0.2965931 0.7079616 0.0264175 0.0169432
26 0.3650383 0.7079616 0.0264175 0.0169432
1 0.4995272 0.7079616 0.0264175 0.0169432
15 0.4322828 0.4639800 0.0264175 0.0169432
11 0.3650383 0.4029847 0.0264175 0.0169432
6 0.4995272 0.4639800 0.0264175 0.0169432
5 0.4322828 0.7079616 0.0264175 0.0169432
3 0.2965931 0.5859707 0.0264175 0.0169432
18 0.0960605 0.5249754 0.0264175 0.0169432
20 0.2965931 0.5249754 0.0264175 0.0169432
5 0.1633050 0.7079616 0.0264175 0.0169432
2 0.2305494 0.4639800 0.0264175 0.0169432
26 0.2965931 0.4029847 0.0264175 0.0169432
20 0.4322828 0.5249754 0.0264175 0.0169432
30 0.4322828 0.6469661 0.0264175 0.0169432
21 0.1633050 0.4029847 0.0264175 0.0169432
22 0.0960605 0.4029847 0.0264175 0.0169432
19 0.0960605 0.6469661 0.0264175 0.0169432
12 0.0960605 0.7079616 0.0264175 0.0169432
