12 0.6681866 0.4611356 0.0272948 0.0169671
3 0.3902767 0.4611356 0.0272947 0.0169671
32 0.5310926 0.4662257 0.5024708 0.4343576
33 0.5298520 0.2784565 0.4553255 0.0158359
6 0.5279910 0.3389725 0.0272947 0.0169671
4 0.5987091 0.3389725 0.0272947 0.0169671
16 0.6681866 0.3389725 0.0272948 0.0169671
26 0.4597542 0.4000541 0.0272947 0.0169671
34 0.5279910 0.3994885 0.0645148 0.0610815
11 0.5279910 0.4000541 0.0272947 0.0169671
21 0.5987091 0.4000541 0.0272947 0.0169671
31 0.3207993 0.4611356 0.0272947 0.0169671
7 0.4597542 0.4611356 0.0272947 0.0169671
14 0.5279910 0.4611356 0.0272947 0.0169671
30 0.3207993 0.5222171 0.0272947 0.0169671
11 0.4597542 0.5222171 0.0272947 0.0169671
18 0.5279910 0.5222171 0.0272947 0.0169671
17 0.5987091 0.5222171 0.0272947 0.0169671
15 0.6681866 0.5222171 0.0272948 0.0169671
8 0.7376640 0.5222171 0.0272947 0.0169671
1 0.3207993 0.5832987 0.0272947 0.0169671
3 0.4597542 0.5832987 0.0272947 0.0169671
2 0.5279910 0.5832987 0.0272947 0.0169671
12 0.5987091 0.5832987 0.0272947 0.0169671
10 0.6681866 0.5832987 0.0272948 0.0169671
5 0.3207993 0.6443802 0.0272947 0.0169671
19 0.3902767 0.6443802 0.0272947 0.0169671
29 0.4597542 0.6443802 0.0272947 0.0169671
22 0.5987091 0.6443802 0.0272947 0.0169671
19 0.3902767 0.5222171 0.0272947 0.0169671
11 0.6681866 0.6443802 0.0272948 0.0169671
20 0.3207993 0.4000541 0.0272947 0.0169671
28 0.7376640 0.5832987 0.0272947 0.0169671
31 0.3902767 0.5832987 0.0272947 0.0169671
21 0.5279910 0.6443802 0.0272947 0.0169671
14 0.7376640 0.3389725 0.0272947 0.0169671
12 0.3902767 0.3389725 0.0272947 0.0169671
22 0.7376640 0.6443802 0.0272947 0.0169671
3 0.7376640 0.4000541 0.0272947 0.0169671
3 0.3902767 0.4000541 0.0272947 0.0169671
5 0.3207993 0.3389725 0.0272947 0.0169671
28 0.6681866 0.4000541 0.0272948 0.0169671
9 0.7376640 0.4611356 0.0272947 0.0169671
14 0.4597542 0.3389725 0.0272947 0.0169671
17 0.5987091 0.4611356 0.0272947 0.0169671
