17 0.5706914 0.6179278 0.0287542 0.0162262
11 0.2779208 0.3842706 0.0287543 0.0162262
32 0.4994592 0.5059671 0.5293396 0.4153906
33 0.4981522 0.3263972 0.4796732 0.0151444
19 0.4243061 0.3842706 0.0287543 0.0162262
10 0.4961917 0.3842706 0.0287543 0.0162262
18 0.5706914 0.3842706 0.0287542 0.0162262
27 0.7170766 0.3842706 0.0287542 0.0162262
6 0.3511134 0.4426849 0.0287542 0.0162262
25 0.4961917 0.4426849 0.0287543 0.0162262
31 0.5706914 0.4426849 0.0287542 0.0162262
11 0.6438840 0.4426849 0.0287542 0.0162262
22 0.4243061 0.5010992 0.0287543 0.0162262
20 0.4961917 0.5010992 0.0287543 0.0162262
1 0.7170766 0.5010992 0.0287542 0.0162262
13 0.2779208 0.5595135 0.0287543 0.0162262
3 0.3511134 0.5595135 0.0287542 0.0162262
9 0.4961917 0.5595135 0.0287543 0.0162262
34 0.5700378 0.5589726 0.0692716 0.0584143
22 0.5706914 0.5595135 0.0287542 0.0162262
14 0.6438840 0.5595135 0.0287542 0.0162262
24 0.7170766 0.5595135 0.0287542 0.0162262
29 0.4243061 0.6179278 0.0287543 0.0162262
2 0.4961917 0.6179278 0.0287543 0.0162262
16 0.6438840 0.6179278 0.0287542 0.0162262
21 0.3511134 0.6763421 0.0287542 0.0162262
7 0.4961917 0.6763421 0.0287543 0.0162262
17 0.5706914 0.6763421 0.0287542 0.0162262
30 0.7170766 0.6763421 0.0287542 0.0162262
12 0.4243061 0.5595135 0.0287543 0.0162262
21 0.4243061 0.6763421 0.0287543 0.0162262
20 0.3511134 0.5010992 0.0287542 0.0162262
3 0.4243061 0.4426849 0.0287543 0.0162262
10 0.5706914 0.5010992 0.0287542 0.0162262
28 0.2779208 0.4426849 0.0287543 0.0162262
30 0.6438840 0.3842706 0.0287542 0.0162262
28 0.7170766 0.4426849 0.0287542 0.0162262
9 0.6438840 0.6763421 0.0287542 0.0162262
10 0.3511134 0.3842706 0.0287542 0.0162262
11 0.2779208 0.6763421 0.0287543 0.0162262
11 0.2779208 0.5010992 0.0287543 0.0162262
9 0.2779208 0.6179278 0.0287543 0.0162262
10 0.7170766 0.6179278 0.0287542 0.0162262
11 0.6438840 0.5010992 0.0287542 0.0162262
26 0.3511134 0.6179278 0.0287542 0.0162262
