2 0.7172517 0.4033592 0.0261839 0.0164464
26 0.5839522 0.5809807 0.0261839 0.0164464
32 0.6523872 0.4675003 0.4820205 0.4210287
33 0.6511971 0.2854931 0.4367938 0.0153500
15 0.4506527 0.3441521 0.0261839 0.0164464
34 0.5167074 0.3436039 0.0606989 0.0592072
7 0.5173025 0.3441521 0.0261838 0.0164464
19 0.6494118 0.3441521 0.0261838 0.0164464
16 0.7172517 0.3441521 0.0261839 0.0164464
14 0.7839014 0.3441521 0.0261839 0.0164464
10 0.8505511 0.3441521 0.0261838 0.0164464
7 0.5173025 0.4033592 0.0261838 0.0164464
18 0.7839014 0.4033592 0.0261839 0.0164464
1 0.8505511 0.4033592 0.0261838 0.0164464
23 0.4506527 0.4625664 0.0261839 0.0164464
6 0.5173025 0.4625664 0.0261838 0.0164464
21 0.5839522 0.4625664 0.0261839 0.0164464
25 0.7172517 0.4625664 0.0261839 0.0164464
29 0.4506527 0.5217735 0.0261839 0.0164464
9 0.5173025 0.5217735 0.0261838 0.0164464
3 0.6494118 0.5217735 0.0261838 0.0164464
2 0.7172517 0.5217735 0.0261839 0.0164464
24 0.7839014 0.5217735 0.0261839 0.0164464
31 0.8505511 0.5217735 0.0261838 0.0164464
8 0.5173025 0.5809807 0.0261838 0.0164464
5 0.7172517 0.5809807 0.0261839 0.0164464
11 0.4506527 0.6401879 0.0261839 0.0164464
30 0.5173025 0.6401879 0.0261838 0.0164464
13 0.7172517 0.6401879 0.0261839 0.0164464
27 0.4506527 0.5809807 0.0261839 0.0164464
17 0.5839522 0.3441521 0.0261839 0.0164464
30 0.6494118 0.4625664 0.0261838 0.0164464
30 0.5839522 0.6401879 0.0261839 0.0164464
26 0.6494118 0.5809807 0.0261838 0.0164464
11 0.8505511 0.6401879 0.0261838 0.0164464
7 0.4506527 0.4033592 0.0261839 0.0164464
8 0.7839014 0.4625664 0.0261839 0.0164464
1 0.5839522 0.4033592 0.0261839 0.0164464
22 0.8505511 0.4625664 0.0261838 0.0164464
24 0.5839522 0.5217735 0.0261839 0.0164464
12 0.6494118 0.4033592 0.0261838 0.0164464
6 0.7839014 0.5809807 0.0261839 0.0164464
9 0.8505511 0.5809807 0.0261838 0.0164464
14 0.7839014 0.6401879 0.0261839 0.0164464
12 0.6494118 0.6401879 0.0261838 0.0164464
