22 0.4160703 0.3389687 0.0271125 0.0165643
10 0.6921253 0.5178635 0.0271126 0.0165643
32 0.6249602 0.4632012 0.4991173 0.4240469
33 0.6237278 0.2798893 0.4522866 0.0154601
29 0.5540978 0.3389687 0.0271126 0.0165643
34 0.7605229 0.3384165 0.0628519 0.0596316
29 0.7611391 0.3389687 0.0271125 0.0165643
9 0.4160703 0.3986003 0.0271125 0.0165643
8 0.5540978 0.3986003 0.0271126 0.0165643
27 0.7611391 0.3986003 0.0271125 0.0165643
24 0.8301528 0.3986003 0.0271126 0.0165643
16 0.4850841 0.4582319 0.0271126 0.0165643
20 0.5540978 0.4582319 0.0271126 0.0165643
18 0.6218792 0.4582319 0.0271126 0.0165643
6 0.7611391 0.4582319 0.0271125 0.0165643
2 0.8301528 0.4582319 0.0271126 0.0165643
5 0.4160703 0.5178635 0.0271125 0.0165643
31 0.4850841 0.5178635 0.0271126 0.0165643
15 0.5540978 0.5178635 0.0271126 0.0165643
13 0.6218792 0.5178635 0.0271126 0.0165643
30 0.4850841 0.5774951 0.0271126 0.0165643
21 0.5540978 0.5774951 0.0271126 0.0165643
3 0.6218792 0.5774951 0.0271126 0.0165643
22 0.7611391 0.5774951 0.0271125 0.0165643
17 0.8301528 0.5774951 0.0271126 0.0165643
10 0.4160703 0.6371267 0.0271125 0.0165643
23 0.6218792 0.6371267 0.0271126 0.0165643
26 0.7611391 0.6371267 0.0271125 0.0165643
19 0.8301528 0.6371267 0.0271126 0.0165643
11 0.8301528 0.3389687 0.0271126 0.0165643
4 0.4160703 0.4582319 0.0271125 0.0165643
12 0.4850841 0.3389687 0.0271126 0.0165643
31 0.4850841 0.3986003 0.0271126 0.0165643
11 0.4160703 0.5774951 0.0271125 0.0165643
31 0.6218792 0.3986003 0.0271126 0.0165643
3 0.4850841 0.6371267 0.0271126 0.0165643
6 0.6218792 0.3389687 0.0271126 0.0165643
9 0.6921253 0.4582319 0.0271126 0.0165643
19 0.6921253 0.3986003 0.0271126 0.0165643
2 0.7611391 0.5178635 0.0271125 0.0165643
12 0.6921253 0.5774951 0.0271126 0.0165643
4 0.6921253 0.6371267 0.0271126 0.0165643
18 0.8301528 0.5178635 0.0271126 0.0165643
21 0.6921253 0.3389687 0.0271126 0.0165643
22 0.5540978 0.6371267 0.0271126 0.0165643
