14 0.5117202 0.2867225 0.0265903 0.0162321
16 0.5117202 0.3451581 0.0265903 0.0162321
32 0.5812175 0.4084634 0.4895023 0.4155423
33 0.5800088 0.2288279 0.4435737 0.0151500
22 0.3763517 0.2867225 0.0265903 0.0162321
4 0.4440359 0.2867225 0.0265903 0.0162321
17 0.5781958 0.2867225 0.0265902 0.0162321
16 0.7147730 0.2867225 0.0265903 0.0162321
9 0.7824573 0.2867225 0.0265903 0.0162321
27 0.3763517 0.3451581 0.0265903 0.0162321
31 0.4440359 0.3451581 0.0265903 0.0162321
19 0.7147730 0.3451581 0.0265903 0.0162321
14 0.7824573 0.3451581 0.0265903 0.0162321
24 0.3763517 0.4035937 0.0265903 0.0162321
21 0.4440359 0.4035937 0.0265903 0.0162321
23 0.5117202 0.4035937 0.0265903 0.0162321
29 0.6470888 0.4035937 0.0265903 0.0162321
2 0.7824573 0.4035937 0.0265903 0.0162321
5 0.5781958 0.4620294 0.0265902 0.0162321
13 0.7147730 0.4620294 0.0265903 0.0162321
20 0.7824573 0.4620294 0.0265903 0.0162321
12 0.3763517 0.5204651 0.0265903 0.0162322
1 0.4440359 0.5204651 0.0265903 0.0162322
25 0.7824573 0.5204651 0.0265903 0.0162322
15 0.3763517 0.5789007 0.0265903 0.0162321
30 0.5117202 0.5789007 0.0265903 0.0162321
34 0.5781958 0.5783596 0.0628497 0.0584357
13 0.5781958 0.5789007 0.0265902 0.0162321
7 0.6470888 0.5789007 0.0265903 0.0162321
28 0.5117202 0.5204651 0.0265903 0.0162322
4 0.7147730 0.5204651 0.0265903 0.0162322
2 0.4440359 0.4620294 0.0265903 0.0162321
10 0.6470888 0.5204651 0.0265903 0.0162322
17 0.6470888 0.3451581 0.0265903 0.0162321
7 0.5781958 0.3451581 0.0265902 0.0162321
17 0.3763517 0.4620294 0.0265903 0.0162321
6 0.4440359 0.5789007 0.0265903 0.0162321
9 0.6470888 0.2867225 0.0265903 0.0162321
18 0.6470888 0.4620294 0.0265903 0.0162321
1 0.7147730 0.4035937 0.0265903 0.0162321
14 0.7824573 0.5789007 0.0265903 0.0162321
10 0.5781958 0.4035937 0.0265902 0.0162321
19 0.5117202 0.4620294 0.0265903 0.0162321
20 0.7147730 0.5789007 0.0265903 0.0162321
26 0.5781958 0.5204651 0.0265902 0.0162322
