13 0.5721006 0.5324197 0.0264974 0.0166128
3 0.5721006 0.5922257 0.0264974 0.0166128
32 0.5064593 0.4775975 0.4877931 0.4252871
33 0.5052548 0.2937495 0.4420248 0.0155053
5 0.4372047 0.3530017 0.0264974 0.0166128
23 0.5721006 0.3530017 0.0264974 0.0166128
12 0.6395485 0.3530017 0.0264974 0.0166128
3 0.7069964 0.3530017 0.0264973 0.0166128
11 0.4372047 0.4128077 0.0264974 0.0166128
10 0.5034482 0.4128077 0.0264974 0.0166128
14 0.5721006 0.4128077 0.0264974 0.0166128
21 0.6395485 0.4128077 0.0264974 0.0166128
24 0.7069964 0.4128077 0.0264973 0.0166128
34 0.3023088 0.4720599 0.0626302 0.0598060
18 0.3023088 0.4726137 0.0264974 0.0166128
22 0.4372047 0.4726137 0.0264974 0.0166128
18 0.5034482 0.4726137 0.0264974 0.0166128
16 0.6395485 0.4726137 0.0264974 0.0166128
26 0.3023088 0.5324197 0.0264974 0.0166128
9 0.6395485 0.5324197 0.0264974 0.0166128
13 0.3023088 0.5922257 0.0264974 0.0166128
31 0.3697568 0.5922257 0.0264974 0.0166128
27 0.6395485 0.5922257 0.0264974 0.0166128
4 0.7069964 0.5922257 0.0264973 0.0166128
17 0.3023088 0.6520317 0.0264974 0.0166128
2 0.3697568 0.6520317 0.0264974 0.0166128
20 0.4372047 0.6520317 0.0264974 0.0166128
1 0.6395485 0.6520317 0.0264974 0.0166128
8 0.7069964 0.6520317 0.0264973 0.0166128
27 0.5034482 0.5324197 0.0264974 0.0166128
30 0.3697568 0.5324197 0.0264974 0.0166128
30 0.5034482 0.3530017 0.0264974 0.0166128
24 0.5721006 0.6520317 0.0264974 0.0166128
26 0.7069964 0.5324197 0.0264973 0.0166128
19 0.7069964 0.4726137 0.0264973 0.0166128
14 0.5034482 0.6520317 0.0264974 0.0166128
21 0.5721006 0.4726137 0.0264974 0.0166128
14 0.5034482 0.5922257 0.0264974 0.0166128
20 0.3697568 0.3530017 0.0264974 0.0166128
18 0.4372047 0.5922257 0.0264974 0.0166128
20 0.4372047 0.5324197 0.0264974 0.0166128
12 0.3697568 0.4128077 0.0264974 0.0166128
17 0.3023088 0.3530017 0.0264974 0.0166128
15 0.3023088 0.4128077 0.0264974 0.0166128
16 0.3697568 0.4726137 0.0264974 0.0166128
