6 0.1112308 0.4248419 0.0288170 0.0168455
31 0.1845831 0.5461297 0.0288170 0.0168455
32 0.2631988 0.5511834 0.5238976 0.4312457
33 0.2585904 0.3647595 0.4807199 0.0157225
24 0.1845831 0.4248419 0.0288170 0.0168455
9 0.3312878 0.4248419 0.0288170 0.0168455
20 0.4779926 0.4248419 0.0288170 0.0168455
26 0.0378784 0.4854858 0.0288170 0.0168455
8 0.1112308 0.4854858 0.0288170 0.0168455
12 0.1845831 0.4854858 0.0288170 0.0168455
10 0.4779926 0.4854858 0.0288170 0.0168455
3 0.0378784 0.5461297 0.0288170 0.0168455
2 0.1112308 0.5461297 0.0288170 0.0168455
31 0.4046402 0.5461297 0.0288170 0.0168455
7 0.4779926 0.5461297 0.0288170 0.0168455
14 0.1112308 0.6067737 0.0288170 0.0168455
21 0.1845831 0.6067737 0.0288170 0.0168455
11 0.3312878 0.6067737 0.0288170 0.0168455
17 0.4779926 0.6067737 0.0288170 0.0168455
13 0.0378784 0.6674175 0.0288170 0.0168455
25 0.1112308 0.6674175 0.0288170 0.0168455
23 0.2566256 0.6674175 0.0288170 0.0168455
18 0.3312878 0.6674175 0.0288170 0.0168455
16 0.4046402 0.6674175 0.0288170 0.0168455
34 0.4779926 0.6668560 0.0681129 0.0606439
12 0.4779926 0.6674175 0.0288170 0.0168455
4 0.1845831 0.7280615 0.0288170 0.0168455
27 0.2566256 0.7280615 0.0288170 0.0168455
15 0.4046402 0.7280615 0.0288170 0.0168455
31 0.2566256 0.5461297 0.0288170 0.0168455
20 0.4046402 0.4248419 0.0288170 0.0168455
4 0.0378784 0.4248419 0.0288170 0.0168455
12 0.4046402 0.6067737 0.0288170 0.0168455
4 0.2566256 0.4248419 0.0288170 0.0168455
18 0.4046402 0.4854858 0.0288170 0.0168455
20 0.2566256 0.6067737 0.0288170 0.0168455
9 0.0378784 0.6067737 0.0288170 0.0168455
2 0.0378784 0.7280615 0.0288170 0.0168455
5 0.3312878 0.4854858 0.0288170 0.0168455
21 0.1845831 0.6674175 0.0288170 0.0168455
5 0.2566256 0.4854858 0.0288170 0.0168455
6 0.1112308 0.7280615 0.0288170 0.0168455
28 0.3312878 0.7280615 0.0288170 0.0168455
20 0.3312878 0.5461297 0.0288170 0.0168455
3 0.4779926 0.7280615 0.0288170 0.0168455
