22 0.5980558 0.5636913 0.0276440 0.0173942
30 0.4573224 0.6889291 0.0276441 0.0173941
32 0.3888406 0.6315285 0.5089019 0.4452900
33 0.3875840 0.4390333 0.4611531 0.0162345
25 0.1758557 0.5010724 0.0276441 0.0173941
18 0.2462224 0.5010724 0.0276441 0.0173941
11 0.3165891 0.5010724 0.0276440 0.0173941
29 0.3856992 0.5010724 0.0276441 0.0173941
34 0.1758557 0.5631115 0.0653405 0.0626190
22 0.1758557 0.5636913 0.0276441 0.0173942
10 0.2462224 0.5636913 0.0276441 0.0173942
24 0.3165891 0.5636913 0.0276440 0.0173942
27 0.3856992 0.5636913 0.0276441 0.0173942
12 0.5276891 0.5636913 0.0276440 0.0173942
31 0.2462224 0.6263102 0.0276441 0.0173942
8 0.3165891 0.6263102 0.0276440 0.0173942
19 0.5276891 0.6263102 0.0276440 0.0173942
6 0.1758557 0.6889291 0.0276441 0.0173941
9 0.2462224 0.6889291 0.0276441 0.0173941
13 0.3165891 0.6889291 0.0276440 0.0173941
21 0.1758557 0.7515480 0.0276441 0.0173942
20 0.2462224 0.7515480 0.0276441 0.0173942
5 0.3856992 0.7515480 0.0276441 0.0173942
16 0.4573224 0.7515480 0.0276441 0.0173942
23 0.5276891 0.7515480 0.0276440 0.0173942
3 0.5980558 0.7515480 0.0276440 0.0173942
30 0.1758557 0.8141669 0.0276441 0.0173942
4 0.3856992 0.8141669 0.0276441 0.0173942
17 0.4573224 0.8141669 0.0276441 0.0173942
27 0.3856992 0.6263102 0.0276441 0.0173942
14 0.5980558 0.6263102 0.0276440 0.0173942
8 0.3856992 0.6889291 0.0276441 0.0173941
11 0.5276891 0.8141669 0.0276440 0.0173942
19 0.5980558 0.5010724 0.0276440 0.0173941
27 0.3165891 0.7515480 0.0276440 0.0173942
14 0.5276891 0.6889291 0.0276440 0.0173941
29 0.2462224 0.8141669 0.0276441 0.0173942
16 0.5980558 0.8141669 0.0276440 0.0173942
25 0.5980558 0.6889291 0.0276440 0.0173941
12 0.4573224 0.5010724 0.0276441 0.0173941
29 0.4573224 0.6263102 0.0276441 0.0173942
26 0.3165891 0.8141669 0.0276440 0.0173942
8 0.1758557 0.6263102 0.0276441 0.0173942
4 0.4573224 0.5636913 0.0276441 0.0173942
25 0.5276891 0.5010724 0.0276440 0.0173941
