8 0.7397458 0.5543575 0.0276092 0.0160572
13 0.7397458 0.4965517 0.0276092 0.0160572
32 0.6010727 0.3857570 0.5082589 0.4110642
33 0.5998178 0.2080574 0.4605704 0.0149867
3 0.4586347 0.2653280 0.0276091 0.0160572
34 0.5979353 0.2647928 0.0652579 0.0578059
19 0.5979353 0.2653280 0.0276091 0.0160572
14 0.6694680 0.2653280 0.0276091 0.0160572
1 0.7397458 0.2653280 0.0276092 0.0160572
11 0.8100236 0.2653280 0.0276091 0.0160572
24 0.3883569 0.3231340 0.0276091 0.0160572
12 0.7397458 0.3231340 0.0276092 0.0160572
9 0.8100236 0.3231340 0.0276091 0.0160572
21 0.4586347 0.3809398 0.0276091 0.0160572
25 0.5289125 0.3809398 0.0276091 0.0160572
30 0.6694680 0.3809398 0.0276091 0.0160572
20 0.8100236 0.3809398 0.0276091 0.0160572
15 0.3883569 0.4387458 0.0276091 0.0160572
8 0.5289125 0.4387458 0.0276091 0.0160572
27 0.5979353 0.4387458 0.0276091 0.0160572
2 0.6694680 0.4387458 0.0276091 0.0160572
29 0.7397458 0.4387458 0.0276092 0.0160572
16 0.8100236 0.4387458 0.0276091 0.0160572
23 0.3883569 0.4965517 0.0276091 0.0160572
13 0.4586347 0.4965517 0.0276091 0.0160572
7 0.6694680 0.4965517 0.0276091 0.0160572
4 0.8100236 0.4965517 0.0276091 0.0160572
26 0.6694680 0.5543575 0.0276091 0.0160572
22 0.8100236 0.5543575 0.0276091 0.0160572
6 0.4586347 0.3231340 0.0276091 0.0160572
16 0.5289125 0.2653280 0.0276091 0.0160572
28 0.6694680 0.3231340 0.0276091 0.0160572
3 0.5979353 0.4965517 0.0276091 0.0160572
18 0.5979353 0.3809398 0.0276091 0.0160572
15 0.3883569 0.2653280 0.0276091 0.0160572
12 0.5289125 0.3231340 0.0276091 0.0160572
14 0.4586347 0.5543575 0.0276091 0.0160572
17 0.5979353 0.3231340 0.0276091 0.0160572
21 0.3883569 0.5543575 0.0276091 0.0160572
31 0.5289125 0.5543575 0.0276091 0.0160572
30 0.4586347 0.4387458 0.0276091 0.0160572
29 0.5289125 0.4965517 0.0276091 0.0160572
10 0.7397458 0.3809398 0.0276092 0.0160572
26 0.3883569 0.3809398 0.0276091 0.0160572
30 0.5979353 0.5543575 0.0276091 0.0160572
