7 0.5777811 0.3164176 0.0269713 0.0162953
31 0.5777811 0.2577547 0.0269713 0.0162953
32 0.3736572 0.3799692 0.4965176 0.4171588
33 0.3724313 0.1996349 0.4499308 0.0152089
10 0.1658554 0.2577547 0.0269713 0.0162953
1 0.3031640 0.2577547 0.0269713 0.0162953
19 0.4404726 0.2577547 0.0269713 0.0162953
17 0.5091268 0.2577547 0.0269713 0.0162953
4 0.1658554 0.3164176 0.0269713 0.0162953
6 0.4404726 0.3164176 0.0269713 0.0162953
16 0.5091268 0.3164176 0.0269713 0.0162953
11 0.3031640 0.3750806 0.0269713 0.0162952
3 0.3705923 0.3750806 0.0269713 0.0162952
2 0.4404726 0.3750806 0.0269713 0.0162952
18 0.5091268 0.3750806 0.0269713 0.0162952
34 0.5777811 0.3745374 0.0637504 0.0586629
31 0.5777811 0.3750806 0.0269713 0.0162952
7 0.2345097 0.4337436 0.0269713 0.0162953
13 0.3031640 0.4337436 0.0269713 0.0162953
20 0.3705923 0.4337436 0.0269713 0.0162953
29 0.4404726 0.4337436 0.0269713 0.0162953
8 0.5091268 0.4337436 0.0269713 0.0162953
24 0.1658554 0.4924065 0.0269713 0.0162952
9 0.2345097 0.4924065 0.0269713 0.0162952
5 0.3031640 0.4924065 0.0269713 0.0162952
21 0.4404726 0.4924065 0.0269713 0.0162952
12 0.5091268 0.4924065 0.0269713 0.0162952
23 0.4404726 0.5510695 0.0269713 0.0162953
31 0.5777811 0.5510695 0.0269713 0.0162953
26 0.2345097 0.2577547 0.0269713 0.0162953
31 0.2345097 0.3164176 0.0269713 0.0162953
15 0.2345097 0.3750806 0.0269713 0.0162952
12 0.3705923 0.2577547 0.0269713 0.0162953
27 0.1658554 0.3750806 0.0269713 0.0162952
24 0.3031640 0.5510695 0.0269713 0.0162953
29 0.2345097 0.5510695 0.0269713 0.0162953
28 0.3705923 0.4924065 0.0269713 0.0162952
28 0.5777811 0.4924065 0.0269713 0.0162952
12 0.5091268 0.5510695 0.0269713 0.0162953
18 0.3705923 0.3164176 0.0269713 0.0162953
29 0.1658554 0.5510695 0.0269713 0.0162953
11 0.3031640 0.3164176 0.0269713 0.0162953
6 0.5777811 0.4337436 0.0269713 0.0162953
4 0.1658554 0.4337436 0.0269713 0.0162953
14 0.3705923 0.5510695 0.0269713 0.0162953
