27 0.2559645 0.4021268 0.0270861 0.0160057
28 0.2559645 0.5749879 0.0270861 0.0160057
32 0.3957043 0.4069286 0.4986311 0.4097447
33 0.3944731 0.2297993 0.4518459 0.0149386
17 0.1870180 0.2868862 0.0270861 0.0160057
34 0.2553489 0.2863526 0.0627906 0.0576204
12 0.2559645 0.2868862 0.0270861 0.0160057
1 0.3249110 0.2868862 0.0270861 0.0160057
20 0.3926263 0.2868862 0.0270861 0.0160057
21 0.4628040 0.2868862 0.0270861 0.0160057
29 0.6006970 0.2868862 0.0270861 0.0160057
25 0.1870180 0.3445065 0.0270861 0.0160057
8 0.2559645 0.3445065 0.0270861 0.0160057
31 0.4628040 0.3445065 0.0270861 0.0160057
11 0.6006970 0.3445065 0.0270861 0.0160057
16 0.1870180 0.4021268 0.0270861 0.0160057
10 0.3249110 0.4021268 0.0270861 0.0160057
23 0.2559645 0.4597472 0.0270861 0.0160057
18 0.3926263 0.4597472 0.0270861 0.0160057
2 0.4628040 0.4597472 0.0270861 0.0160057
7 0.5317505 0.4597472 0.0270861 0.0160057
24 0.2559645 0.5173676 0.0270861 0.0160057
30 0.3926263 0.5173676 0.0270861 0.0160057
26 0.4628040 0.5173676 0.0270861 0.0160057
13 0.6006970 0.5173676 0.0270861 0.0160057
19 0.1870180 0.5749879 0.0270861 0.0160057
22 0.3926263 0.5749879 0.0270861 0.0160057
4 0.5317505 0.5749879 0.0270861 0.0160057
12 0.6006970 0.5749879 0.0270861 0.0160057
26 0.1870180 0.4597472 0.0270861 0.0160057
9 0.3249110 0.3445065 0.0270861 0.0160057
17 0.3249110 0.4597472 0.0270861 0.0160057
15 0.4628040 0.5749879 0.0270861 0.0160057
18 0.5317505 0.5173676 0.0270861 0.0160057
3 0.5317505 0.4021268 0.0270861 0.0160057
8 0.6006970 0.4021268 0.0270861 0.0160057
21 0.5317505 0.2868862 0.0270861 0.0160057
14 0.3926263 0.3445065 0.0270861 0.0160057
17 0.6006970 0.4597472 0.0270861 0.0160057
5 0.3249110 0.5173676 0.0270861 0.0160057
10 0.4628040 0.4021268 0.0270861 0.0160057
25 0.3249110 0.5749879 0.0270861 0.0160057
3 0.3926263 0.4021268 0.0270861 0.0160057
1 0.1870180 0.5173676 0.0270861 0.0160057
15 0.5317505 0.3445065 0.0270861 0.0160057
