24 0.4297868 0.6096056 0.0274405 0.0168930
5 0.4996353 0.5487905 0.0274405 0.0168930
32 0.6412034 0.6146735 0.5051547 0.4324629
33 0.6399561 0.4277234 0.4577575 0.0157669
16 0.4297868 0.4879754 0.0274405 0.0168931
22 0.5694839 0.4879754 0.0274405 0.0168931
25 0.6380852 0.4879754 0.0274405 0.0168931
2 0.7091810 0.4879754 0.0274405 0.0168931
34 0.7784059 0.4874123 0.0636121 0.0608151
22 0.7790295 0.4879754 0.0274405 0.0168931
20 0.4297868 0.5487905 0.0274405 0.0168930
24 0.6380852 0.5487905 0.0274405 0.0168930
9 0.7790295 0.5487905 0.0274405 0.0168930
13 0.4996353 0.6096056 0.0274405 0.0168930
5 0.6380852 0.6096056 0.0274405 0.0168930
1 0.7091810 0.6096056 0.0274405 0.0168930
30 0.7790295 0.6096056 0.0274405 0.0168930
18 0.4297868 0.6704207 0.0274405 0.0168930
10 0.4996353 0.6704207 0.0274405 0.0168930
6 0.6380852 0.6704207 0.0274405 0.0168930
21 0.7091810 0.6704207 0.0274405 0.0168930
23 0.7790295 0.6704207 0.0274405 0.0168930
11 0.8488781 0.6704207 0.0274405 0.0168930
29 0.4297868 0.7312358 0.0274405 0.0168930
4 0.7091810 0.7312358 0.0274405 0.0168930
27 0.5694839 0.7920508 0.0274405 0.0168930
8 0.6380852 0.7920508 0.0274405 0.0168930
26 0.7091810 0.7920508 0.0274405 0.0168930
15 0.7790295 0.7920508 0.0274405 0.0168930
28 0.5694839 0.6704207 0.0274405 0.0168930
26 0.5694839 0.7312358 0.0274405 0.0168930
6 0.4996353 0.7920508 0.0274405 0.0168930
19 0.7091810 0.5487905 0.0274405 0.0168930
16 0.4297868 0.7920508 0.0274405 0.0168930
30 0.4996353 0.7312358 0.0274405 0.0168930
21 0.4996353 0.4879754 0.0274405 0.0168931
6 0.8488781 0.6096056 0.0274405 0.0168930
3 0.5694839 0.6096056 0.0274405 0.0168930
1 0.8488781 0.7920508 0.0274405 0.0168930
29 0.5694839 0.5487905 0.0274405 0.0168930
12 0.6380852 0.7312358 0.0274405 0.0168930
12 0.7790295 0.7312358 0.0274405 0.0168930
27 0.8488781 0.7312358 0.0274405 0.0168930
22 0.8488781 0.5487905 0.0274405 0.0168930
14 0.8488781 0.4879754 0.0274405 0.0168931
