11 0.3645249 0.3745417 0.0275089 0.0167820
22 0.4332970 0.4349568 0.0275089 0.0167820
32 0.4364230 0.5004065 0.5064124 0.4296183
33 0.4351725 0.3146861 0.4588972 0.0156631
6 0.2244800 0.3745417 0.0275088 0.0167820
8 0.4332970 0.3745417 0.0275089 0.0167820
20 0.6446147 0.3745417 0.0275089 0.0167820
30 0.2945024 0.4349568 0.0275088 0.0167820
25 0.5745923 0.4349568 0.0275089 0.0167820
10 0.2244800 0.4953719 0.0275088 0.0167820
12 0.2945024 0.4953719 0.0275088 0.0167820
4 0.4332970 0.4953719 0.0275089 0.0167820
3 0.5745923 0.4953719 0.0275089 0.0167820
7 0.2244800 0.5557869 0.0275088 0.0167820
24 0.2945024 0.5557869 0.0275088 0.0167820
1 0.3645249 0.5557869 0.0275089 0.0167820
2 0.4332970 0.5557869 0.0275089 0.0167820
17 0.5045698 0.5557869 0.0275088 0.0167820
34 0.5739671 0.5552275 0.0637704 0.0604150
15 0.5745923 0.5557869 0.0275089 0.0167820
31 0.6446147 0.5557869 0.0275089 0.0167820
11 0.2244800 0.6162020 0.0275088 0.0167820
16 0.4332970 0.6162020 0.0275089 0.0167820
9 0.5045698 0.6162020 0.0275088 0.0167820
13 0.6446147 0.6162020 0.0275089 0.0167820
21 0.2244800 0.6766171 0.0275088 0.0167820
5 0.3645249 0.6766171 0.0275089 0.0167820
26 0.4332970 0.6766171 0.0275089 0.0167820
27 0.5745923 0.6766171 0.0275089 0.0167820
6 0.6446147 0.4349568 0.0275089 0.0167820
20 0.3645249 0.6162020 0.0275089 0.0167820
29 0.5045698 0.4349568 0.0275088 0.0167820
11 0.3645249 0.4953719 0.0275089 0.0167820
6 0.2945024 0.3745417 0.0275088 0.0167820
26 0.5045698 0.3745417 0.0275088 0.0167820
29 0.6446147 0.4953719 0.0275089 0.0167820
30 0.5045698 0.4953719 0.0275088 0.0167820
24 0.5045698 0.6766171 0.0275088 0.0167820
7 0.2945024 0.6766171 0.0275088 0.0167820
27 0.6446147 0.6766171 0.0275089 0.0167820
30 0.2244800 0.4349568 0.0275088 0.0167820
22 0.5745923 0.6162020 0.0275089 0.0167820
14 0.2945024 0.6162020 0.0275088 0.0167820
1 0.5745923 0.3745417 0.0275089 0.0167820
2 0.3645249 0.4349568 0.0275089 0.0167820
