7 0.4575179 0.4487804 0.0284647 0.0161203
31 0.2401513 0.2166486 0.0284647 0.0161202
32 0.3870031 0.3375506 0.5240089 0.4126787
33 0.3857093 0.1591530 0.4748427 0.0150456
8 0.1676957 0.2166486 0.0284647 0.0161202
2 0.3126068 0.2166486 0.0284647 0.0161202
7 0.4575179 0.2166486 0.0284647 0.0161202
29 0.5299734 0.2166486 0.0284647 0.0161202
21 0.6024290 0.2166486 0.0284647 0.0161202
30 0.1676957 0.2746816 0.0284647 0.0161203
5 0.3126068 0.2746816 0.0284647 0.0161203
16 0.4575179 0.2746816 0.0284647 0.0161203
26 0.6024290 0.2746816 0.0284647 0.0161203
23 0.3126068 0.3327145 0.0284647 0.0161203
3 0.4575179 0.3327145 0.0284647 0.0161203
27 0.5299734 0.3327145 0.0284647 0.0161203
20 0.1676957 0.3907474 0.0284647 0.0161203
4 0.2401513 0.3907474 0.0284647 0.0161203
13 0.3126068 0.3907474 0.0284647 0.0161203
11 0.3837685 0.3907474 0.0284647 0.0161203
34 0.3126068 0.4482431 0.0672802 0.0580329
25 0.3126068 0.4487804 0.0284647 0.0161203
6 0.1676957 0.5068134 0.0284647 0.0161203
1 0.2401513 0.5068134 0.0284647 0.0161203
17 0.3126068 0.5068134 0.0284647 0.0161203
9 0.3837685 0.5068134 0.0284647 0.0161203
31 0.4575179 0.5068134 0.0284647 0.0161203
14 0.5299734 0.5068134 0.0284647 0.0161203
12 0.6024290 0.5068134 0.0284647 0.0161203
22 0.5299734 0.3907474 0.0284647 0.0161203
6 0.2401513 0.2746816 0.0284647 0.0161203
16 0.2401513 0.4487804 0.0284647 0.0161203
19 0.6024290 0.3907474 0.0284647 0.0161203
2 0.3837685 0.4487804 0.0284647 0.0161203
6 0.3837685 0.3327145 0.0284647 0.0161203
15 0.4575179 0.3907474 0.0284647 0.0161203
5 0.6024290 0.4487804 0.0284647 0.0161203
19 0.3837685 0.2166486 0.0284647 0.0161202
9 0.2401513 0.3327145 0.0284647 0.0161203
3 0.1676957 0.4487804 0.0284647 0.0161203
28 0.6024290 0.3327145 0.0284647 0.0161203
4 0.3837685 0.2746816 0.0284647 0.0161203
28 0.5299734 0.4487804 0.0284647 0.0161203
3 0.1676957 0.3327145 0.0284647 0.0161203
28 0.5299734 0.2746816 0.0284647 0.0161203
