28 0.2969796 0.4826969 0.0274109 0.0162917
9 0.4352798 0.4240468 0.0274109 0.0162917
32 0.4383947 0.4875844 0.5046091 0.4170677
33 0.4371488 0.3072896 0.4572631 0.0152056
24 0.2272065 0.3653966 0.0274109 0.0162917
14 0.2969796 0.3653966 0.0274109 0.0162917
34 0.3667527 0.3648536 0.0647893 0.0586501
25 0.3667527 0.3653966 0.0274109 0.0162917
1 0.4352798 0.3653966 0.0274109 0.0162917
2 0.5062989 0.3653966 0.0274109 0.0162917
10 0.5760720 0.3653966 0.0274109 0.0162917
9 0.2272065 0.4240468 0.0274109 0.0162917
25 0.2969796 0.4240468 0.0274109 0.0162917
21 0.5760720 0.4240468 0.0274109 0.0162917
7 0.2272065 0.4826969 0.0274109 0.0162917
12 0.3667527 0.4826969 0.0274109 0.0162917
5 0.6458451 0.4826969 0.0274109 0.0162917
23 0.2969796 0.5413471 0.0274109 0.0162917
16 0.5760720 0.5413471 0.0274109 0.0162917
19 0.2969796 0.5999972 0.0274109 0.0162917
8 0.3667527 0.5999972 0.0274109 0.0162917
6 0.5062989 0.5999972 0.0274109 0.0162917
31 0.5760720 0.5999972 0.0274109 0.0162917
4 0.6458451 0.5999972 0.0274109 0.0162917
20 0.2969796 0.6586473 0.0274109 0.0162917
11 0.3667527 0.6586473 0.0274109 0.0162917
18 0.4352798 0.6586473 0.0274109 0.0162917
15 0.5062989 0.6586473 0.0274109 0.0162917
29 0.6458451 0.6586473 0.0274109 0.0162917
28 0.2272065 0.6586473 0.0274109 0.0162917
4 0.6458451 0.3653966 0.0274109 0.0162917
15 0.5062989 0.4240468 0.0274109 0.0162917
20 0.2272065 0.5999972 0.0274109 0.0162917
26 0.4352798 0.5413471 0.0274109 0.0162917
15 0.5062989 0.4826969 0.0274109 0.0162917
3 0.4352798 0.5999972 0.0274109 0.0162917
2 0.6458451 0.5413471 0.0274109 0.0162917
21 0.6458451 0.4240468 0.0274109 0.0162917
28 0.3667527 0.5413471 0.0274109 0.0162917
3 0.2272065 0.5413471 0.0274109 0.0162917
27 0.4352798 0.4826969 0.0274109 0.0162917
4 0.5760720 0.6586473 0.0274109 0.0162917
4 0.5760720 0.4826969 0.0274109 0.0162917
2 0.3667527 0.4240468 0.0274109 0.0162917
31 0.5062989 0.5413471 0.0274109 0.0162917
