3 0.3219454 0.4746853 0.0284774 0.0174820
6 0.4656269 0.5376204 0.0284774 0.0174820
32 0.4688630 0.6058002 0.5242434 0.4475391
33 0.4675686 0.4123328 0.4750551 0.0163165
10 0.4656269 0.4746853 0.0284774 0.0174820
3 0.5394094 0.4746853 0.0284774 0.0174820
27 0.6118974 0.4746853 0.0284774 0.0174820
19 0.6843853 0.4746853 0.0284773 0.0174820
5 0.2494575 0.5376204 0.0284774 0.0174820
13 0.3219454 0.5376204 0.0284774 0.0174820
12 0.3944334 0.5376204 0.0284774 0.0174820
34 0.6112501 0.5370377 0.0660159 0.0629352
24 0.6118974 0.5376204 0.0284774 0.0174820
26 0.2494575 0.6005556 0.0284774 0.0174820
6 0.3219454 0.6005556 0.0284774 0.0174820
4 0.3944334 0.6005556 0.0284774 0.0174820
20 0.4656269 0.6005556 0.0284774 0.0174820
16 0.5394094 0.6005556 0.0284774 0.0174820
14 0.3219454 0.6634908 0.0284774 0.0174821
31 0.5394094 0.6634908 0.0284774 0.0174821
2 0.6118974 0.6634908 0.0284774 0.0174821
1 0.2494575 0.7264260 0.0284774 0.0174820
9 0.4656269 0.7264260 0.0284774 0.0174820
24 0.5394094 0.7264260 0.0284774 0.0174820
8 0.6118974 0.7264260 0.0284774 0.0174820
23 0.3219454 0.7893612 0.0284774 0.0174820
7 0.3944334 0.7893612 0.0284774 0.0174820
22 0.4656269 0.7893612 0.0284774 0.0174820
17 0.6118974 0.7893612 0.0284774 0.0174820
22 0.6118974 0.6005556 0.0284774 0.0174820
7 0.2494575 0.4746853 0.0284774 0.0174820
20 0.4656269 0.6634908 0.0284774 0.0174821
24 0.3944334 0.6634908 0.0284774 0.0174821
30 0.6843853 0.7264260 0.0284773 0.0174820
26 0.3219454 0.7264260 0.0284774 0.0174820
7 0.5394094 0.5376204 0.0284774 0.0174820
2 0.2494575 0.6634908 0.0284774 0.0174821
12 0.3944334 0.4746853 0.0284774 0.0174820
30 0.3944334 0.7264260 0.0284774 0.0174820
15 0.6843853 0.6005556 0.0284773 0.0174820
28 0.6843853 0.5376204 0.0284773 0.0174820
19 0.5394094 0.7893612 0.0284774 0.0174820
31 0.6843853 0.7893612 0.0284773 0.0174820
19 0.6843853 0.6634908 0.0284773 0.0174821
9 0.2494575 0.7893612 0.0284774 0.0174820
