12 0.3584129 0.3208886 0.0277264 0.0173565
5 0.4995656 0.3208886 0.0277264 0.0173565
32 0.5720323 0.4510624 0.5104181 0.4443265
33 0.5707720 0.2589837 0.4625270 0.0161994
23 0.4289893 0.3208886 0.0277264 0.0173565
10 0.6407182 0.3208886 0.0277264 0.0173565
16 0.7818709 0.3208886 0.0277264 0.0173565
31 0.4995656 0.3833720 0.0277264 0.0173565
14 0.6407182 0.3833720 0.0277264 0.0173565
3 0.7112946 0.3833720 0.0277264 0.0173565
19 0.7818709 0.3833720 0.0277264 0.0173565
18 0.4289893 0.4458554 0.0277264 0.0173565
7 0.4995656 0.4458554 0.0277264 0.0173565
20 0.5688816 0.4458554 0.0277264 0.0173565
27 0.6407182 0.4458554 0.0277264 0.0173565
17 0.3584129 0.5083388 0.0277264 0.0173565
30 0.4995656 0.5083388 0.0277264 0.0173565
6 0.5688816 0.5083388 0.0277264 0.0173565
13 0.3584129 0.5708223 0.0277264 0.0173565
34 0.4283591 0.5702437 0.0642748 0.0624834
10 0.4289893 0.5708223 0.0277264 0.0173565
1 0.5688816 0.5708223 0.0277264 0.0173565
29 0.6407182 0.5708223 0.0277264 0.0173565
15 0.7112946 0.5708223 0.0277264 0.0173565
21 0.7818709 0.5708223 0.0277264 0.0173565
4 0.4289893 0.6333057 0.0277264 0.0173565
24 0.4995656 0.6333057 0.0277264 0.0173565
2 0.7112946 0.6333057 0.0277264 0.0173565
12 0.7818709 0.6333057 0.0277264 0.0173565
4 0.4995656 0.5708223 0.0277264 0.0173565
30 0.5688816 0.3208886 0.0277264 0.0173565
3 0.6407182 0.5083388 0.0277264 0.0173565
4 0.7818709 0.4458554 0.0277264 0.0173565
1 0.3584129 0.6333057 0.0277264 0.0173565
22 0.7112946 0.5083388 0.0277264 0.0173565
15 0.5688816 0.6333057 0.0277264 0.0173565
4 0.3584129 0.4458554 0.0277264 0.0173565
28 0.4289893 0.3833720 0.0277264 0.0173565
12 0.6407182 0.6333057 0.0277264 0.0173565
10 0.7818709 0.5083388 0.0277264 0.0173565
11 0.7112946 0.4458554 0.0277264 0.0173565
27 0.7112946 0.3208886 0.0277264 0.0173565
19 0.3584129 0.3833720 0.0277264 0.0173565
13 0.5688816 0.3833720 0.0277264 0.0173565
13 0.4289893 0.5083388 0.0277264 0.0173565
