29 0.5253818 0.4677993 0.0273947 0.0163869
6 0.4556497 0.4088066 0.0273947 0.0163869
32 0.5969817 0.5317081 0.5043122 0.4195039
33 0.5957364 0.3503601 0.4569940 0.0152944
20 0.3859177 0.4088066 0.0273947 0.0163869
16 0.5253818 0.4088066 0.0273947 0.0163869
2 0.5938686 0.4088066 0.0273948 0.0163869
1 0.8043100 0.4088066 0.0273947 0.0163869
29 0.3859177 0.4677993 0.0273947 0.0163869
26 0.5938686 0.4677993 0.0273948 0.0163869
31 0.6648459 0.4677993 0.0273947 0.0163869
22 0.7345779 0.4677993 0.0273947 0.0163869
34 0.8043100 0.4672531 0.0647512 0.0589928
2 0.8043100 0.4677993 0.0273947 0.0163869
5 0.3859177 0.5267920 0.0273947 0.0163869
13 0.5938686 0.5267920 0.0273948 0.0163869
27 0.8043100 0.5267920 0.0273947 0.0163869
11 0.4556497 0.5857848 0.0273947 0.0163869
6 0.5253818 0.5857848 0.0273947 0.0163869
25 0.7345779 0.5857848 0.0273947 0.0163869
14 0.8043100 0.5857848 0.0273947 0.0163869
10 0.5938686 0.6447775 0.0273948 0.0163869
4 0.6648459 0.6447775 0.0273947 0.0163869
12 0.3859177 0.7037702 0.0273947 0.0163869
7 0.4556497 0.7037702 0.0273947 0.0163869
18 0.5253818 0.7037702 0.0273947 0.0163869
15 0.5938686 0.7037702 0.0273948 0.0163869
17 0.6648459 0.7037702 0.0273947 0.0163869
8 0.8043100 0.7037702 0.0273947 0.0163869
25 0.5253818 0.6447775 0.0273947 0.0163869
10 0.7345779 0.5267920 0.0273947 0.0163869
24 0.8043100 0.6447775 0.0273947 0.0163869
20 0.4556497 0.5267920 0.0273947 0.0163869
7 0.6648459 0.4088066 0.0273947 0.0163869
31 0.7345779 0.7037702 0.0273947 0.0163869
6 0.5938686 0.5857848 0.0273948 0.0163869
2 0.4556497 0.6447775 0.0273947 0.0163869
2 0.3859177 0.6447775 0.0273947 0.0163869
6 0.6648459 0.5857848 0.0273947 0.0163869
9 0.7345779 0.4088066 0.0273947 0.0163869
13 0.7345779 0.6447775 0.0273947 0.0163869
19 0.5253818 0.5267920 0.0273947 0.0163869
19 0.3859177 0.5857848 0.0273947 0.0163869
28 0.4556497 0.4677993 0.0273947 0.0163869
21 0.6648459 0.5267920 0.0273947 0.0163869
