12 0.2073701 0.6382073 0.0285317 0.0162737
3 0.4252483 0.4624519 0.0285317 0.0162737
32 0.3545676 0.5259192 0.5252421 0.4166055
33 0.3532706 0.3458241 0.4759602 0.0151887
15 0.2073701 0.4038668 0.0285317 0.0162736
26 0.4252483 0.4038668 0.0285317 0.0162736
31 0.1347440 0.4624519 0.0285317 0.0162737
11 0.2073701 0.4624519 0.0285317 0.0162737
2 0.2799961 0.4624519 0.0285317 0.0162737
14 0.3513253 0.4624519 0.0285316 0.0162737
25 0.4978743 0.4624519 0.0285316 0.0162737
29 0.5705004 0.4624519 0.0285316 0.0162737
34 0.1347440 0.5204946 0.0674385 0.0585851
16 0.1347440 0.5210371 0.0285317 0.0162737
23 0.2799961 0.5210371 0.0285317 0.0162737
8 0.3513253 0.5210371 0.0285316 0.0162737
30 0.4252483 0.5210371 0.0285317 0.0162737
12 0.5705004 0.5210371 0.0285316 0.0162737
1 0.1347440 0.5796223 0.0285317 0.0162737
5 0.2073701 0.5796223 0.0285317 0.0162737
20 0.2799961 0.5796223 0.0285317 0.0162737
19 0.4252483 0.5796223 0.0285317 0.0162737
22 0.4978743 0.5796223 0.0285316 0.0162737
27 0.5705004 0.5796223 0.0285316 0.0162737
4 0.1347440 0.6382073 0.0285317 0.0162737
17 0.3513253 0.6382073 0.0285316 0.0162737
10 0.2073701 0.6967925 0.0285317 0.0162737
6 0.2799961 0.6967925 0.0285317 0.0162737
24 0.3513253 0.6967925 0.0285316 0.0162737
21 0.1347440 0.4038668 0.0285317 0.0162736
14 0.2799961 0.6382073 0.0285317 0.0162737
30 0.5705004 0.6382073 0.0285316 0.0162737
10 0.4978743 0.5210371 0.0285316 0.0162737
19 0.5705004 0.6967925 0.0285316 0.0162737
13 0.2799961 0.4038668 0.0285317 0.0162736
28 0.3513253 0.5796223 0.0285316 0.0162737
25 0.4978743 0.4038668 0.0285316 0.0162736
12 0.4978743 0.6967925 0.0285316 0.0162737
13 0.4252483 0.6382073 0.0285317 0.0162737
2 0.4252483 0.6967925 0.0285317 0.0162737
8 0.4978743 0.6382073 0.0285316 0.0162737
11 0.1347440 0.6967925 0.0285317 0.0162737
2 0.5705004 0.4038668 0.0285316 0.0162736
27 0.3513253 0.4038668 0.0285316 0.0162736
30 0.2073701 0.5210371 0.0285317 0.0162737
