1 0.5881588 0.5175692 0.0272229 0.0169672
8 0.6586908 0.5786512 0.0272228 0.0169672
32 0.5912524 0.5837413 0.5011486 0.4343604
33 0.5900150 0.3959710 0.4541272 0.0158360
21 0.3815124 0.4564873 0.0272229 0.0169672
11 0.5201016 0.4564873 0.0272229 0.0169672
13 0.5881588 0.4564873 0.0272229 0.0169672
1 0.5201016 0.5175692 0.0272229 0.0169672
18 0.7972801 0.5175692 0.0272229 0.0169672
15 0.3815124 0.5786512 0.0272229 0.0169672
6 0.4508070 0.5786512 0.0272229 0.0169672
29 0.5201016 0.5786512 0.0272229 0.0169672
27 0.5881588 0.5786512 0.0272229 0.0169672
25 0.7279855 0.5786512 0.0272229 0.0169672
4 0.7972801 0.5786512 0.0272229 0.0169672
8 0.3815124 0.6397331 0.0272229 0.0169672
30 0.5881588 0.6397331 0.0272229 0.0169672
23 0.6586908 0.6397331 0.0272228 0.0169672
3 0.7279855 0.6397331 0.0272229 0.0169672
19 0.7972801 0.6397331 0.0272229 0.0169672
16 0.3815124 0.7008150 0.0272229 0.0169672
26 0.4508070 0.7008150 0.0272229 0.0169672
31 0.7279855 0.7008150 0.0272229 0.0169672
17 0.7972801 0.7008150 0.0272229 0.0169672
34 0.5201016 0.7613314 0.0643450 0.0610819
29 0.5201016 0.7618970 0.0272229 0.0169672
22 0.6586908 0.7618970 0.0272228 0.0169672
10 0.7279855 0.7618970 0.0272229 0.0169672
2 0.7972801 0.7618970 0.0272229 0.0169672
27 0.4508070 0.7618970 0.0272229 0.0169672
20 0.3815124 0.5175692 0.0272229 0.0169672
6 0.7972801 0.4564873 0.0272229 0.0169672
16 0.5881588 0.7618970 0.0272229 0.0169672
13 0.6586908 0.5175692 0.0272228 0.0169672
20 0.4508070 0.4564873 0.0272229 0.0169672
7 0.4508070 0.6397331 0.0272229 0.0169672
26 0.6586908 0.4564873 0.0272228 0.0169672
24 0.7279855 0.4564873 0.0272229 0.0169672
9 0.7279855 0.5175692 0.0272229 0.0169672
28 0.5201016 0.7008150 0.0272229 0.0169672
29 0.4508070 0.5175692 0.0272229 0.0169672
29 0.5881588 0.7008150 0.0272229 0.0169672
30 0.5201016 0.6397331 0.0272229 0.0169672
28 0.6586908 0.7008150 0.0272228 0.0169672
8 0.3815124 0.7618970 0.0272229 0.0169672
