11 0.2451219 0.5174832 0.0262119 0.0173852
7 0.5120063 0.3923102 0.0262119 0.0173852
32 0.4470724 0.4601122 0.4825365 0.4450595
33 0.4458809 0.2677167 0.4372614 0.0162261
13 0.3785641 0.3297237 0.0262119 0.0173851
34 0.4440937 0.3291442 0.0619553 0.0625865
22 0.4440937 0.3297237 0.0262119 0.0173851
21 0.5787273 0.3297237 0.0262119 0.0173851
15 0.6454485 0.3297237 0.0262119 0.0173851
30 0.2451219 0.3923102 0.0262119 0.0173852
8 0.3118430 0.3923102 0.0262119 0.0173852
22 0.3785641 0.3923102 0.0262119 0.0173852
7 0.4440937 0.3923102 0.0262119 0.0173852
3 0.5787273 0.3923102 0.0262119 0.0173852
23 0.2451219 0.4548967 0.0262119 0.0173851
31 0.4440937 0.4548967 0.0262119 0.0173851
5 0.5120063 0.4548967 0.0262119 0.0173851
25 0.5787273 0.4548967 0.0262119 0.0173851
14 0.3118430 0.5174832 0.0262119 0.0173852
1 0.3785641 0.5174832 0.0262119 0.0173852
10 0.4440937 0.5174832 0.0262119 0.0173852
12 0.5120063 0.5174832 0.0262119 0.0173852
6 0.2451219 0.5800697 0.0262119 0.0173851
11 0.3785641 0.5800697 0.0262119 0.0173851
9 0.3118430 0.6426563 0.0262119 0.0173852
18 0.3785641 0.6426563 0.0262119 0.0173852
29 0.4440937 0.6426563 0.0262119 0.0173852
16 0.5787273 0.6426563 0.0262119 0.0173852
27 0.6454485 0.6426563 0.0262119 0.0173852
3 0.6454485 0.5800697 0.0262119 0.0173851
28 0.5120063 0.5800697 0.0262119 0.0173851
24 0.5787273 0.5174832 0.0262119 0.0173852
9 0.3118430 0.4548967 0.0262119 0.0173851
19 0.5120063 0.6426563 0.0262119 0.0173852
15 0.4440937 0.5800697 0.0262119 0.0173851
15 0.3118430 0.3297237 0.0262119 0.0173851
18 0.6454485 0.5174832 0.0262119 0.0173852
21 0.2451219 0.6426563 0.0262119 0.0173852
27 0.2451219 0.3297237 0.0262119 0.0173851
30 0.5787273 0.5800697 0.0262119 0.0173851
7 0.5120063 0.3297237 0.0262119 0.0173851
14 0.6454485 0.4548967 0.0262119 0.0173851
18 0.3785641 0.4548967 0.0262119 0.0173851
15 0.6454485 0.3923102 0.0262119 0.0173852
2 0.3118430 0.5800697 0.0262119 0.0173851
