18 0.4916644 0.2197983 0.0262530 0.0161622
6 0.4260319 0.2197983 0.0262530 0.0161622
32 0.4946477 0.3410147 0.4832940 0.4137521
33 0.4934544 0.1621532 0.4379478 0.0150847
15 0.2923802 0.2197983 0.0262530 0.0161622
16 0.3592061 0.2197983 0.0262530 0.0161622
20 0.6265094 0.2197983 0.0262530 0.0161622
9 0.2923802 0.2779822 0.0262530 0.0161622
30 0.4260319 0.2779822 0.0262530 0.0161622
21 0.4916644 0.2779822 0.0262530 0.0161622
2 0.5596836 0.2779822 0.0262530 0.0161622
25 0.6265094 0.2779822 0.0262530 0.0161622
7 0.6933353 0.2779822 0.0262530 0.0161622
11 0.4260319 0.3361661 0.0262530 0.0161622
4 0.6933353 0.3361661 0.0262530 0.0161622
8 0.2923802 0.3943499 0.0262530 0.0161622
12 0.3592061 0.3943499 0.0262530 0.0161622
27 0.4260319 0.3943499 0.0262530 0.0161622
34 0.4916644 0.3938112 0.0620525 0.0581839
7 0.4916644 0.3943499 0.0262530 0.0161622
5 0.6933353 0.3943499 0.0262530 0.0161622
31 0.2923802 0.4525338 0.0262530 0.0161622
3 0.4260319 0.4525338 0.0262530 0.0161622
29 0.6933353 0.4525338 0.0262530 0.0161622
14 0.3592061 0.5107177 0.0262530 0.0161622
23 0.4260319 0.5107177 0.0262530 0.0161622
1 0.4916644 0.5107177 0.0262530 0.0161622
6 0.5596836 0.5107177 0.0262530 0.0161622
13 0.6933353 0.5107177 0.0262530 0.0161622
27 0.5596836 0.2197983 0.0262530 0.0161622
4 0.2923802 0.5107177 0.0262530 0.0161622
25 0.2923802 0.3361661 0.0262530 0.0161622
17 0.3592061 0.3361661 0.0262530 0.0161622
18 0.4916644 0.3361661 0.0262530 0.0161622
28 0.6265094 0.3943499 0.0262530 0.0161622
9 0.3592061 0.4525338 0.0262530 0.0161622
11 0.5596836 0.3943499 0.0262530 0.0161622
22 0.6265094 0.4525338 0.0262530 0.0161622
8 0.6265094 0.3361661 0.0262530 0.0161622
28 0.5596836 0.3361661 0.0262530 0.0161622
2 0.4916644 0.4525338 0.0262530 0.0161622
26 0.6933353 0.2197983 0.0262530 0.0161622
21 0.3592061 0.2779822 0.0262530 0.0161622
11 0.6265094 0.5107177 0.0262530 0.0161622
3 0.5596836 0.4525338 0.0262530 0.0161622
