16 0.2470693 0.6884572 0.0279351 0.0174058
28 0.1061237 0.5004742 0.0279352 0.0174059
32 0.2543120 0.5683570 0.5061241 0.4455893
33 0.2489739 0.3757325 0.4660091 0.0162455
1 0.0350161 0.4378132 0.0279351 0.0174058
6 0.1061237 0.4378132 0.0279352 0.0174058
23 0.1772314 0.4378132 0.0279351 0.0174058
20 0.3194467 0.4378132 0.0279351 0.0174058
18 0.4616620 0.4378132 0.0279351 0.0174058
13 0.1772314 0.5004742 0.0279351 0.0174059
19 0.3194467 0.5004742 0.0279351 0.0174059
17 0.3905544 0.5004742 0.0279352 0.0174059
25 0.4616620 0.5004742 0.0279351 0.0174059
29 0.0350161 0.5631352 0.0279351 0.0174058
7 0.1061237 0.5631352 0.0279352 0.0174058
14 0.1772314 0.5631352 0.0279351 0.0174058
27 0.2470693 0.5631352 0.0279351 0.0174058
16 0.3194467 0.5631352 0.0279351 0.0174058
10 0.1061237 0.6257962 0.0279352 0.0174058
15 0.1772314 0.6257962 0.0279351 0.0174058
34 0.1054889 0.6878770 0.0647588 0.0626610
26 0.1061237 0.6884572 0.0279352 0.0174058
4 0.3194467 0.6884572 0.0279351 0.0174058
24 0.3905544 0.6884572 0.0279352 0.0174058
30 0.4616620 0.6884572 0.0279351 0.0174058
5 0.0350161 0.7511182 0.0279351 0.0174058
8 0.1061237 0.7511182 0.0279352 0.0174058
22 0.1772314 0.7511182 0.0279351 0.0174058
12 0.3194467 0.7511182 0.0279351 0.0174058
20 0.0350161 0.6884572 0.0279351 0.0174058
10 0.4616620 0.5631352 0.0279351 0.0174058
24 0.2470693 0.6257962 0.0279351 0.0174058
3 0.2470693 0.4378132 0.0279351 0.0174058
30 0.3905544 0.4378132 0.0279352 0.0174058
24 0.3905544 0.6257962 0.0279352 0.0174058
22 0.3905544 0.5631352 0.0279352 0.0174058
22 0.2470693 0.7511182 0.0279351 0.0174058
6 0.2470693 0.5004742 0.0279351 0.0174059
21 0.0350161 0.5004742 0.0279351 0.0174059
26 0.4616620 0.6257962 0.0279351 0.0174058
22 0.0350161 0.6257962 0.0279351 0.0174058
12 0.1772314 0.6884572 0.0279351 0.0174058
13 0.4616620 0.7511182 0.0279351 0.0174058
4 0.3905544 0.7511182 0.0279352 0.0174058
22 0.3194467 0.6257962 0.0279351 0.0174058
