4 0.3842083 0.3561348 0.0263837 0.0159317
16 0.5868828 0.4134889 0.0263836 0.0159317
32 0.3872064 0.4756224 0.4856993 0.4078510
33 0.3860072 0.2993119 0.4401275 0.0148696
3 0.1839323 0.3561348 0.0263837 0.0159317
30 0.4525660 0.3561348 0.0263836 0.0159317
6 0.5197244 0.3561348 0.0263837 0.0159317
4 0.2510907 0.4134889 0.0263837 0.0159317
20 0.3182491 0.4134889 0.0263837 0.0159317
25 0.4525660 0.4134889 0.0263836 0.0159317
15 0.5197244 0.4134889 0.0263837 0.0159317
17 0.2510907 0.4708430 0.0263837 0.0159317
2 0.3182491 0.4708430 0.0263837 0.0159317
29 0.3842083 0.4708430 0.0263837 0.0159317
1 0.4525660 0.4708430 0.0263836 0.0159317
16 0.1839323 0.5281970 0.0263837 0.0159317
14 0.2510907 0.5281970 0.0263837 0.0159317
8 0.3182491 0.5281970 0.0263837 0.0159317
10 0.5197244 0.5281970 0.0263837 0.0159317
24 0.1839323 0.5855510 0.0263837 0.0159317
12 0.3182491 0.5855510 0.0263837 0.0159317
34 0.4519663 0.5850200 0.0635606 0.0573541
2 0.4525660 0.5855510 0.0263836 0.0159317
13 0.5868828 0.5855510 0.0263836 0.0159317
19 0.1839323 0.6429051 0.0263837 0.0159317
5 0.3182491 0.6429051 0.0263837 0.0159317
27 0.3842083 0.6429051 0.0263837 0.0159317
7 0.4525660 0.6429051 0.0263836 0.0159317
26 0.5197244 0.6429051 0.0263837 0.0159317
9 0.1839323 0.4708430 0.0263837 0.0159317
11 0.2510907 0.5855510 0.0263837 0.0159317
3 0.4525660 0.5281970 0.0263836 0.0159317
29 0.3842083 0.5281970 0.0263837 0.0159317
2 0.5868828 0.6429051 0.0263836 0.0159317
30 0.3842083 0.5855510 0.0263837 0.0159317
15 0.5197244 0.5855510 0.0263837 0.0159317
18 0.1839323 0.4134889 0.0263837 0.0159317
15 0.5868828 0.3561348 0.0263836 0.0159317
2 0.5197244 0.4708430 0.0263837 0.0159317
24 0.5868828 0.5281970 0.0263836 0.0159317
12 0.2510907 0.3561348 0.0263837 0.0159317
13 0.2510907 0.6429051 0.0263837 0.0159317
28 0.3842083 0.4134889 0.0263837 0.0159317
6 0.5868828 0.4708430 0.0263836 0.0159317
21 0.3182491 0.3561348 0.0263837 0.0159317
