7 0.2237967 0.7875154 0.0279783 0.0164825
31 0.1525792 0.6688413 0.0279783 0.0164825
32 0.2969218 0.6144491 0.5150552 0.4219521
33 0.2956500 0.4320427 0.4667290 0.0153837
25 0.0813616 0.4908303 0.0279783 0.0164825
31 0.1525792 0.4908303 0.0279783 0.0164825
3 0.4374492 0.4908303 0.0279783 0.0164825
4 0.0813616 0.5501673 0.0279783 0.0164825
30 0.1525792 0.5501673 0.0279783 0.0164825
24 0.2237967 0.5501673 0.0279783 0.0164825
9 0.2937424 0.5501673 0.0279783 0.0164825
20 0.4374492 0.5501673 0.0279783 0.0164825
10 0.0813616 0.6095044 0.0279783 0.0164825
34 0.1519433 0.6089549 0.0648588 0.0593370
17 0.1525792 0.6095044 0.0279783 0.0164825
7 0.2237967 0.6095044 0.0279783 0.0164825
23 0.2937424 0.6095044 0.0279783 0.0164825
29 0.4374492 0.6095044 0.0279783 0.0164825
2 0.5086667 0.6095044 0.0279783 0.0164825
27 0.2237967 0.6688413 0.0279783 0.0164825
5 0.3662317 0.6688413 0.0279783 0.0164825
16 0.4374492 0.6688413 0.0279783 0.0164825
11 0.1525792 0.7281784 0.0279783 0.0164825
21 0.2237967 0.7281784 0.0279783 0.0164825
17 0.2937424 0.7281784 0.0279783 0.0164825
6 0.0813616 0.7875154 0.0279783 0.0164825
15 0.2937424 0.7875154 0.0279783 0.0164825
22 0.4374492 0.7875154 0.0279783 0.0164825
18 0.5086667 0.7875154 0.0279783 0.0164825
4 0.5086667 0.4908303 0.0279783 0.0164825
1 0.5086667 0.6688413 0.0279783 0.0164825
19 0.3662317 0.6095044 0.0279783 0.0164825
2 0.5086667 0.5501673 0.0279783 0.0164825
17 0.5086667 0.7281784 0.0279783 0.0164825
11 0.4374492 0.7281784 0.0279783 0.0164825
2 0.3662317 0.4908303 0.0279783 0.0164825
26 0.2937424 0.4908303 0.0279783 0.0164825
27 0.2237967 0.4908303 0.0279783 0.0164825
1 0.0813616 0.6688413 0.0279783 0.0164825
9 0.3662317 0.5501673 0.0279783 0.0164825
19 0.2937424 0.6688413 0.0279783 0.0164825
20 0.1525792 0.7875154 0.0279783 0.0164825
18 0.0813616 0.7281784 0.0279783 0.0164825
28 0.3662317 0.7875154 0.0279783 0.0164825
22 0.3662317 0.7281784 0.0279783 0.0164825
