22 0.1941579 0.3561213 0.0278121 0.0171518
6 0.1941579 0.6031067 0.0278121 0.0171518
32 0.4084376 0.4847596 0.5119957 0.4390852
33 0.4071734 0.2949467 0.4639567 0.0160083
14 0.3357468 0.3561213 0.0278121 0.0171518
2 0.4052771 0.3561213 0.0278121 0.0171518
21 0.5481303 0.3561213 0.0278121 0.0171518
13 0.6189247 0.3561213 0.0278121 0.0171518
6 0.2649524 0.4178677 0.0278121 0.0171518
1 0.3357468 0.4178677 0.0278121 0.0171518
19 0.4773358 0.4178677 0.0278121 0.0171518
34 0.5474982 0.4172959 0.0644735 0.0617463
4 0.5481303 0.4178677 0.0278121 0.0171518
30 0.6189247 0.4178677 0.0278121 0.0171518
17 0.1941579 0.4796140 0.0278121 0.0171518
20 0.2649524 0.4796140 0.0278121 0.0171518
24 0.4052771 0.4796140 0.0278121 0.0171518
25 0.4773358 0.4796140 0.0278121 0.0171518
10 0.6189247 0.4796140 0.0278121 0.0171518
16 0.1941579 0.5413604 0.0278121 0.0171518
4 0.2649524 0.5413604 0.0278121 0.0171518
29 0.3357468 0.5413604 0.0278121 0.0171518
12 0.4052771 0.6031067 0.0278121 0.0171518
18 0.4773358 0.6031067 0.0278121 0.0171518
3 0.6189247 0.6031067 0.0278121 0.0171518
7 0.4052771 0.6648531 0.0278121 0.0171518
5 0.4773358 0.6648531 0.0278121 0.0171518
27 0.5481303 0.6648531 0.0278121 0.0171518
12 0.1941579 0.6648531 0.0278121 0.0171518
7 0.5481303 0.4796140 0.0278121 0.0171518
22 0.4052771 0.4178677 0.0278121 0.0171518
22 0.2649524 0.6031067 0.0278121 0.0171518
29 0.3357468 0.4796140 0.0278121 0.0171518
26 0.6189247 0.5413604 0.0278121 0.0171518
10 0.2649524 0.3561213 0.0278121 0.0171518
26 0.4773358 0.5413604 0.0278121 0.0171518
13 0.2649524 0.6648531 0.0278121 0.0171518
15 0.5481303 0.5413604 0.0278121 0.0171518
22 0.5481303 0.6031067 0.0278121 0.0171518
11 0.3357468 0.6648531 0.0278121 0.0171518
24 0.6189247 0.6648531 0.0278121 0.0171518
1 0.4773358 0.3561213 0.0278121 0.0171518
10 0.3357468 0.6031067 0.0278121 0.0171518
17 0.4052771 0.5413604 0.0278121 0.0171518
16 0.1941579 0.4178677 0.0278121 0.0171518
