12 0.6840791 0.4094116 0.0280820 0.0172486
11 0.6840791 0.5336018 0.0280820 0.0172487
32 0.5430310 0.5387764 0.5169633 0.4415653
33 0.5417546 0.3478914 0.4684580 0.0160987
34 0.3266723 0.4088366 0.0663755 0.0620951
11 0.3266723 0.4094116 0.0280820 0.0172486
29 0.3981537 0.4094116 0.0280819 0.0172486
16 0.4696350 0.4094116 0.0280820 0.0172486
20 0.5398399 0.4094116 0.0280820 0.0172486
24 0.6125977 0.4094116 0.0280819 0.0172486
4 0.3266723 0.4715067 0.0280820 0.0172487
26 0.3981537 0.4715067 0.0280819 0.0172487
12 0.4696350 0.4715067 0.0280820 0.0172487
6 0.6125977 0.4715067 0.0280819 0.0172487
5 0.6840791 0.4715067 0.0280820 0.0172487
2 0.5398399 0.5336018 0.0280820 0.0172487
21 0.7555604 0.5336018 0.0280820 0.0172487
10 0.3981537 0.5956970 0.0280819 0.0172487
9 0.4696350 0.5956970 0.0280820 0.0172487
19 0.5398399 0.5956970 0.0280820 0.0172487
17 0.6125977 0.5956970 0.0280819 0.0172487
23 0.6840791 0.5956970 0.0280820 0.0172487
11 0.3266723 0.6577920 0.0280820 0.0172486
1 0.3981537 0.6577920 0.0280819 0.0172486
27 0.6840791 0.6577920 0.0280820 0.0172486
8 0.7555604 0.6577920 0.0280820 0.0172486
18 0.4696350 0.7198872 0.0280820 0.0172486
14 0.6125977 0.7198872 0.0280819 0.0172486
26 0.7555604 0.7198872 0.0280820 0.0172486
13 0.7555604 0.4715067 0.0280820 0.0172487
25 0.5398399 0.4715067 0.0280820 0.0172487
18 0.3981537 0.5336018 0.0280819 0.0172487
31 0.6840791 0.7198872 0.0280820 0.0172486
7 0.3981537 0.7198872 0.0280819 0.0172486
14 0.3266723 0.5336018 0.0280820 0.0172487
31 0.7555604 0.5956970 0.0280820 0.0172487
3 0.6125977 0.5336018 0.0280819 0.0172487
5 0.7555604 0.4094116 0.0280820 0.0172486
18 0.4696350 0.6577920 0.0280820 0.0172486
1 0.5398399 0.7198872 0.0280820 0.0172486
12 0.5398399 0.6577920 0.0280820 0.0172486
31 0.4696350 0.5336018 0.0280820 0.0172487
13 0.6125977 0.6577920 0.0280819 0.0172486
28 0.3266723 0.5956970 0.0280820 0.0172487
16 0.3266723 0.7198872 0.0280820 0.0172486
