8 0.6698158 0.4412183 0.0285157 0.0166734
22 0.7424011 0.6212912 0.0285156 0.0166734
32 0.5991748 0.5062446 0.5249472 0.4268394
33 0.5978786 0.3217255 0.4756929 0.0155619
23 0.3794747 0.3811941 0.0285156 0.0166734
34 0.5246453 0.3806383 0.0674006 0.0600243
13 0.5246453 0.3811941 0.0285156 0.0166734
1 0.5959344 0.3811941 0.0285157 0.0166734
26 0.6698158 0.3811941 0.0285157 0.0166734
19 0.7424011 0.3811941 0.0285156 0.0166734
15 0.4520600 0.4412183 0.0285156 0.0166734
5 0.7424011 0.4412183 0.0285156 0.0166734
29 0.8149864 0.4412183 0.0285156 0.0166734
18 0.3794747 0.5012426 0.0285156 0.0166734
13 0.4520600 0.5012426 0.0285156 0.0166734
6 0.5246453 0.5012426 0.0285156 0.0166734
27 0.6698158 0.5012426 0.0285157 0.0166734
2 0.8149864 0.5012426 0.0285156 0.0166734
22 0.3794747 0.5612669 0.0285156 0.0166734
7 0.4520600 0.5612669 0.0285156 0.0166734
10 0.5246453 0.5612669 0.0285156 0.0166734
24 0.6698158 0.5612669 0.0285157 0.0166734
3 0.8149864 0.5612669 0.0285156 0.0166734
14 0.5959344 0.6212912 0.0285157 0.0166734
30 0.4520600 0.6813155 0.0285156 0.0166734
31 0.5246453 0.6813155 0.0285156 0.0166734
16 0.7424011 0.6813155 0.0285156 0.0166734
9 0.8149864 0.6813155 0.0285156 0.0166734
16 0.5959344 0.6813155 0.0285157 0.0166734
10 0.6698158 0.6813155 0.0285157 0.0166734
12 0.5246453 0.6212912 0.0285156 0.0166734
2 0.3794747 0.4412183 0.0285156 0.0166734
26 0.4520600 0.6212912 0.0285156 0.0166734
17 0.7424011 0.5012426 0.0285156 0.0166734
20 0.5959344 0.5612669 0.0285157 0.0166734
18 0.4520600 0.3811941 0.0285156 0.0166734
20 0.5246453 0.4412183 0.0285156 0.0166734
31 0.5959344 0.4412183 0.0285157 0.0166734
31 0.6698158 0.6212912 0.0285157 0.0166734
13 0.8149864 0.3811941 0.0285156 0.0166734
15 0.3794747 0.6212912 0.0285156 0.0166734
14 0.5959344 0.5012426 0.0285157 0.0166734
16 0.3794747 0.6813155 0.0285156 0.0166734
7 0.8149864 0.6212912 0.0285156 0.0166734
15 0.7424011 0.5612669 0.0285156 0.0166734
