19 0.4677390 0.6231892 0.0274633 0.0160439
11 0.5376453 0.3921566 0.0274633 0.0160439
32 0.6094243 0.5124860 0.5055734 0.4107246
33 0.6081760 0.3349332 0.4581369 0.0149743
2 0.3978325 0.3921566 0.0274632 0.0160439
14 0.4677390 0.3921566 0.0274633 0.0160439
4 0.6063035 0.3921566 0.0274632 0.0160439
18 0.8172711 0.3921566 0.0274633 0.0160439
9 0.4677390 0.4499147 0.0274633 0.0160439
34 0.5376454 0.4493799 0.0649131 0.0577582
29 0.5376453 0.4499147 0.0274633 0.0160439
24 0.6063035 0.4499147 0.0274632 0.0160439
3 0.7473647 0.4499147 0.0274632 0.0160439
5 0.8172711 0.4499147 0.0274633 0.0160439
26 0.3978325 0.5076728 0.0274632 0.0160439
22 0.5376453 0.5076728 0.0274633 0.0160439
10 0.6774583 0.5076728 0.0274632 0.0160439
11 0.8172711 0.5076728 0.0274633 0.0160439
12 0.3978325 0.5654310 0.0274632 0.0160440
31 0.7473647 0.5654310 0.0274632 0.0160440
1 0.5376453 0.6231892 0.0274633 0.0160439
16 0.6063035 0.6231892 0.0274632 0.0160439
15 0.6774583 0.6231892 0.0274632 0.0160439
6 0.4677390 0.6809473 0.0274633 0.0160440
13 0.6063035 0.6809473 0.0274632 0.0160440
7 0.6774583 0.6809473 0.0274632 0.0160440
8 0.7473647 0.6809473 0.0274632 0.0160440
17 0.8172711 0.6809473 0.0274633 0.0160440
6 0.7473647 0.3921566 0.0274632 0.0160439
2 0.3978325 0.6809473 0.0274632 0.0160440
25 0.8172711 0.6231892 0.0274633 0.0160439
17 0.6063035 0.5654310 0.0274632 0.0160440
20 0.4677390 0.5654310 0.0274633 0.0160440
13 0.5376453 0.6809473 0.0274633 0.0160440
29 0.6063035 0.5076728 0.0274632 0.0160439
31 0.8172711 0.5654310 0.0274633 0.0160440
14 0.6774583 0.5654310 0.0274632 0.0160440
28 0.4677390 0.5076728 0.0274633 0.0160439
3 0.7473647 0.6231892 0.0274632 0.0160439
15 0.6774583 0.4499147 0.0274632 0.0160439
8 0.5376453 0.5654310 0.0274633 0.0160440
2 0.6774583 0.3921566 0.0274632 0.0160439
9 0.7473647 0.5076728 0.0274632 0.0160439
28 0.3978325 0.6231892 0.0274632 0.0160439
30 0.3978325 0.4499147 0.0274632 0.0160439
