25 0.7828390 0.6649040 0.0262975 0.0160974
9 0.3812046 0.4910520 0.0262975 0.0160974
32 0.5838148 0.4958813 0.4841129 0.4120937
33 0.5826194 0.3177366 0.4386900 0.0150242
9 0.3812046 0.3751507 0.0262975 0.0160974
1 0.4481436 0.3751507 0.0262975 0.0160974
13 0.5150827 0.3751507 0.0262975 0.0160974
22 0.7158999 0.3751507 0.0262975 0.0160974
3 0.7828390 0.3751507 0.0262975 0.0160974
15 0.4481436 0.4331014 0.0262975 0.0160974
14 0.5808264 0.4331014 0.0262975 0.0160974
29 0.6489608 0.4331014 0.0262975 0.0160974
12 0.7828390 0.4331014 0.0262975 0.0160974
30 0.6489608 0.4910520 0.0262975 0.0160974
5 0.7158999 0.4910520 0.0262975 0.0160974
7 0.3812046 0.5490027 0.0262975 0.0160974
31 0.4481436 0.5490027 0.0262975 0.0160974
23 0.5150827 0.5490027 0.0262975 0.0160974
27 0.5808264 0.5490027 0.0262975 0.0160974
21 0.6489608 0.5490027 0.0262975 0.0160974
11 0.7158999 0.5490027 0.0262975 0.0160974
26 0.4481436 0.6069534 0.0262975 0.0160974
6 0.7158999 0.6069534 0.0262975 0.0160974
16 0.7828390 0.6069534 0.0262975 0.0160974
34 0.3812046 0.6643675 0.0621577 0.0579507
10 0.3812046 0.6649040 0.0262975 0.0160974
17 0.5150827 0.6649040 0.0262975 0.0160974
8 0.5808264 0.6649040 0.0262975 0.0160974
8 0.7828390 0.5490027 0.0262975 0.0160974
22 0.7158999 0.6649040 0.0262975 0.0160974
13 0.6489608 0.6649040 0.0262975 0.0160974
5 0.7828390 0.4910520 0.0262975 0.0160974
20 0.4481436 0.6649040 0.0262975 0.0160974
15 0.6489608 0.3751507 0.0262975 0.0160974
16 0.5808264 0.3751507 0.0262975 0.0160974
24 0.6489608 0.6069534 0.0262975 0.0160974
22 0.5808264 0.6069534 0.0262975 0.0160974
31 0.5808264 0.4910520 0.0262975 0.0160974
14 0.5150827 0.6069534 0.0262975 0.0160974
21 0.3812046 0.6069534 0.0262975 0.0160974
28 0.7158999 0.4331014 0.0262975 0.0160974
8 0.3812046 0.4331014 0.0262975 0.0160974
2 0.4481436 0.4910520 0.0262975 0.0160974
18 0.5150827 0.4331014 0.0262975 0.0160974
13 0.5150827 0.4910520 0.0262975 0.0160974
