3 0.4873042 0.2335523 0.0286133 0.0167335
6 0.3403358 0.2335523 0.0286133 0.0167335
32 0.3435874 0.3590532 0.5267450 0.4283764
33 0.3422868 0.1738697 0.4773220 0.0156179
18 0.1231349 0.2335523 0.0286133 0.0167335
30 0.1959687 0.2335523 0.0286133 0.0167335
17 0.2688026 0.2335523 0.0286133 0.0167335
14 0.5601381 0.2335523 0.0286133 0.0167335
4 0.1959687 0.2937928 0.0286133 0.0167335
12 0.5601381 0.2937928 0.0286133 0.0167335
10 0.1959687 0.3540332 0.0286133 0.0167334
6 0.4144704 0.3540332 0.0286133 0.0167334
25 0.4873042 0.3540332 0.0286133 0.0167334
9 0.1231349 0.4142736 0.0286133 0.0167335
19 0.2688026 0.4142736 0.0286133 0.0167335
34 0.3403359 0.4137159 0.0676315 0.0602404
7 0.3403358 0.4142736 0.0286133 0.0167335
11 0.4144704 0.4142736 0.0286133 0.0167335
29 0.4873042 0.4142736 0.0286133 0.0167335
27 0.5601381 0.4142736 0.0286133 0.0167335
16 0.1231349 0.4745141 0.0286133 0.0167335
5 0.1959687 0.4745141 0.0286133 0.0167335
1 0.1959687 0.5347545 0.0286133 0.0167335
31 0.2688026 0.5347545 0.0286133 0.0167335
13 0.3403358 0.5347545 0.0286133 0.0167335
21 0.4144704 0.5347545 0.0286133 0.0167335
24 0.4873042 0.5347545 0.0286133 0.0167335
8 0.5601381 0.5347545 0.0286133 0.0167335
15 0.2688026 0.3540332 0.0286133 0.0167334
28 0.3403358 0.3540332 0.0286133 0.0167334
22 0.4873042 0.4745141 0.0286133 0.0167335
11 0.2688026 0.2937928 0.0286133 0.0167335
8 0.4144704 0.2937928 0.0286133 0.0167335
9 0.4873042 0.2937928 0.0286133 0.0167335
5 0.1231349 0.3540332 0.0286133 0.0167334
22 0.1231349 0.5347545 0.0286133 0.0167335
14 0.4144704 0.4745141 0.0286133 0.0167335
19 0.5601381 0.4745141 0.0286133 0.0167335
24 0.4144704 0.2335523 0.0286133 0.0167335
14 0.1959687 0.4142736 0.0286133 0.0167335
14 0.2688026 0.4745141 0.0286133 0.0167335
6 0.3403358 0.2937928 0.0286133 0.0167335
8 0.5601381 0.3540332 0.0286133 0.0167334
17 0.1231349 0.2937928 0.0286133 0.0167335
17 0.3403358 0.4745141 0.0286133 0.0167335
