18 0.4789954 0.3840237 0.0284819 0.0160822
28 0.6226998 0.4998151 0.0284819 0.0160822
32 0.6259364 0.3309527 0.5243271 0.4117026
33 0.6246418 0.1529771 0.4751310 0.0150100
15 0.4789954 0.2103367 0.0284819 0.0160822
34 0.5514949 0.2098006 0.0673210 0.0578957
18 0.5514949 0.2103367 0.0284819 0.0160822
10 0.7689935 0.2103367 0.0284821 0.0160822
16 0.8414931 0.2103367 0.0284820 0.0160822
18 0.5514949 0.2682324 0.0284819 0.0160822
24 0.6226998 0.2682324 0.0284819 0.0160822
20 0.7689935 0.2682324 0.0284821 0.0160822
30 0.6226998 0.3261281 0.0284819 0.0160821
31 0.6964940 0.3261281 0.0284820 0.0160821
27 0.7689935 0.3261281 0.0284821 0.0160821
25 0.4064958 0.3840237 0.0284819 0.0160822
5 0.5514949 0.3840237 0.0284819 0.0160822
21 0.6226998 0.3840237 0.0284819 0.0160822
26 0.4789954 0.4419194 0.0284819 0.0160821
12 0.5514949 0.4419194 0.0284819 0.0160821
7 0.6226998 0.4419194 0.0284819 0.0160821
2 0.6964940 0.4419194 0.0284820 0.0160821
14 0.7689935 0.4419194 0.0284821 0.0160821
8 0.8414931 0.4419194 0.0284820 0.0160821
6 0.4064958 0.4998151 0.0284819 0.0160822
3 0.4789954 0.4998151 0.0284819 0.0160822
1 0.5514949 0.4998151 0.0284819 0.0160822
13 0.6964940 0.4998151 0.0284820 0.0160822
5 0.4064958 0.2103367 0.0284819 0.0160822
6 0.8414931 0.3261281 0.0284820 0.0160821
22 0.4064958 0.3261281 0.0284819 0.0160821
10 0.7689935 0.4998151 0.0284821 0.0160822
8 0.8414931 0.3840237 0.0284820 0.0160822
8 0.6964940 0.3840237 0.0284820 0.0160822
27 0.8414931 0.4998151 0.0284820 0.0160822
10 0.5514949 0.3261281 0.0284819 0.0160821
2 0.4064958 0.2682324 0.0284819 0.0160822
6 0.7689935 0.3840237 0.0284821 0.0160822
12 0.6964940 0.2103367 0.0284820 0.0160822
22 0.8414931 0.2682324 0.0284820 0.0160822
30 0.6964940 0.2682324 0.0284820 0.0160822
26 0.4064958 0.4419194 0.0284819 0.0160821
2 0.4789954 0.2682324 0.0284819 0.0160822
30 0.4789954 0.3261281 0.0284819 0.0160821
6 0.6226998 0.2103367 0.0284819 0.0160822
