8 0.2378437 0.5686240 0.0281222 0.0171700
12 0.3797330 0.6922477 0.0281222 0.0171699
32 0.3829287 0.6355868 0.5177039 0.4395509
33 0.3816504 0.4455726 0.4691292 0.0160253
11 0.1662600 0.5068122 0.0281222 0.0171699
24 0.3094275 0.5068122 0.0281222 0.0171699
16 0.5957625 0.5068122 0.0281222 0.0171699
17 0.1662600 0.5686240 0.0281222 0.0171700
30 0.3094275 0.5686240 0.0281222 0.0171700
6 0.3797330 0.5686240 0.0281222 0.0171700
23 0.5957625 0.5686240 0.0281222 0.0171700
12 0.1662600 0.6304358 0.0281222 0.0171699
22 0.3797330 0.6304358 0.0281222 0.0171699
20 0.4525950 0.6304358 0.0281222 0.0171699
31 0.5241788 0.6304358 0.0281222 0.0171699
21 0.4525950 0.6922477 0.0281222 0.0171699
10 0.5241788 0.6922477 0.0281222 0.0171699
5 0.5957625 0.6922477 0.0281222 0.0171699
29 0.1662600 0.7540595 0.0281222 0.0171699
1 0.2378437 0.7540595 0.0281222 0.0171699
18 0.3094275 0.7540595 0.0281222 0.0171699
34 0.3797330 0.7534872 0.0664706 0.0618118
29 0.3797330 0.7540595 0.0281222 0.0171699
15 0.4525950 0.7540595 0.0281222 0.0171699
9 0.5241788 0.7540595 0.0281222 0.0171699
27 0.3797330 0.8158714 0.0281222 0.0171700
25 0.5241788 0.8158714 0.0281222 0.0171700
26 0.5957625 0.8158714 0.0281222 0.0171700
4 0.2378437 0.6922477 0.0281222 0.0171699
17 0.2378437 0.8158714 0.0281222 0.0171700
9 0.3797330 0.5068122 0.0281222 0.0171699
14 0.2378437 0.6304358 0.0281222 0.0171699
11 0.3094275 0.6922477 0.0281222 0.0171699
8 0.4525950 0.5068122 0.0281222 0.0171699
26 0.5241788 0.5068122 0.0281222 0.0171699
12 0.5957625 0.7540595 0.0281222 0.0171699
21 0.3094275 0.8158714 0.0281222 0.0171700
3 0.1662600 0.8158714 0.0281222 0.0171700
17 0.3094275 0.6304358 0.0281222 0.0171699
29 0.1662600 0.6922477 0.0281222 0.0171699
17 0.4525950 0.8158714 0.0281222 0.0171700
6 0.4525950 0.5686240 0.0281222 0.0171700
19 0.5241788 0.5686240 0.0281222 0.0171700
2 0.2378437 0.5068122 0.0281222 0.0171699
6 0.5957625 0.6304358 0.0281222 0.0171699
