21 0.4607961 0.7741349 0.0279773 0.0174882
15 0.3183661 0.7741349 0.0279773 0.0174882
32 0.5339185 0.5905084 0.5150367 0.4476991
33 0.5326468 0.3969717 0.4667123 0.0163224
14 0.4607961 0.4593465 0.0279773 0.0174883
7 0.5307393 0.4593465 0.0279773 0.0174883
25 0.6032259 0.4593465 0.0279773 0.0174883
15 0.6744409 0.4593465 0.0279773 0.0174883
6 0.3895811 0.5223042 0.0279773 0.0174883
19 0.5307393 0.5223042 0.0279773 0.0174883
24 0.6032259 0.5223042 0.0279773 0.0174883
8 0.6744409 0.5223042 0.0279773 0.0174883
13 0.3183661 0.5852619 0.0279773 0.0174883
21 0.4607961 0.5852619 0.0279773 0.0174883
34 0.6025901 0.5846790 0.0673999 0.0629577
27 0.6032259 0.5852619 0.0279773 0.0174883
9 0.3183661 0.6482195 0.0279773 0.0174883
23 0.3895811 0.6482195 0.0279773 0.0174883
20 0.4607961 0.6482195 0.0279773 0.0174883
4 0.5307393 0.6482195 0.0279773 0.0174883
12 0.6744409 0.6482195 0.0279773 0.0174883
11 0.7456558 0.6482195 0.0279774 0.0174883
31 0.3183661 0.7111773 0.0279773 0.0174883
17 0.4607961 0.7111773 0.0279773 0.0174883
10 0.6744409 0.7111773 0.0279773 0.0174883
5 0.7456558 0.7111773 0.0279774 0.0174883
3 0.6032259 0.7741349 0.0279773 0.0174882
30 0.7456558 0.7741349 0.0279774 0.0174882
16 0.3183661 0.4593465 0.0279773 0.0174883
20 0.5307393 0.7111773 0.0279773 0.0174883
6 0.3895811 0.7741349 0.0279773 0.0174882
20 0.6032259 0.6482195 0.0279773 0.0174883
4 0.6744409 0.5852619 0.0279773 0.0174883
12 0.6032259 0.7111773 0.0279773 0.0174883
27 0.3895811 0.4593465 0.0279773 0.0174883
9 0.7456558 0.5223042 0.0279774 0.0174883
4 0.7456558 0.4593465 0.0279774 0.0174883
3 0.6744409 0.7741349 0.0279773 0.0174882
6 0.3895811 0.7111773 0.0279773 0.0174883
28 0.7456558 0.5852619 0.0279774 0.0174883
18 0.4607961 0.5223042 0.0279773 0.0174883
16 0.3895811 0.5852619 0.0279773 0.0174883
16 0.5307393 0.7741349 0.0279773 0.0174882
4 0.5307393 0.5852619 0.0279773 0.0174883
4 0.3183661 0.5223042 0.0279773 0.0174883
