7 0.1854248 0.7949354 0.0278479 0.0159370
16 0.2563104 0.7949354 0.0278479 0.0159370
32 0.3999804 0.6275970 0.5126549 0.4079870
33 0.3987146 0.4512276 0.4645539 0.0148745
10 0.1854248 0.5080696 0.0278479 0.0159370
23 0.2563104 0.5080696 0.0278479 0.0159370
22 0.3271960 0.5080696 0.0278479 0.0159370
5 0.5398529 0.5080696 0.0278479 0.0159370
26 0.1854248 0.5654428 0.0278479 0.0159370
11 0.2563104 0.5654428 0.0278479 0.0159370
8 0.3968159 0.5654428 0.0278479 0.0159370
3 0.4689673 0.5654428 0.0278479 0.0159370
30 0.5398529 0.5654428 0.0278479 0.0159370
29 0.1854248 0.6228159 0.0278479 0.0159370
12 0.2563104 0.6228159 0.0278479 0.0159370
25 0.3968159 0.6228159 0.0278479 0.0159370
14 0.5398529 0.6228159 0.0278479 0.0159370
1 0.6107385 0.6228159 0.0278479 0.0159370
17 0.1854248 0.6801891 0.0278479 0.0159370
31 0.2563104 0.6801891 0.0278479 0.0159370
19 0.3271960 0.6801891 0.0278479 0.0159370
27 0.4689673 0.6801891 0.0278479 0.0159370
15 0.6107385 0.6801891 0.0278479 0.0159370
2 0.3271960 0.7375623 0.0278479 0.0159370
34 0.3968158 0.7370310 0.0658224 0.0573732
6 0.3968159 0.7375623 0.0278479 0.0159370
4 0.4689673 0.7375623 0.0278479 0.0159370
18 0.4689673 0.7949354 0.0278479 0.0159370
14 0.5398529 0.6801891 0.0278479 0.0159370
1 0.3968159 0.6801891 0.0278479 0.0159370
6 0.3271960 0.7949354 0.0278479 0.0159370
12 0.4689673 0.5080696 0.0278479 0.0159370
13 0.6107385 0.5080696 0.0278479 0.0159370
1 0.6107385 0.5654428 0.0278479 0.0159370
2 0.5398529 0.7375623 0.0278479 0.0159370
18 0.6107385 0.7949354 0.0278479 0.0159370
31 0.4689673 0.6228159 0.0278479 0.0159370
16 0.3968159 0.7949354 0.0278479 0.0159370
26 0.3271960 0.5654428 0.0278479 0.0159370
31 0.1854248 0.7375623 0.0278479 0.0159370
5 0.3968159 0.5080696 0.0278479 0.0159370
6 0.5398529 0.7949354 0.0278479 0.0159370
16 0.3271960 0.6228159 0.0278479 0.0159370
1 0.6107385 0.7375623 0.0278479 0.0159370
3 0.2563104 0.7375623 0.0278479 0.0159370
