25 0.1749882 0.4454645 0.0285781 0.0162900
12 0.0294997 0.4454645 0.0285781 0.0162900
32 0.2569897 0.5676397 0.5114794 0.4170247
33 0.2483819 0.3873634 0.4767347 0.0152041
23 0.1022439 0.4454645 0.0285781 0.0162900
1 0.2464334 0.4454645 0.0285781 0.0162900
30 0.3204767 0.4454645 0.0285781 0.0162900
22 0.4659652 0.4454645 0.0285781 0.0162900
18 0.0294997 0.5041086 0.0285781 0.0162900
34 0.1749882 0.5035656 0.0675482 0.0586441
3 0.1749882 0.5041086 0.0285781 0.0162900
21 0.2464334 0.5041086 0.0285781 0.0162900
29 0.3204767 0.5041086 0.0285781 0.0162900
13 0.3932210 0.5041086 0.0285781 0.0162900
31 0.4659652 0.5041086 0.0285781 0.0162900
8 0.0294997 0.5627527 0.0285781 0.0162900
15 0.2464334 0.5627527 0.0285781 0.0162900
24 0.3204767 0.5627527 0.0285781 0.0162900
27 0.2464334 0.6213968 0.0285781 0.0162901
7 0.3204767 0.6213968 0.0285781 0.0162901
9 0.4659652 0.6213968 0.0285781 0.0162901
17 0.0294997 0.6800409 0.0285781 0.0162900
2 0.1022439 0.6800409 0.0285781 0.0162900
16 0.3932210 0.6800409 0.0285781 0.0162900
11 0.1022439 0.7386850 0.0285781 0.0162900
10 0.2464334 0.7386850 0.0285781 0.0162900
4 0.3204767 0.7386850 0.0285781 0.0162900
25 0.3932210 0.7386850 0.0285781 0.0162900
21 0.1749882 0.6213968 0.0285781 0.0162901
7 0.4659652 0.6800409 0.0285781 0.0162900
11 0.0294997 0.6213968 0.0285781 0.0162901
1 0.1022439 0.5041086 0.0285781 0.0162900
6 0.1749882 0.7386850 0.0285781 0.0162900
10 0.4659652 0.7386850 0.0285781 0.0162900
20 0.3932210 0.6213968 0.0285781 0.0162901
17 0.3204767 0.6800409 0.0285781 0.0162900
21 0.0294997 0.7386850 0.0285781 0.0162900
24 0.1749882 0.6800409 0.0285781 0.0162900
9 0.1022439 0.5627527 0.0285781 0.0162900
22 0.4659652 0.5627527 0.0285781 0.0162900
29 0.3932210 0.4454645 0.0285781 0.0162900
29 0.1749882 0.5627527 0.0285781 0.0162900
1 0.3932210 0.5627527 0.0285781 0.0162900
27 0.2464334 0.6800409 0.0285781 0.0162900
18 0.1022439 0.6213968 0.0285781 0.0162901
