31 0.3058083 0.4777845 0.0265422 0.0172253
4 0.3721638 0.6018065 0.0265422 0.0172253
32 0.3751800 0.4829520 0.4886182 0.4409673
33 0.3739735 0.2923256 0.4427726 0.0160769
15 0.1706842 0.3537624 0.0265422 0.0172253
11 0.2382462 0.3537624 0.0265422 0.0172253
31 0.3058083 0.3537624 0.0265422 0.0172253
10 0.3721638 0.3537624 0.0265422 0.0172253
6 0.4409323 0.3537624 0.0265422 0.0172253
14 0.5084943 0.3537624 0.0265422 0.0172253
26 0.3058083 0.4157734 0.0265422 0.0172253
19 0.3721638 0.4157734 0.0265422 0.0172253
30 0.4409323 0.4157734 0.0265422 0.0172253
2 0.5760564 0.4157734 0.0265422 0.0172253
3 0.2382462 0.4777845 0.0265422 0.0172253
1 0.3721638 0.4777845 0.0265422 0.0172253
17 0.4409323 0.4777845 0.0265422 0.0172253
21 0.1706842 0.5397955 0.0265422 0.0172253
34 0.2376430 0.5392213 0.0615297 0.0620110
24 0.2382462 0.5397955 0.0265422 0.0172253
16 0.3721638 0.5397955 0.0265422 0.0172253
18 0.4409323 0.5397955 0.0265422 0.0172253
12 0.3058083 0.6018065 0.0265422 0.0172253
20 0.2382462 0.6638175 0.0265422 0.0172253
5 0.3058083 0.6638175 0.0265422 0.0172253
22 0.3721638 0.6638175 0.0265422 0.0172253
23 0.5084943 0.6638175 0.0265422 0.0172253
7 0.5760564 0.6638175 0.0265422 0.0172253
7 0.5760564 0.4777845 0.0265422 0.0172253
6 0.3058083 0.5397955 0.0265422 0.0172253
3 0.5084943 0.4777845 0.0265422 0.0172253
4 0.2382462 0.6018065 0.0265422 0.0172253
6 0.5084943 0.4157734 0.0265422 0.0172253
10 0.4409323 0.6638175 0.0265422 0.0172253
3 0.2382462 0.4157734 0.0265422 0.0172253
12 0.5084943 0.5397955 0.0265422 0.0172253
20 0.5760564 0.6018065 0.0265422 0.0172253
30 0.1706842 0.4777845 0.0265422 0.0172253
24 0.5760564 0.5397955 0.0265422 0.0172253
6 0.5084943 0.6018065 0.0265422 0.0172253
7 0.1706842 0.4157734 0.0265422 0.0172253
5 0.4409323 0.6018065 0.0265422 0.0172253
2 0.1706842 0.6018065 0.0265422 0.0172253
16 0.5760564 0.3537624 0.0265422 0.0172253
14 0.1706842 0.6638175 0.0265422 0.0172253
