18 0.7153784 0.5689708 0.0264083 0.0172760
10 0.7153784 0.7555520 0.0264083 0.0172760
32 0.5155154 0.5741536 0.4861532 0.4422666
33 0.5143150 0.3829655 0.4405388 0.0161243
19 0.5125145 0.4445834 0.0264083 0.0172760
22 0.5809360 0.4445834 0.0264083 0.0172760
3 0.6481572 0.4445834 0.0264083 0.0172760
23 0.7153784 0.4445834 0.0264083 0.0172760
21 0.3120513 0.5067771 0.0264083 0.0172760
20 0.3792725 0.5067771 0.0264083 0.0172760
11 0.6481572 0.5067771 0.0264083 0.0172760
29 0.7153784 0.5067771 0.0264083 0.0172760
24 0.3120513 0.5689708 0.0264083 0.0172760
30 0.4464936 0.5689708 0.0264083 0.0172760
13 0.6481572 0.5689708 0.0264083 0.0172760
12 0.3120513 0.6311646 0.0264083 0.0172760
18 0.3792725 0.6311646 0.0264083 0.0172760
6 0.4464936 0.6311646 0.0264083 0.0172760
10 0.5809360 0.6311646 0.0264083 0.0172760
26 0.6481572 0.6311646 0.0264083 0.0172760
34 0.4464936 0.6927825 0.0624197 0.0621937
16 0.4464936 0.6933583 0.0264083 0.0172760
8 0.7153784 0.6933583 0.0264083 0.0172760
2 0.3120513 0.7555520 0.0264083 0.0172760
25 0.3792725 0.7555520 0.0264083 0.0172760
15 0.4464936 0.7555520 0.0264083 0.0172760
31 0.5125145 0.7555520 0.0264083 0.0172760
14 0.5809360 0.7555520 0.0264083 0.0172760
4 0.6481572 0.6933583 0.0264083 0.0172760
14 0.5125145 0.5067771 0.0264083 0.0172760
24 0.3792725 0.4445834 0.0264083 0.0172760
9 0.6481572 0.7555520 0.0264083 0.0172760
22 0.7153784 0.6311646 0.0264083 0.0172760
2 0.3792725 0.6933583 0.0264083 0.0172760
10 0.3792725 0.5689708 0.0264083 0.0172760
24 0.3120513 0.4445834 0.0264083 0.0172760
13 0.4464936 0.5067771 0.0264083 0.0172760
7 0.5809360 0.6933583 0.0264083 0.0172760
1 0.3120513 0.6933583 0.0264083 0.0172760
22 0.5125145 0.6311646 0.0264083 0.0172760
16 0.5125145 0.5689708 0.0264083 0.0172760
19 0.5125145 0.6933583 0.0264083 0.0172760
9 0.4464936 0.4445834 0.0264083 0.0172760
30 0.5809360 0.5067771 0.0264083 0.0172760
4 0.5809360 0.5689708 0.0264083 0.0172760
