11 0.4034198 0.7051498 0.0280853 0.0166237
3 0.3332065 0.6453044 0.0280853 0.0166237
32 0.4066113 0.5904462 0.5170255 0.4255671
33 0.4053347 0.4064771 0.4685145 0.0155155
9 0.1902266 0.4657683 0.0280853 0.0166237
3 0.2617165 0.4657683 0.0280853 0.0166237
34 0.4034198 0.4652142 0.0663835 0.0598454
30 0.4034198 0.4657683 0.0280853 0.0166237
30 0.4761864 0.4657683 0.0280853 0.0166237
25 0.5476763 0.4657683 0.0280854 0.0166237
20 0.1902266 0.5256137 0.0280853 0.0166237
19 0.5476763 0.5256137 0.0280854 0.0166237
7 0.1902266 0.5854591 0.0280853 0.0166237
5 0.3332065 0.5854591 0.0280853 0.0166237
21 0.4034198 0.5854591 0.0280853 0.0166237
14 0.4761864 0.5854591 0.0280853 0.0166237
31 0.5476763 0.5854591 0.0280854 0.0166237
8 0.6191663 0.5854591 0.0280854 0.0166237
22 0.1902266 0.6453044 0.0280853 0.0166237
24 0.5476763 0.6453044 0.0280854 0.0166237
26 0.1902266 0.7051498 0.0280853 0.0166237
18 0.2617165 0.7051498 0.0280853 0.0166237
11 0.3332065 0.7051498 0.0280853 0.0166237
27 0.4761864 0.7051498 0.0280853 0.0166237
29 0.5476763 0.7051498 0.0280854 0.0166237
10 0.1902266 0.7649952 0.0280853 0.0166237
12 0.3332065 0.7649952 0.0280853 0.0166237
15 0.4034198 0.7649952 0.0280853 0.0166237
3 0.3332065 0.5256137 0.0280853 0.0166237
12 0.4034198 0.6453044 0.0280853 0.0166237
20 0.6191663 0.7649952 0.0280854 0.0166237
10 0.6191663 0.4657683 0.0280854 0.0166237
19 0.4761864 0.6453044 0.0280853 0.0166237
1 0.3332065 0.4657683 0.0280853 0.0166237
9 0.2617165 0.5256137 0.0280853 0.0166237
18 0.4034198 0.5256137 0.0280853 0.0166237
14 0.2617165 0.7649952 0.0280853 0.0166237
15 0.5476763 0.7649952 0.0280854 0.0166237
15 0.2617165 0.6453044 0.0280853 0.0166237
9 0.4761864 0.5256137 0.0280853 0.0166237
19 0.6191663 0.7051498 0.0280854 0.0166237
13 0.4761864 0.7649952 0.0280853 0.0166237
3 0.6191663 0.5256137 0.0280854 0.0166237
20 0.6191663 0.6453044 0.0280854 0.0166237
8 0.2617165 0.5854591 0.0280853 0.0166237
