14 0.4351654 0.6480092 0.0288563 0.0170333
10 0.4351654 0.4640502 0.0288563 0.0170333
32 0.3636805 0.5917995 0.5312178 0.4360513
33 0.3623689 0.4032982 0.4813751 0.0158977
6 0.1413560 0.4640502 0.0288563 0.0170333
5 0.2148084 0.4640502 0.0288563 0.0170333
18 0.2882607 0.4640502 0.0288563 0.0170333
16 0.3604014 0.4640502 0.0288563 0.0170333
15 0.2148084 0.5253698 0.0288563 0.0170332
26 0.2882607 0.5253698 0.0288563 0.0170332
13 0.3604014 0.5253698 0.0288563 0.0170332
22 0.4351654 0.5253698 0.0288563 0.0170332
1 0.1413560 0.5866896 0.0288563 0.0170332
3 0.2148084 0.5866896 0.0288563 0.0170332
19 0.5820700 0.5866896 0.0288563 0.0170332
20 0.1413560 0.6480092 0.0288563 0.0170333
21 0.2148084 0.6480092 0.0288563 0.0170333
7 0.3604014 0.6480092 0.0288563 0.0170333
8 0.5086177 0.6480092 0.0288563 0.0170333
29 0.5820700 0.6480092 0.0288563 0.0170333
14 0.1413560 0.7093290 0.0288563 0.0170333
12 0.2882607 0.7093290 0.0288563 0.0170333
2 0.5086177 0.7093290 0.0288563 0.0170333
31 0.2148084 0.7706487 0.0288563 0.0170333
9 0.2882607 0.7706487 0.0288563 0.0170333
23 0.4351654 0.7706487 0.0288563 0.0170333
34 0.5820700 0.7700809 0.0682058 0.0613197
3 0.5820700 0.7706487 0.0288563 0.0170333
25 0.5086177 0.5253698 0.0288563 0.0170332
12 0.4351654 0.5866896 0.0288563 0.0170332
25 0.3604014 0.7706487 0.0288563 0.0170333
29 0.5086177 0.5866896 0.0288563 0.0170332
18 0.2882607 0.6480092 0.0288563 0.0170333
19 0.1413560 0.5253698 0.0288563 0.0170332
11 0.2148084 0.7093290 0.0288563 0.0170333
28 0.5086177 0.7706487 0.0288563 0.0170333
12 0.5086177 0.4640502 0.0288563 0.0170333
5 0.1413560 0.7706487 0.0288563 0.0170333
14 0.4351654 0.7093290 0.0288563 0.0170333
18 0.5820700 0.4640502 0.0288563 0.0170333
1 0.3604014 0.5866896 0.0288563 0.0170332
31 0.3604014 0.7093290 0.0288563 0.0170333
14 0.5820700 0.7093290 0.0288563 0.0170333
29 0.5820700 0.5253698 0.0288563 0.0170332
5 0.2882607 0.5866896 0.0288563 0.0170332
