24 0.5790575 0.3712423 0.0271435 0.0170410
27 0.7875693 0.5552858 0.0271436 0.0170411
32 0.5821421 0.4377024 0.4996877 0.4362513
33 0.5809083 0.2491146 0.4528035 0.0159050
11 0.3730135 0.3098944 0.0271436 0.0170410
31 0.5790575 0.3098944 0.0271435 0.0170410
7 0.6493840 0.3098944 0.0271436 0.0170410
13 0.3730135 0.3712423 0.0271436 0.0170410
20 0.4421061 0.3712423 0.0271435 0.0170410
6 0.5111987 0.3712423 0.0271436 0.0170410
25 0.7184766 0.3712423 0.0271435 0.0170410
18 0.7875693 0.3712423 0.0271436 0.0170410
5 0.4421061 0.4325901 0.0271435 0.0170411
16 0.5111987 0.4325901 0.0271436 0.0170411
8 0.5790575 0.4325901 0.0271435 0.0170411
2 0.6493840 0.4325901 0.0271436 0.0170411
24 0.7875693 0.4325901 0.0271436 0.0170411
17 0.3730135 0.4939380 0.0271436 0.0170411
30 0.5790575 0.4939380 0.0271435 0.0170411
26 0.3730135 0.5552858 0.0271436 0.0170411
10 0.4421061 0.5552858 0.0271435 0.0170411
15 0.5111987 0.5552858 0.0271436 0.0170411
14 0.5790575 0.5552858 0.0271435 0.0170411
27 0.6493840 0.5552858 0.0271436 0.0170411
4 0.3730135 0.6166336 0.0271436 0.0170410
21 0.4421061 0.6166336 0.0271435 0.0170410
34 0.7178597 0.6160656 0.0629237 0.0613478
5 0.7184766 0.6166336 0.0271435 0.0170410
12 0.5111987 0.4939380 0.0271436 0.0170411
6 0.3730135 0.4325901 0.0271436 0.0170411
27 0.7184766 0.5552858 0.0271435 0.0170411
17 0.7875693 0.3098944 0.0271436 0.0170410
4 0.7875693 0.4939380 0.0271436 0.0170411
28 0.4421061 0.4939380 0.0271435 0.0170411
10 0.4421061 0.3098944 0.0271435 0.0170410
5 0.6493840 0.6166336 0.0271436 0.0170410
25 0.5790575 0.6166336 0.0271435 0.0170410
31 0.5111987 0.3098944 0.0271436 0.0170410
4 0.6493840 0.4939380 0.0271436 0.0170411
24 0.7875693 0.6166336 0.0271436 0.0170410
20 0.7184766 0.3098944 0.0271435 0.0170410
30 0.5111987 0.6166336 0.0271436 0.0170410
30 0.6493840 0.3712423 0.0271436 0.0170410
2 0.7184766 0.4325901 0.0271435 0.0170411
21 0.7184766 0.4939380 0.0271435 0.0170411
