29 0.5700866 0.4783056 0.0278600 0.0168894
17 0.2864215 0.3567020 0.0278600 0.0168894
32 0.5010699 0.3617688 0.5128767 0.4323685
33 0.4998035 0.1748595 0.4647549 0.0157634
11 0.2864215 0.2350983 0.0278600 0.0168894
15 0.3573378 0.2350983 0.0278600 0.0168894
26 0.4282540 0.2350983 0.0278600 0.0168894
13 0.4979040 0.2350983 0.0278600 0.0168894
22 0.5700866 0.2350983 0.0278600 0.0168894
23 0.6410029 0.2350983 0.0278600 0.0168894
10 0.7119192 0.2350983 0.0278600 0.0168894
31 0.2864215 0.2959002 0.0278600 0.0168894
27 0.5700866 0.2959002 0.0278600 0.0168894
6 0.7119192 0.2959002 0.0278600 0.0168894
8 0.4979040 0.3567020 0.0278600 0.0168894
16 0.6410029 0.3567020 0.0278600 0.0168894
20 0.7119192 0.3567020 0.0278600 0.0168894
30 0.2864215 0.4175038 0.0278600 0.0168894
12 0.3573378 0.4175038 0.0278600 0.0168894
14 0.5700866 0.4175038 0.0278600 0.0168894
34 0.7119192 0.4169408 0.0658508 0.0608018
31 0.7119192 0.4175038 0.0278600 0.0168894
19 0.4282540 0.4783056 0.0278600 0.0168894
24 0.6410029 0.4783056 0.0278600 0.0168894
9 0.7119192 0.4783056 0.0278600 0.0168894
25 0.3573378 0.5391075 0.0278600 0.0168894
21 0.4282540 0.5391075 0.0278600 0.0168894
1 0.7119192 0.5391075 0.0278600 0.0168894
27 0.5700866 0.5391075 0.0278600 0.0168894
12 0.2864215 0.5391075 0.0278600 0.0168894
13 0.4979040 0.2959002 0.0278600 0.0168894
22 0.3573378 0.2959002 0.0278600 0.0168894
17 0.3573378 0.3567020 0.0278600 0.0168894
20 0.2864215 0.4783056 0.0278600 0.0168894
4 0.4282540 0.3567020 0.0278600 0.0168894
14 0.6410029 0.4175038 0.0278600 0.0168894
21 0.4282540 0.4175038 0.0278600 0.0168894
18 0.5700866 0.3567020 0.0278600 0.0168894
15 0.4979040 0.4175038 0.0278600 0.0168894
16 0.3573378 0.4783056 0.0278600 0.0168894
7 0.6410029 0.2959002 0.0278600 0.0168894
13 0.4979040 0.5391075 0.0278600 0.0168894
8 0.6410029 0.5391075 0.0278600 0.0168894
5 0.4979040 0.4783056 0.0278600 0.0168894
1 0.4282540 0.2959002 0.0278600 0.0168894
