30 0.1489404 0.6026866 0.0270859 0.0172121
31 0.4936706 0.6026866 0.0270859 0.0172121
32 0.3576253 0.6078503 0.4986276 0.4406302
33 0.3563941 0.4173695 0.4518428 0.0160647
34 0.4930550 0.4781857 0.0627901 0.0619636
2 0.4936706 0.4787594 0.0270859 0.0172121
10 0.5626166 0.4787594 0.0270860 0.0172121
11 0.1489404 0.5407230 0.0270859 0.0172121
5 0.3545473 0.5407230 0.0270860 0.0172121
26 0.4247245 0.5407230 0.0270860 0.0172121
6 0.4936706 0.5407230 0.0270859 0.0172121
1 0.5626166 0.5407230 0.0270860 0.0172121
13 0.2178864 0.6026866 0.0270859 0.0172121
25 0.2868325 0.6026866 0.0270859 0.0172121
24 0.3545473 0.6026866 0.0270860 0.0172121
20 0.4247245 0.6026866 0.0270860 0.0172121
31 0.5626166 0.6026866 0.0270860 0.0172121
7 0.2178864 0.6646502 0.0270859 0.0172121
17 0.3545473 0.6646502 0.0270860 0.0172121
23 0.5626166 0.6646502 0.0270860 0.0172121
21 0.1489404 0.7266139 0.0270859 0.0172121
12 0.2178864 0.7266139 0.0270859 0.0172121
8 0.2868325 0.7266139 0.0270859 0.0172121
3 0.3545473 0.7266139 0.0270860 0.0172121
15 0.2178864 0.7885775 0.0270859 0.0172121
2 0.3545473 0.7885775 0.0270860 0.0172121
4 0.4247245 0.7885775 0.0270860 0.0172121
29 0.4936706 0.7885775 0.0270859 0.0172121
10 0.4247245 0.4787594 0.0270860 0.0172121
15 0.1489404 0.6646502 0.0270859 0.0172121
7 0.2868325 0.7885775 0.0270859 0.0172121
21 0.3545473 0.4787594 0.0270860 0.0172121
25 0.1489404 0.7885775 0.0270859 0.0172121
3 0.2868325 0.4787594 0.0270859 0.0172121
6 0.2868325 0.5407230 0.0270859 0.0172121
27 0.5626166 0.7266139 0.0270860 0.0172121
19 0.2178864 0.5407230 0.0270859 0.0172121
1 0.4936706 0.6646502 0.0270859 0.0172121
5 0.4936706 0.7266139 0.0270859 0.0172121
12 0.2178864 0.4787594 0.0270859 0.0172121
26 0.2868325 0.6646502 0.0270859 0.0172121
22 0.4247245 0.6646502 0.0270860 0.0172121
7 0.5626166 0.7885775 0.0270860 0.0172121
31 0.4247245 0.7266139 0.0270860 0.0172121
18 0.1489404 0.4787594 0.0270859 0.0172121
