25 0.4870254 0.3114372 0.0276128 0.0164339
19 0.6288551 0.4889236 0.0276128 0.0164339
32 0.4901632 0.3755295 0.5083277 0.4207084
33 0.4889081 0.1936607 0.4606327 0.0153383
10 0.4179932 0.2522751 0.0276129 0.0164339
13 0.4870254 0.2522751 0.0276128 0.0164339
20 0.5585678 0.2522751 0.0276129 0.0164339
16 0.6288551 0.2522751 0.0276128 0.0164339
12 0.6991424 0.2522751 0.0276129 0.0164339
21 0.3477060 0.3114372 0.0276128 0.0164339
18 0.4179932 0.3114372 0.0276129 0.0164339
31 0.5585678 0.3114372 0.0276129 0.0164339
1 0.6288551 0.3114372 0.0276128 0.0164339
9 0.2774187 0.3705993 0.0276129 0.0164339
29 0.4179932 0.3705993 0.0276129 0.0164339
5 0.4870254 0.3705993 0.0276128 0.0164339
34 0.5579402 0.3700515 0.0665219 0.0591621
31 0.5585678 0.3705993 0.0276129 0.0164339
15 0.6991424 0.3705993 0.0276129 0.0164339
14 0.3477060 0.4297615 0.0276128 0.0164339
26 0.4179932 0.4297615 0.0276129 0.0164339
30 0.6991424 0.4297615 0.0276129 0.0164339
4 0.2774187 0.4889236 0.0276129 0.0164339
6 0.4179932 0.4889236 0.0276129 0.0164339
8 0.4870254 0.4889236 0.0276128 0.0164339
3 0.5585678 0.4889236 0.0276129 0.0164339
19 0.5585678 0.5480857 0.0276129 0.0164339
7 0.6991424 0.5480857 0.0276129 0.0164339
24 0.6991424 0.3114372 0.0276129 0.0164339
17 0.2774187 0.4297615 0.0276129 0.0164339
9 0.4870254 0.4297615 0.0276128 0.0164339
3 0.3477060 0.4889236 0.0276128 0.0164339
7 0.4179932 0.5480857 0.0276129 0.0164339
13 0.5585678 0.4297615 0.0276129 0.0164339
26 0.2774187 0.5480857 0.0276129 0.0164339
25 0.3477060 0.5480857 0.0276128 0.0164339
14 0.3477060 0.3705993 0.0276128 0.0164339
21 0.4870254 0.5480857 0.0276128 0.0164339
11 0.6288551 0.5480857 0.0276128 0.0164339
25 0.2774187 0.2522751 0.0276129 0.0164339
28 0.6288551 0.4297615 0.0276128 0.0164339
6 0.2774187 0.3114372 0.0276129 0.0164339
6 0.6991424 0.4889236 0.0276129 0.0164339
16 0.6288551 0.3705993 0.0276128 0.0164339
2 0.3477060 0.2522751 0.0276128 0.0164339
