5 0.2780867 0.5097072 0.0280702 0.0165762
6 0.1364595 0.3903588 0.0280702 0.0165761
32 0.2812765 0.4550058 0.5167479 0.4243498
33 0.2800006 0.2715629 0.4682629 0.0154711
5 0.0650079 0.3306846 0.0280703 0.0165762
9 0.3508141 0.3306846 0.0280703 0.0165762
20 0.4222657 0.3306846 0.0280703 0.0165762
16 0.2780867 0.3903588 0.0280702 0.0165761
34 0.4216277 0.3898062 0.0650720 0.0596742
5 0.4222657 0.3903588 0.0280703 0.0165761
30 0.0650079 0.4500330 0.0280703 0.0165761
21 0.1364595 0.4500330 0.0280702 0.0165761
17 0.2079110 0.4500330 0.0280703 0.0165761
11 0.2780867 0.4500330 0.0280702 0.0165761
25 0.3508141 0.4500330 0.0280703 0.0165761
8 0.4222657 0.4500330 0.0280703 0.0165761
18 0.0650079 0.5097072 0.0280703 0.0165762
12 0.2079110 0.5097072 0.0280703 0.0165762
14 0.4222657 0.5097072 0.0280703 0.0165762
6 0.4937173 0.5097072 0.0280703 0.0165762
10 0.0650079 0.5693814 0.0280703 0.0165762
27 0.2079110 0.5693814 0.0280703 0.0165762
1 0.2780867 0.5693814 0.0280702 0.0165762
7 0.4222657 0.5693814 0.0280703 0.0165762
15 0.0650079 0.6290556 0.0280703 0.0165761
3 0.2780867 0.6290556 0.0280702 0.0165761
31 0.3508141 0.6290556 0.0280703 0.0165761
24 0.4937173 0.6290556 0.0280703 0.0165761
1 0.4937173 0.3306846 0.0280703 0.0165762
29 0.3508141 0.3903588 0.0280703 0.0165761
25 0.4937173 0.4500330 0.0280703 0.0165761
10 0.2079110 0.6290556 0.0280703 0.0165761
9 0.4937173 0.5693814 0.0280703 0.0165762
28 0.1364595 0.6290556 0.0280702 0.0165761
20 0.3508141 0.5693814 0.0280703 0.0165762
18 0.1364595 0.3306846 0.0280702 0.0165762
10 0.2079110 0.3903588 0.0280703 0.0165761
18 0.3508141 0.5097072 0.0280703 0.0165762
15 0.2079110 0.3306846 0.0280703 0.0165762
9 0.2780867 0.3306846 0.0280702 0.0165762
3 0.0650079 0.3903588 0.0280703 0.0165761
27 0.1364595 0.5097072 0.0280702 0.0165762
31 0.4937173 0.3903588 0.0280703 0.0165761
7 0.1364595 0.5693814 0.0280702 0.0165762
17 0.4222657 0.6290556 0.0280703 0.0165761
