7 0.6791255 0.5414631 0.0268194 0.0166309
7 0.3377881 0.4217209 0.0268194 0.0166309
32 0.5444192 0.3668391 0.4937202 0.4257501
33 0.5432001 0.1827908 0.4473959 0.0155222
6 0.3377881 0.2421076 0.0268194 0.0166309
8 0.4060556 0.2421076 0.0268193 0.0166309
22 0.4743231 0.2421076 0.0268194 0.0166309
10 0.6791255 0.2421076 0.0268194 0.0166309
13 0.7473930 0.2421076 0.0268194 0.0166309
17 0.3377881 0.3019787 0.0268194 0.0166309
23 0.4060556 0.3019787 0.0268193 0.0166309
5 0.4743231 0.3019787 0.0268194 0.0166309
26 0.7473930 0.3019787 0.0268194 0.0166309
16 0.6108581 0.3618498 0.0268193 0.0166309
25 0.4060556 0.4217209 0.0268193 0.0166309
12 0.4743231 0.4217209 0.0268194 0.0166309
24 0.5413715 0.4217209 0.0268194 0.0166309
34 0.6102486 0.4211665 0.0646103 0.0598711
1 0.6108581 0.4217209 0.0268193 0.0166309
1 0.6791255 0.4217209 0.0268194 0.0166309
11 0.4743231 0.4815920 0.0268194 0.0166309
2 0.6108581 0.4815920 0.0268193 0.0166309
15 0.6791255 0.4815920 0.0268194 0.0166309
4 0.3377881 0.5414631 0.0268194 0.0166309
9 0.4060556 0.5414631 0.0268193 0.0166309
29 0.4743231 0.5414631 0.0268194 0.0166309
19 0.6108581 0.5414631 0.0268193 0.0166309
27 0.7473930 0.5414631 0.0268194 0.0166309
19 0.6108581 0.2421076 0.0268193 0.0166309
22 0.3377881 0.3618498 0.0268194 0.0166309
16 0.5413715 0.3618498 0.0268194 0.0166309
9 0.4060556 0.3618498 0.0268193 0.0166309
24 0.7473930 0.4815920 0.0268194 0.0166309
2 0.6791255 0.3019787 0.0268194 0.0166309
26 0.6108581 0.3019787 0.0268193 0.0166309
9 0.6791255 0.3618498 0.0268194 0.0166309
18 0.7473930 0.4217209 0.0268194 0.0166309
11 0.4060556 0.4815920 0.0268193 0.0166309
28 0.5413715 0.3019787 0.0268194 0.0166309
5 0.5413715 0.2421076 0.0268194 0.0166309
4 0.5413715 0.5414631 0.0268194 0.0166309
4 0.5413715 0.4815920 0.0268194 0.0166309
10 0.4743231 0.3618498 0.0268194 0.0166309
31 0.7473930 0.3618498 0.0268194 0.0166309
9 0.3377881 0.4815920 0.0268194 0.0166309
