9 0.4300189 0.4170330 0.0280777 0.0164109
17 0.2870779 0.2397955 0.0280777 0.0164109
32 0.5034039 0.3628771 0.5168849 0.4201185
33 0.5021276 0.1812634 0.4683871 0.0153168
11 0.3585484 0.2397955 0.0280777 0.0164109
20 0.4300189 0.2397955 0.0280777 0.0164109
23 0.5002132 0.2397955 0.0280777 0.0164109
30 0.2870779 0.2988747 0.0280777 0.0164109
5 0.3585484 0.2988747 0.0280777 0.0164109
10 0.4300189 0.2988747 0.0280777 0.0164109
34 0.5002132 0.2983276 0.0663655 0.0590791
11 0.5002132 0.2988747 0.0280777 0.0164109
25 0.5729600 0.2988747 0.0280777 0.0164109
22 0.7159010 0.2988747 0.0280777 0.0164109
15 0.2870779 0.3579539 0.0280777 0.0164109
12 0.4300189 0.3579539 0.0280777 0.0164109
14 0.5002132 0.3579539 0.0280777 0.0164109
21 0.6444305 0.3579539 0.0280777 0.0164109
16 0.7159010 0.3579539 0.0280777 0.0164109
24 0.3585484 0.4170330 0.0280777 0.0164109
29 0.5729600 0.4170330 0.0280777 0.0164109
9 0.6444305 0.4170330 0.0280777 0.0164109
1 0.2870779 0.4761122 0.0280777 0.0164109
4 0.7159010 0.4761122 0.0280777 0.0164109
2 0.4300189 0.5351914 0.0280777 0.0164109
27 0.5002132 0.5351914 0.0280777 0.0164109
31 0.5729600 0.5351914 0.0280777 0.0164109
3 0.7159010 0.5351914 0.0280777 0.0164109
16 0.6444305 0.4761122 0.0280777 0.0164109
2 0.6444305 0.2988747 0.0280777 0.0164109
4 0.7159010 0.4170330 0.0280777 0.0164109
31 0.4300189 0.4761122 0.0280777 0.0164109
26 0.7159010 0.2397955 0.0280777 0.0164109
2 0.5729600 0.4761122 0.0280777 0.0164109
19 0.5729600 0.2397955 0.0280777 0.0164109
17 0.2870779 0.5351914 0.0280777 0.0164109
7 0.6444305 0.5351914 0.0280777 0.0164109
27 0.5729600 0.3579539 0.0280777 0.0164109
12 0.3585484 0.4761122 0.0280777 0.0164109
28 0.6444305 0.2397955 0.0280777 0.0164109
14 0.2870779 0.4170330 0.0280777 0.0164109
30 0.3585484 0.5351914 0.0280777 0.0164109
8 0.5002132 0.4761122 0.0280777 0.0164109
25 0.3585484 0.3579539 0.0280777 0.0164109
1 0.5002132 0.4170330 0.0280777 0.0164109
