17 0.5741375 0.5943439 0.0280062 0.0168554
21 0.5041219 0.7157031 0.0280062 0.0168554
32 0.5773200 0.5994005 0.5155691 0.4314994
33 0.5760470 0.4128670 0.4671947 0.0157317
30 0.5041219 0.4729847 0.0280062 0.0168554
11 0.5741375 0.4729847 0.0280062 0.0168554
1 0.7179876 0.4729847 0.0280061 0.0168554
26 0.3615448 0.5336643 0.0280062 0.0168554
25 0.4328333 0.5336643 0.0280062 0.0168554
6 0.5741375 0.5336643 0.0280062 0.0168554
4 0.6466991 0.5336643 0.0280062 0.0168554
23 0.7179876 0.5336643 0.0280061 0.0168554
12 0.7892761 0.5336643 0.0280062 0.0168554
15 0.3615448 0.5943439 0.0280062 0.0168554
22 0.4328333 0.6550235 0.0280062 0.0168554
29 0.5741375 0.6550235 0.0280062 0.0168554
34 0.7173511 0.6544617 0.0649235 0.0606796
12 0.7179876 0.6550235 0.0280061 0.0168554
8 0.7892761 0.6550235 0.0280062 0.0168554
9 0.4328333 0.7157031 0.0280062 0.0168554
5 0.5741375 0.7157031 0.0280062 0.0168554
21 0.7892761 0.7157031 0.0280062 0.0168554
3 0.3615448 0.7763826 0.0280062 0.0168554
10 0.4328333 0.7763826 0.0280062 0.0168554
16 0.5041219 0.7763826 0.0280062 0.0168554
18 0.6466991 0.7763826 0.0280062 0.0168554
27 0.7179876 0.7763826 0.0280061 0.0168554
19 0.7892761 0.7763826 0.0280062 0.0168554
17 0.5041219 0.5336643 0.0280062 0.0168554
30 0.6466991 0.4729847 0.0280062 0.0168554
31 0.3615448 0.7157031 0.0280062 0.0168554
26 0.3615448 0.4729847 0.0280062 0.0168554
30 0.7892761 0.4729847 0.0280062 0.0168554
13 0.4328333 0.4729847 0.0280062 0.0168554
28 0.6466991 0.7157031 0.0280062 0.0168554
19 0.5741375 0.7763826 0.0280062 0.0168554
2 0.7179876 0.7157031 0.0280061 0.0168554
25 0.7179876 0.5943439 0.0280061 0.0168554
6 0.5041219 0.5943439 0.0280062 0.0168554
26 0.7892761 0.5943439 0.0280062 0.0168554
5 0.3615448 0.6550235 0.0280062 0.0168554
31 0.4328333 0.5943439 0.0280062 0.0168554
28 0.6466991 0.6550235 0.0280062 0.0168554
6 0.5041219 0.6550235 0.0280062 0.0168554
4 0.6466991 0.5943439 0.0280062 0.0168554
