27 0.2277238 0.5926096 0.0273498 0.0161070
31 0.5758115 0.3606684 0.0273497 0.0161070
32 0.4384412 0.4814711 0.5034839 0.4123398
33 0.4371980 0.3032200 0.4562435 0.0150332
25 0.2277238 0.3606684 0.0273498 0.0161070
26 0.2973413 0.3606684 0.0273497 0.0161070
18 0.3669589 0.3606684 0.0273498 0.0161070
8 0.4353333 0.3606684 0.0273497 0.0161070
30 0.5061940 0.3606684 0.0273498 0.0161070
10 0.2277238 0.4186537 0.0273498 0.0161070
12 0.2973413 0.4186537 0.0273497 0.0161070
24 0.5061940 0.4186537 0.0273498 0.0161070
31 0.2973413 0.4766390 0.0273497 0.0161070
6 0.6454290 0.4766390 0.0273497 0.0161070
13 0.2277238 0.5346243 0.0273498 0.0161070
16 0.4353333 0.5346243 0.0273497 0.0161070
22 0.6454290 0.5346243 0.0273497 0.0161070
9 0.3669589 0.5926096 0.0273498 0.0161070
4 0.4353333 0.5926096 0.0273497 0.0161070
34 0.5055724 0.5920727 0.0658881 0.0579853
28 0.5061940 0.5926096 0.0273498 0.0161070
11 0.5758115 0.5926096 0.0273497 0.0161070
27 0.2277238 0.6505949 0.0273498 0.0161070
5 0.2973413 0.6505949 0.0273497 0.0161070
29 0.3669589 0.6505949 0.0273498 0.0161070
19 0.4353333 0.6505949 0.0273497 0.0161070
14 0.5061940 0.6505949 0.0273498 0.0161070
15 0.6454290 0.6505949 0.0273497 0.0161070
6 0.2973413 0.5346243 0.0273497 0.0161070
15 0.5758115 0.5346243 0.0273497 0.0161070
25 0.6454290 0.3606684 0.0273497 0.0161070
21 0.2973413 0.5926096 0.0273497 0.0161070
6 0.5061940 0.4766390 0.0273498 0.0161070
30 0.3669589 0.4186537 0.0273498 0.0161070
6 0.2277238 0.4766390 0.0273498 0.0161070
11 0.3669589 0.5346243 0.0273498 0.0161070
29 0.4353333 0.4766390 0.0273497 0.0161070
21 0.5061940 0.5346243 0.0273498 0.0161070
21 0.5758115 0.4186537 0.0273497 0.0161070
9 0.5758115 0.4766390 0.0273497 0.0161070
18 0.3669589 0.4766390 0.0273498 0.0161070
30 0.6454290 0.4186537 0.0273497 0.0161070
17 0.5758115 0.6505949 0.0273497 0.0161070
8 0.4353333 0.4186537 0.0273497 0.0161070
1 0.6454290 0.5926096 0.0273497 0.0161070
