6 0.6709984 0.3138700 0.0284930 0.0166546
8 0.3808874 0.6136535 0.0284931 0.0166546
32 0.4553578 0.4387798 0.5245311 0.4263587
33 0.4540627 0.2544685 0.4753159 0.0155443
2 0.2358318 0.3138700 0.0284931 0.0166546
21 0.3083596 0.3138700 0.0284931 0.0166546
22 0.3808874 0.3138700 0.0284931 0.0166546
24 0.4521200 0.3138700 0.0284930 0.0166546
6 0.4521200 0.3738267 0.0284930 0.0166547
14 0.5984706 0.3738267 0.0284930 0.0166547
20 0.3083596 0.4337834 0.0284931 0.0166547
31 0.3808874 0.4337834 0.0284931 0.0166547
34 0.4521200 0.4332283 0.0673472 0.0599567
6 0.4521200 0.4337834 0.0284930 0.0166547
7 0.5259428 0.4337834 0.0284930 0.0166547
26 0.6709984 0.4337834 0.0284930 0.0166547
30 0.3083596 0.4937401 0.0284931 0.0166546
8 0.4521200 0.4937401 0.0284930 0.0166546
29 0.5259428 0.4937401 0.0284930 0.0166546
3 0.5984706 0.4937401 0.0284930 0.0166546
27 0.2358318 0.5536968 0.0284931 0.0166547
1 0.3083596 0.5536968 0.0284931 0.0166547
12 0.4521200 0.5536968 0.0284930 0.0166547
13 0.5259428 0.5536968 0.0284930 0.0166547
18 0.4521200 0.6136535 0.0284930 0.0166546
11 0.5259428 0.6136535 0.0284930 0.0166546
10 0.5984706 0.6136535 0.0284930 0.0166546
17 0.6709984 0.6136535 0.0284930 0.0166546
20 0.3083596 0.3738267 0.0284931 0.0166547
19 0.3808874 0.3738267 0.0284931 0.0166547
3 0.2358318 0.4937401 0.0284931 0.0166546
11 0.6709984 0.5536968 0.0284930 0.0166547
4 0.5259428 0.3138700 0.0284930 0.0166546
28 0.2358318 0.6136535 0.0284931 0.0166546
19 0.6709984 0.4937401 0.0284930 0.0166546
8 0.6709984 0.3738267 0.0284930 0.0166547
8 0.2358318 0.4337834 0.0284931 0.0166547
7 0.3808874 0.4937401 0.0284931 0.0166546
7 0.3083596 0.6136535 0.0284931 0.0166546
27 0.5259428 0.3738267 0.0284930 0.0166547
15 0.3808874 0.5536968 0.0284931 0.0166547
26 0.5984706 0.5536968 0.0284930 0.0166547
4 0.5984706 0.3138700 0.0284930 0.0166546
29 0.2358318 0.3738267 0.0284931 0.0166547
30 0.5984706 0.4337834 0.0284930 0.0166547
