19 0.2001870 0.3149147 0.0265796 0.0164269
12 0.2678441 0.6105988 0.0265796 0.0164269
32 0.4049706 0.4381164 0.4893058 0.4205286
33 0.4037624 0.2563254 0.4433955 0.0153318
19 0.4019501 0.3149147 0.0265796 0.0164269
17 0.4708154 0.3149147 0.0265796 0.0164269
9 0.5384724 0.3149147 0.0265796 0.0164269
15 0.6061295 0.3149147 0.0265796 0.0164269
7 0.2001870 0.3740515 0.0265796 0.0164269
4 0.4708154 0.3740515 0.0265796 0.0164269
5 0.6061295 0.3740515 0.0265796 0.0164269
20 0.2678441 0.4331883 0.0265796 0.0164269
6 0.3355012 0.4331883 0.0265796 0.0164269
3 0.5384724 0.4331883 0.0265796 0.0164269
34 0.6061295 0.4326408 0.0628244 0.0591368
3 0.6061295 0.4331883 0.0265796 0.0164269
22 0.2001870 0.4923252 0.0265796 0.0164269
18 0.3355012 0.4923252 0.0265796 0.0164269
31 0.4708154 0.4923252 0.0265796 0.0164269
29 0.5384724 0.4923252 0.0265796 0.0164269
16 0.6061295 0.4923252 0.0265796 0.0164269
13 0.2001870 0.5514620 0.0265796 0.0164269
23 0.2678441 0.5514620 0.0265796 0.0164269
25 0.4708154 0.5514620 0.0265796 0.0164269
30 0.2001870 0.6105988 0.0265796 0.0164269
27 0.4019501 0.6105988 0.0265796 0.0164269
21 0.4708154 0.6105988 0.0265796 0.0164269
14 0.6061295 0.6105988 0.0265796 0.0164269
25 0.5384724 0.3740515 0.0265796 0.0164269
25 0.5384724 0.6105988 0.0265796 0.0164269
7 0.3355012 0.3149147 0.0265796 0.0164269
17 0.5384724 0.5514620 0.0265796 0.0164269
9 0.6061295 0.5514620 0.0265796 0.0164269
27 0.2678441 0.3740515 0.0265796 0.0164269
6 0.4019501 0.4923252 0.0265796 0.0164269
21 0.3355012 0.5514620 0.0265796 0.0164269
4 0.4708154 0.4331883 0.0265796 0.0164269
3 0.4019501 0.5514620 0.0265796 0.0164269
10 0.2001870 0.4331883 0.0265796 0.0164269
15 0.3355012 0.3740515 0.0265796 0.0164269
15 0.2678441 0.3149147 0.0265796 0.0164269
21 0.4019501 0.4331883 0.0265796 0.0164269
20 0.3355012 0.6105988 0.0265796 0.0164269
9 0.4019501 0.3740515 0.0265796 0.0164269
31 0.2678441 0.4923252 0.0265796 0.0164269
