8 0.3646467 0.2772556 0.0276570 0.0160425
6 0.5758457 0.5082680 0.0276570 0.0160425
32 0.4369321 0.3398214 0.5091404 0.4106887
33 0.4356749 0.1622842 0.4613692 0.0149730
11 0.2942471 0.2195025 0.0276570 0.0160425
26 0.3646467 0.2195025 0.0276570 0.0160425
16 0.5758457 0.2195025 0.0276570 0.0160425
2 0.2238474 0.2772556 0.0276570 0.0160425
29 0.2942471 0.2772556 0.0276570 0.0160425
22 0.4337892 0.2772556 0.0276570 0.0160425
13 0.5054460 0.2772556 0.0276570 0.0160425
23 0.2238474 0.3350087 0.0276570 0.0160425
14 0.3646467 0.3350087 0.0276570 0.0160425
8 0.4337892 0.3350087 0.0276570 0.0160425
5 0.6462453 0.3350087 0.0276570 0.0160425
21 0.4337892 0.3927618 0.0276570 0.0160425
1 0.5054460 0.3927618 0.0276570 0.0160425
19 0.5758457 0.3927618 0.0276570 0.0160425
27 0.3646467 0.4505149 0.0276570 0.0160425
7 0.5054460 0.4505149 0.0276570 0.0160425
18 0.5758457 0.4505149 0.0276570 0.0160425
3 0.6462453 0.4505149 0.0276570 0.0160425
9 0.3646467 0.5082680 0.0276570 0.0160425
34 0.4337892 0.5077332 0.0653711 0.0577531
9 0.4337892 0.5082680 0.0276570 0.0160425
10 0.5054460 0.5082680 0.0276570 0.0160425
30 0.6462453 0.5082680 0.0276570 0.0160425
13 0.2238474 0.3927618 0.0276570 0.0160425
14 0.4337892 0.2195025 0.0276570 0.0160425
13 0.5758457 0.3350087 0.0276570 0.0160425
3 0.5054460 0.2195025 0.0276570 0.0160425
6 0.2942471 0.3927618 0.0276570 0.0160425
29 0.3646467 0.3927618 0.0276570 0.0160425
22 0.2942471 0.4505149 0.0276570 0.0160425
30 0.2238474 0.5082680 0.0276570 0.0160425
27 0.5758457 0.2772556 0.0276570 0.0160425
31 0.6462453 0.2195025 0.0276570 0.0160425
19 0.6462453 0.2772556 0.0276570 0.0160425
21 0.5054460 0.3350087 0.0276570 0.0160425
19 0.6462453 0.3927618 0.0276570 0.0160425
21 0.2942471 0.3350087 0.0276570 0.0160425
30 0.2238474 0.2195025 0.0276570 0.0160425
10 0.4337892 0.4505149 0.0276570 0.0160425
31 0.2942471 0.5082680 0.0276570 0.0160425
10 0.2238474 0.4505149 0.0276570 0.0160425
