2 0.7174365 0.4266528 0.0286237 0.0165573
16 0.7174365 0.5458657 0.0286237 0.0165573
32 0.5008075 0.5508329 0.5269355 0.4238679
33 0.4995065 0.3675983 0.4774947 0.0154535
30 0.2802752 0.4266528 0.0286237 0.0165573
5 0.3531355 0.4266528 0.0286237 0.0165573
7 0.4259957 0.4266528 0.0286237 0.0165573
34 0.4975548 0.4261009 0.0676559 0.0596064
6 0.4975548 0.4266528 0.0286237 0.0165573
9 0.5717161 0.4266528 0.0286237 0.0165573
19 0.6445763 0.4266528 0.0286237 0.0165573
8 0.2802752 0.4862593 0.0286237 0.0165573
13 0.4975548 0.4862593 0.0286237 0.0165573
3 0.5717161 0.4862593 0.0286237 0.0165573
10 0.6445763 0.4862593 0.0286237 0.0165573
21 0.7174365 0.4862593 0.0286237 0.0165573
22 0.2802752 0.5458657 0.0286237 0.0165573
23 0.4975548 0.5458657 0.0286237 0.0165573
1 0.6445763 0.5458657 0.0286237 0.0165573
12 0.4259957 0.6054721 0.0286237 0.0165573
29 0.4975548 0.6054721 0.0286237 0.0165573
6 0.3531355 0.6650786 0.0286237 0.0165573
15 0.4259957 0.6650786 0.0286237 0.0165573
11 0.4975548 0.6650786 0.0286237 0.0165573
17 0.6445763 0.6650786 0.0286237 0.0165573
14 0.4259957 0.7246850 0.0286237 0.0165573
24 0.4975548 0.7246850 0.0286237 0.0165573
13 0.6445763 0.6054721 0.0286237 0.0165573
7 0.5717161 0.6054721 0.0286237 0.0165573
25 0.7174365 0.6054721 0.0286237 0.0165573
28 0.4259957 0.4862593 0.0286237 0.0165573
7 0.5717161 0.7246850 0.0286237 0.0165573
18 0.2802752 0.7246850 0.0286237 0.0165573
22 0.3531355 0.7246850 0.0286237 0.0165573
8 0.4259957 0.5458657 0.0286237 0.0165573
6 0.6445763 0.7246850 0.0286237 0.0165573
30 0.5717161 0.6650786 0.0286237 0.0165573
13 0.3531355 0.4862593 0.0286237 0.0165573
10 0.5717161 0.5458657 0.0286237 0.0165573
16 0.7174365 0.7246850 0.0286237 0.0165573
21 0.7174365 0.6650786 0.0286237 0.0165573
22 0.3531355 0.5458657 0.0286237 0.0165573
9 0.2802752 0.6054721 0.0286237 0.0165573
10 0.2802752 0.6650786 0.0286237 0.0165573
10 0.3531355 0.6054721 0.0286237 0.0165573
