28 0.5887164 0.5797198 0.0281290 0.0173284
19 0.3023121 0.5797198 0.0281290 0.0173284
32 0.3758311 0.5225360 0.5178293 0.4436074
33 0.3745525 0.3307683 0.4692428 0.0161732
30 0.3023121 0.3925729 0.0281290 0.0173284
29 0.3726346 0.3925729 0.0281290 0.0173284
7 0.4455143 0.3925729 0.0281290 0.0173284
12 0.2307110 0.4549552 0.0281290 0.0173284
5 0.3023121 0.4549552 0.0281290 0.0173284
24 0.4455143 0.4549552 0.0281290 0.0173284
11 0.1591099 0.5173375 0.0281290 0.0173284
26 0.3023121 0.5173375 0.0281290 0.0173284
34 0.3726346 0.5167599 0.0664867 0.0623823
25 0.3726346 0.5173375 0.0281290 0.0173284
9 0.5171154 0.5173375 0.0281290 0.0173284
16 0.1591099 0.5797198 0.0281290 0.0173284
27 0.2307110 0.5797198 0.0281290 0.0173284
31 0.4455143 0.5797198 0.0281290 0.0173284
14 0.5171154 0.5797198 0.0281290 0.0173284
4 0.3023121 0.6421021 0.0281290 0.0173284
1 0.4455143 0.6421021 0.0281290 0.0173284
22 0.5887164 0.6421021 0.0281290 0.0173284
6 0.1591099 0.7044844 0.0281290 0.0173284
25 0.3023121 0.7044844 0.0281290 0.0173284
20 0.3726346 0.7044844 0.0281290 0.0173284
8 0.4455143 0.7044844 0.0281290 0.0173284
21 0.5171154 0.7044844 0.0281290 0.0173284
27 0.5887164 0.7044844 0.0281290 0.0173284
20 0.5171154 0.6421021 0.0281290 0.0173284
21 0.3726346 0.5797198 0.0281290 0.0173284
8 0.1591099 0.3925729 0.0281290 0.0173284
26 0.3726346 0.6421021 0.0281290 0.0173284
25 0.2307110 0.5173375 0.0281290 0.0173284
16 0.5887164 0.5173375 0.0281290 0.0173284
24 0.5171154 0.3925729 0.0281290 0.0173284
13 0.5887164 0.3925729 0.0281290 0.0173284
14 0.1591099 0.6421021 0.0281290 0.0173284
26 0.1591099 0.4549552 0.0281290 0.0173284
20 0.3726346 0.4549552 0.0281290 0.0173284
2 0.2307110 0.6421021 0.0281290 0.0173284
5 0.4455143 0.5173375 0.0281290 0.0173284
27 0.5171154 0.4549552 0.0281290 0.0173284
22 0.5887164 0.4549552 0.0281290 0.0173284
8 0.2307110 0.3925729 0.0281290 0.0173284
31 0.2307110 0.7044844 0.0281290 0.0173284
