20 0.5037925 0.4342923 0.0272538 0.0159014
8 0.8506596 0.6632724 0.0272538 0.0159014
32 0.6443976 0.5535528 0.5017185 0.4070757
33 0.6431587 0.3775773 0.4546438 0.0148413
23 0.4344190 0.4342923 0.0272538 0.0159014
25 0.5731659 0.4342923 0.0272538 0.0159014
4 0.6413005 0.4342923 0.0272538 0.0159014
17 0.7119128 0.4342923 0.0272539 0.0159014
26 0.7812862 0.4342923 0.0272539 0.0159014
15 0.5731659 0.4915373 0.0272538 0.0159014
2 0.7119128 0.4915373 0.0272539 0.0159014
5 0.8506596 0.4915373 0.0272538 0.0159014
12 0.4344190 0.5487824 0.0272538 0.0159014
9 0.5037925 0.5487824 0.0272538 0.0159014
14 0.5731659 0.5487824 0.0272538 0.0159014
24 0.6413005 0.5487824 0.0272538 0.0159014
18 0.7119128 0.5487824 0.0272539 0.0159014
20 0.7812862 0.5487824 0.0272539 0.0159014
34 0.6413005 0.6054974 0.0644182 0.0572450
14 0.6413005 0.6060274 0.0272538 0.0159014
16 0.7119128 0.6060274 0.0272539 0.0159014
13 0.7812862 0.6060274 0.0272539 0.0159014
3 0.8506596 0.6060274 0.0272538 0.0159014
6 0.4344190 0.7205174 0.0272538 0.0159014
30 0.5037925 0.7205174 0.0272538 0.0159014
10 0.6413005 0.7205174 0.0272538 0.0159014
19 0.7812862 0.7205174 0.0272539 0.0159014
1 0.5037925 0.4915373 0.0272538 0.0159014
1 0.8506596 0.7205174 0.0272538 0.0159014
10 0.5037925 0.6632724 0.0272538 0.0159014
6 0.8506596 0.4342923 0.0272538 0.0159014
17 0.5731659 0.6060274 0.0272538 0.0159014
30 0.5037925 0.6060274 0.0272538 0.0159014
20 0.7119128 0.6632724 0.0272539 0.0159014
22 0.7119128 0.7205174 0.0272539 0.0159014
27 0.6413005 0.6632724 0.0272538 0.0159014
27 0.5731659 0.6632724 0.0272538 0.0159014
7 0.5731659 0.7205174 0.0272538 0.0159014
20 0.4344190 0.4915373 0.0272538 0.0159014
16 0.8506596 0.5487824 0.0272538 0.0159014
1 0.7812862 0.4915373 0.0272539 0.0159014
4 0.4344190 0.6632724 0.0272538 0.0159014
6 0.6413005 0.4915373 0.0272538 0.0159014
10 0.4344190 0.6060274 0.0272538 0.0159014
3 0.7812862 0.6632724 0.0272539 0.0159014
