22 0.0701462 0.4607115 0.0261572 0.0165962
12 0.4030559 0.6399502 0.0261572 0.0165962
32 0.2716755 0.5254366 0.4815301 0.4248623
33 0.2704865 0.3417722 0.4363495 0.0154898
7 0.0701462 0.4009652 0.0261572 0.0165962
25 0.2033101 0.4009652 0.0261572 0.0165962
9 0.3364740 0.4009652 0.0261572 0.0165962
4 0.4030559 0.4607115 0.0261572 0.0165962
14 0.1367282 0.5204577 0.0261572 0.0165962
10 0.2033101 0.5204577 0.0261572 0.0165962
13 0.3364740 0.5204577 0.0261572 0.0165962
8 0.4030559 0.5204577 0.0261572 0.0165962
31 0.4696378 0.5204577 0.0261572 0.0165962
3 0.0701462 0.5802040 0.0261572 0.0165961
26 0.1367282 0.5802040 0.0261572 0.0165961
5 0.2687031 0.5802040 0.0261572 0.0165961
27 0.3364740 0.5802040 0.0261572 0.0165961
2 0.1367282 0.6399502 0.0261572 0.0165962
17 0.2033101 0.6399502 0.0261572 0.0165962
21 0.2687031 0.6399502 0.0261572 0.0165962
11 0.4696378 0.6399502 0.0261572 0.0165962
34 0.0701462 0.6991433 0.0618261 0.0597462
1 0.0701462 0.6996965 0.0261572 0.0165962
20 0.1367282 0.6996965 0.0261572 0.0165962
30 0.3364740 0.6996965 0.0261572 0.0165962
12 0.4030559 0.6996965 0.0261572 0.0165962
18 0.4696378 0.6996965 0.0261572 0.0165962
31 0.2033101 0.4607115 0.0261572 0.0165962
17 0.3364740 0.4607115 0.0261572 0.0165962
4 0.4030559 0.5802040 0.0261572 0.0165961
29 0.2033101 0.6996965 0.0261572 0.0165962
31 0.2687031 0.4009652 0.0261572 0.0165962
19 0.1367282 0.4607115 0.0261572 0.0165962
6 0.4030559 0.4009652 0.0261572 0.0165962
3 0.2687031 0.4607115 0.0261572 0.0165962
14 0.0701462 0.5204577 0.0261572 0.0165962
20 0.0701462 0.6399502 0.0261572 0.0165962
31 0.4696378 0.4607115 0.0261572 0.0165962
22 0.4696378 0.4009652 0.0261572 0.0165962
29 0.4696378 0.5802040 0.0261572 0.0165961
24 0.2033101 0.5802040 0.0261572 0.0165961
15 0.2687031 0.6996965 0.0261572 0.0165962
16 0.3364740 0.6399502 0.0261572 0.0165962
18 0.1367282 0.4009652 0.0261572 0.0165962
27 0.2687031 0.5204577 0.0261572 0.0165962
