15 0.3676044 0.4601417 0.0271130 0.0162977
26 0.4366193 0.6361572 0.0271130 0.0162977
32 0.3004382 0.5823747 0.4991251 0.4172220
33 0.2992058 0.4020131 0.4522937 0.0152112
34 0.0915451 0.4595984 0.0640852 0.0586718
30 0.0915451 0.4601417 0.0271130 0.0162977
8 0.2295747 0.4601417 0.0271130 0.0162977
13 0.4366193 0.4601417 0.0271130 0.0162977
15 0.0915451 0.5188135 0.0271130 0.0162977
24 0.2295747 0.5188135 0.0271130 0.0162977
17 0.2973572 0.5188135 0.0271130 0.0162977
2 0.1605599 0.5774854 0.0271130 0.0162977
10 0.2295747 0.5774854 0.0271130 0.0162977
21 0.3676044 0.5774854 0.0271130 0.0162977
26 0.4366193 0.5774854 0.0271130 0.0162977
27 0.2295747 0.6361572 0.0271130 0.0162977
16 0.2973572 0.6361572 0.0271130 0.0162977
11 0.3676044 0.6361572 0.0271130 0.0162977
1 0.0915451 0.6948290 0.0271130 0.0162977
3 0.1605599 0.6948290 0.0271130 0.0162977
30 0.2295747 0.6948290 0.0271130 0.0162977
4 0.3676044 0.6948290 0.0271130 0.0162977
12 0.1605599 0.7535008 0.0271130 0.0162977
18 0.2295747 0.7535008 0.0271130 0.0162977
31 0.2973572 0.7535008 0.0271130 0.0162977
29 0.4366193 0.7535008 0.0271130 0.0162977
19 0.5056341 0.7535008 0.0271130 0.0162977
16 0.4366193 0.6948290 0.0271130 0.0162977
31 0.0915451 0.6361572 0.0271130 0.0162977
15 0.2973572 0.6948290 0.0271130 0.0162977
15 0.5056341 0.5774854 0.0271130 0.0162977
6 0.5056341 0.5188135 0.0271130 0.0162977
10 0.5056341 0.6361572 0.0271130 0.0162977
13 0.3676044 0.7535008 0.0271130 0.0162977
18 0.0915451 0.5774854 0.0271130 0.0162977
16 0.1605599 0.6361572 0.0271130 0.0162977
12 0.3676044 0.5188135 0.0271130 0.0162977
17 0.2973572 0.4601417 0.0271130 0.0162977
15 0.2973572 0.5774854 0.0271130 0.0162977
3 0.1605599 0.4601417 0.0271130 0.0162977
14 0.5056341 0.4601417 0.0271130 0.0162977
28 0.5056341 0.6948290 0.0271130 0.0162977
11 0.0915451 0.7535008 0.0271130 0.0162977
3 0.4366193 0.5188135 0.0271130 0.0162977
10 0.1605599 0.5188135 0.0271130 0.0162977
