20 0.7371906 0.5638534 0.0272686 0.0168674
2 0.5277179 0.7460217 0.0272686 0.0168675
32 0.5308166 0.6296364 0.5019908 0.4318066
33 0.5295771 0.4429700 0.4548905 0.0157430
10 0.4595463 0.5031306 0.0272686 0.0168674
8 0.5277179 0.5031306 0.0272686 0.0168674
7 0.6677795 0.5031306 0.0272686 0.0168674
14 0.3901352 0.5638534 0.0272686 0.0168674
29 0.5983684 0.5638534 0.0272686 0.0168674
11 0.6677795 0.5638534 0.0272686 0.0168674
19 0.3901352 0.6245761 0.0272686 0.0168675
24 0.4595463 0.6245761 0.0272686 0.0168675
17 0.5277179 0.6245761 0.0272686 0.0168675
5 0.7371906 0.6245761 0.0272686 0.0168675
22 0.3207241 0.6852989 0.0272687 0.0168675
18 0.3901352 0.6852989 0.0272686 0.0168675
34 0.4595463 0.6847367 0.0644531 0.0607228
25 0.4595463 0.6852989 0.0272686 0.0168675
13 0.7371906 0.6852989 0.0272686 0.0168675
2 0.3901352 0.7460217 0.0272686 0.0168675
27 0.4595463 0.7460217 0.0272686 0.0168675
23 0.6677795 0.7460217 0.0272686 0.0168675
6 0.7371906 0.7460217 0.0272686 0.0168675
1 0.3207241 0.8067446 0.0272687 0.0168674
4 0.5277179 0.8067446 0.0272686 0.0168674
21 0.6677795 0.8067446 0.0272686 0.0168674
25 0.7371906 0.8067446 0.0272686 0.0168674
30 0.6677795 0.6245761 0.0272686 0.0168675
19 0.3207241 0.5638534 0.0272687 0.0168674
24 0.5277179 0.5638534 0.0272686 0.0168674
28 0.5277179 0.6852989 0.0272686 0.0168675
10 0.3207241 0.5031306 0.0272687 0.0168674
6 0.4595463 0.5638534 0.0272686 0.0168674
25 0.3207241 0.6245761 0.0272687 0.0168675
9 0.3207241 0.7460217 0.0272687 0.0168675
30 0.3901352 0.5031306 0.0272686 0.0168674
4 0.5983684 0.6852989 0.0272686 0.0168675
27 0.6677795 0.6852989 0.0272686 0.0168675
2 0.3901352 0.8067446 0.0272686 0.0168674
9 0.5983684 0.7460217 0.0272686 0.0168675
7 0.4595463 0.8067446 0.0272686 0.0168674
16 0.7371906 0.5031306 0.0272686 0.0168674
8 0.5983684 0.6245761 0.0272686 0.0168675
7 0.5983684 0.8067446 0.0272686 0.0168674
28 0.5983684 0.5031306 0.0272686 0.0168674
