11 0.0966314 0.4772491 0.0278658 0.0165801
8 0.3081584 0.4772491 0.0278658 0.0165801
32 0.3113250 0.3628466 0.5129845 0.4244501
33 0.3100583 0.1793604 0.4648527 0.0154747
2 0.3081584 0.2384960 0.0278658 0.0165801
34 0.3797229 0.2379433 0.0671313 0.0596883
10 0.3803562 0.2384960 0.0278658 0.0165801
5 0.1675626 0.2981842 0.0278658 0.0165801
10 0.5222186 0.2981842 0.0278658 0.0165801
13 0.0966314 0.3578726 0.0278658 0.0165801
15 0.1675626 0.3578726 0.0278658 0.0165801
29 0.2384938 0.3578726 0.0278658 0.0165801
14 0.3803562 0.3578726 0.0278658 0.0165801
7 0.4512874 0.3578726 0.0278658 0.0165801
17 0.5222186 0.3578726 0.0278658 0.0165801
24 0.1675626 0.4175608 0.0278658 0.0165801
27 0.2384938 0.4175608 0.0278658 0.0165801
21 0.3803562 0.4175608 0.0278658 0.0165801
4 0.4512874 0.4175608 0.0278658 0.0165801
26 0.5222186 0.4175608 0.0278658 0.0165801
16 0.1675626 0.4772491 0.0278658 0.0165801
6 0.2384938 0.4772491 0.0278658 0.0165801
3 0.3803562 0.4772491 0.0278658 0.0165801
23 0.4512874 0.4772491 0.0278658 0.0165801
18 0.3081584 0.5369374 0.0278658 0.0165801
22 0.3803562 0.5369374 0.0278658 0.0165801
8 0.4512874 0.5369374 0.0278658 0.0165801
7 0.5222186 0.5369374 0.0278658 0.0165801
13 0.0966314 0.2384960 0.0278658 0.0165801
17 0.2384938 0.2384960 0.0278658 0.0165801
3 0.5222186 0.2384960 0.0278658 0.0165801
30 0.4512874 0.2981842 0.0278658 0.0165801
20 0.1675626 0.5369374 0.0278658 0.0165801
5 0.3081584 0.3578726 0.0278658 0.0165801
30 0.3803562 0.2981842 0.0278658 0.0165801
8 0.1675626 0.2384960 0.0278658 0.0165801
4 0.3081584 0.4175608 0.0278658 0.0165801
31 0.2384938 0.5369374 0.0278658 0.0165801
9 0.5222186 0.4772491 0.0278658 0.0165801
25 0.2384938 0.2981842 0.0278658 0.0165801
27 0.0966314 0.2981842 0.0278658 0.0165801
30 0.4512874 0.2384960 0.0278658 0.0165801
4 0.0966314 0.4175608 0.0278658 0.0165801
21 0.3081584 0.2981842 0.0278658 0.0165801
8 0.0966314 0.5369374 0.0278658 0.0165801
