10 0.3819309 0.2875669 0.0286077 0.0174133
24 0.2362920 0.5383193 0.0286077 0.0174134
32 0.3110620 0.3554790 0.5266410 0.4457820
33 0.3097616 0.1627712 0.4772277 0.0162525
6 0.1634725 0.2248788 0.0286077 0.0174134
9 0.3078111 0.2248788 0.0286077 0.0174134
17 0.3819309 0.2248788 0.0286077 0.0174134
1 0.5275700 0.2248788 0.0286077 0.0174134
26 0.0906530 0.2875669 0.0286077 0.0174133
30 0.2362920 0.2875669 0.0286077 0.0174133
10 0.0906530 0.3502550 0.0286077 0.0174134
15 0.1634725 0.3502550 0.0286077 0.0174134
7 0.2362920 0.3502550 0.0286077 0.0174134
12 0.1634725 0.4129431 0.0286077 0.0174133
31 0.2362920 0.4129431 0.0286077 0.0174133
5 0.3078111 0.4129431 0.0286077 0.0174133
24 0.3819309 0.4129431 0.0286077 0.0174133
18 0.5275700 0.4129431 0.0286077 0.0174133
4 0.0906530 0.4756312 0.0286077 0.0174133
22 0.2362920 0.4756312 0.0286077 0.0174133
20 0.3819309 0.4756312 0.0286077 0.0174133
34 0.5275699 0.4750508 0.0676181 0.0626881
14 0.5275700 0.4756312 0.0286077 0.0174133
23 0.0906530 0.5383193 0.0286077 0.0174134
25 0.1634725 0.5383193 0.0286077 0.0174134
11 0.3819309 0.5383193 0.0286077 0.0174134
8 0.4547504 0.5383193 0.0286076 0.0174134
29 0.5275700 0.2875669 0.0286077 0.0174133
1 0.0906530 0.2248788 0.0286077 0.0174134
7 0.5275700 0.5383193 0.0286077 0.0174134
31 0.4547504 0.4756312 0.0286076 0.0174133
16 0.4547504 0.4129431 0.0286076 0.0174133
4 0.1634725 0.4756312 0.0286077 0.0174133
4 0.3078111 0.3502550 0.0286077 0.0174134
29 0.4547504 0.2875669 0.0286076 0.0174133
27 0.5275700 0.3502550 0.0286077 0.0174134
12 0.3819309 0.3502550 0.0286077 0.0174134
29 0.1634725 0.2875669 0.0286077 0.0174133
24 0.4547504 0.3502550 0.0286076 0.0174134
10 0.3078111 0.2875669 0.0286077 0.0174133
30 0.3078111 0.5383193 0.0286077 0.0174134
2 0.4547504 0.2248788 0.0286076 0.0174134
18 0.0906530 0.4129431 0.0286077 0.0174133
14 0.3078111 0.4756312 0.0286077 0.0174133
18 0.2362920 0.2248788 0.0286077 0.0174134
