21 0.3820071 0.5165428 0.0265753 0.0161647
15 0.5849456 0.5165428 0.0265752 0.0161647
32 0.5191114 0.5213923 0.4892268 0.4138161
33 0.5179034 0.3425030 0.4433241 0.0150870
1 0.3820071 0.4001571 0.0265753 0.0161647
10 0.4496532 0.4001571 0.0265753 0.0161647
23 0.5849456 0.4001571 0.0265752 0.0161647
34 0.6519879 0.3996183 0.0616064 0.0581929
7 0.6525919 0.4001571 0.0265752 0.0161647
8 0.7202380 0.4001571 0.0265753 0.0161647
31 0.3820071 0.4583500 0.0265753 0.0161647
5 0.4496532 0.4583500 0.0265753 0.0161647
14 0.5849456 0.4583500 0.0265752 0.0161647
20 0.3143609 0.5165428 0.0265753 0.0161647
6 0.5160915 0.5165428 0.0265753 0.0161647
21 0.6525919 0.5165428 0.0265752 0.0161647
13 0.7202380 0.5165428 0.0265753 0.0161647
12 0.5160915 0.5747357 0.0265753 0.0161647
26 0.5849456 0.5747357 0.0265752 0.0161647
15 0.7202380 0.5747357 0.0265753 0.0161647
3 0.3820071 0.6329286 0.0265753 0.0161648
11 0.4496532 0.6329286 0.0265753 0.0161648
9 0.7202380 0.6329286 0.0265753 0.0161648
4 0.3820071 0.6911216 0.0265753 0.0161648
25 0.5849456 0.6911216 0.0265752 0.0161648
30 0.6525919 0.6911216 0.0265752 0.0161648
2 0.7202380 0.6911216 0.0265753 0.0161648
5 0.3143609 0.5747357 0.0265753 0.0161647
2 0.5849456 0.6329286 0.0265752 0.0161648
3 0.3143609 0.6329286 0.0265753 0.0161648
30 0.6525919 0.6329286 0.0265752 0.0161648
13 0.3143609 0.4583500 0.0265753 0.0161647
13 0.5160915 0.6329286 0.0265753 0.0161648
17 0.3820071 0.5747357 0.0265753 0.0161647
22 0.4496532 0.5165428 0.0265753 0.0161647
14 0.3143609 0.6911216 0.0265753 0.0161648
26 0.6525919 0.4583500 0.0265752 0.0161647
2 0.5160915 0.4001571 0.0265753 0.0161647
11 0.6525919 0.5747357 0.0265752 0.0161647
26 0.4496532 0.5747357 0.0265753 0.0161647
29 0.3143609 0.4001571 0.0265753 0.0161647
11 0.5160915 0.6911216 0.0265753 0.0161648
29 0.4496532 0.6911216 0.0265753 0.0161648
2 0.7202380 0.4583500 0.0265753 0.0161647
9 0.5160915 0.4583500 0.0265753 0.0161647
