4 0.4547765 0.4900975 0.0278960 0.0160080
22 0.5270527 0.6053550 0.0278960 0.0160080
32 0.4579465 0.4372712 0.5135409 0.4098045
33 0.4566785 0.2601161 0.4653569 0.0149408
30 0.2430201 0.3172112 0.0278961 0.0160080
24 0.3140282 0.3172112 0.0278960 0.0160080
7 0.4547765 0.3172112 0.0278960 0.0160080
3 0.5270527 0.3172112 0.0278960 0.0160080
15 0.5980608 0.3172112 0.0278961 0.0160080
5 0.3140282 0.3748400 0.0278960 0.0160080
10 0.4547765 0.3748400 0.0278960 0.0160080
9 0.5270527 0.3748400 0.0278960 0.0160080
2 0.5980608 0.3748400 0.0278961 0.0160080
4 0.6690689 0.3748400 0.0278961 0.0160080
34 0.5264186 0.4319352 0.0672041 0.0576287
9 0.5270527 0.4324688 0.0278960 0.0160080
6 0.5980608 0.4324688 0.0278961 0.0160080
14 0.6690689 0.4324688 0.0278961 0.0160080
16 0.3140282 0.4900975 0.0278960 0.0160080
19 0.3140282 0.5477263 0.0278960 0.0160080
13 0.3850364 0.5477263 0.0278961 0.0160080
21 0.4547765 0.5477263 0.0278960 0.0160080
27 0.5270527 0.5477263 0.0278960 0.0160080
23 0.5980608 0.5477263 0.0278961 0.0160080
26 0.6690689 0.5477263 0.0278961 0.0160080
29 0.3140282 0.6053550 0.0278960 0.0160080
11 0.5980608 0.6053550 0.0278961 0.0160080
5 0.3850364 0.6053550 0.0278961 0.0160080
9 0.5980608 0.4900975 0.0278961 0.0160080
21 0.6690689 0.4900975 0.0278961 0.0160080
2 0.5270527 0.4900975 0.0278960 0.0160080
30 0.2430201 0.5477263 0.0278961 0.0160080
14 0.6690689 0.6053550 0.0278961 0.0160080
24 0.3140282 0.4324688 0.0278960 0.0160080
31 0.4547765 0.6053550 0.0278960 0.0160080
11 0.2430201 0.4324688 0.0278961 0.0160080
27 0.2430201 0.4900975 0.0278961 0.0160080
4 0.4547765 0.4324688 0.0278960 0.0160080
30 0.6690689 0.3172112 0.0278961 0.0160080
30 0.3850364 0.4324688 0.0278961 0.0160080
17 0.2430201 0.6053550 0.0278961 0.0160080
17 0.3850364 0.3748400 0.0278961 0.0160080
27 0.3850364 0.3172112 0.0278961 0.0160080
7 0.3850364 0.4900975 0.0278961 0.0160080
2 0.2430201 0.3748400 0.0278961 0.0160080
