18 0.5909952 0.5102451 0.0266505 0.0164002
15 0.3196442 0.6873668 0.0266505 0.0164001
32 0.4571368 0.6332463 0.4906122 0.4198441
33 0.4559254 0.4517512 0.4445795 0.0153068
19 0.2518065 0.5102451 0.0266505 0.0164002
26 0.3874820 0.5102451 0.0266505 0.0164002
12 0.5231575 0.5102451 0.0266505 0.0164002
4 0.3196442 0.5692857 0.0266505 0.0164002
22 0.4541084 0.5692857 0.0266505 0.0164002
7 0.5231575 0.5692857 0.0266505 0.0164002
9 0.6588329 0.5692857 0.0266505 0.0164002
10 0.3874820 0.6283262 0.0266505 0.0164001
14 0.5231575 0.6283262 0.0266505 0.0164001
25 0.6588329 0.6283262 0.0266505 0.0164001
24 0.4541084 0.6873668 0.0266505 0.0164001
11 0.6588329 0.6873668 0.0266505 0.0164001
2 0.3196442 0.7464074 0.0266505 0.0164001
1 0.3874820 0.7464074 0.0266505 0.0164001
29 0.5231575 0.7464074 0.0266505 0.0164001
30 0.5909952 0.7464074 0.0266505 0.0164001
34 0.6588329 0.7458607 0.0629921 0.0590406
12 0.6588329 0.7464074 0.0266505 0.0164001
6 0.2518065 0.8054480 0.0266505 0.0164001
3 0.3196442 0.8054480 0.0266505 0.0164001
18 0.3874820 0.8054480 0.0266505 0.0164001
17 0.4541084 0.8054480 0.0266505 0.0164001
15 0.5231575 0.8054480 0.0266505 0.0164001
25 0.5909952 0.8054480 0.0266505 0.0164001
11 0.3196442 0.5102451 0.0266505 0.0164002
9 0.3874820 0.6873668 0.0266505 0.0164001
15 0.3874820 0.5692857 0.0266505 0.0164002
1 0.6588329 0.5102451 0.0266505 0.0164002
29 0.5909952 0.6873668 0.0266505 0.0164001
28 0.2518065 0.7464074 0.0266505 0.0164001
6 0.4541084 0.5102451 0.0266505 0.0164002
22 0.5909952 0.6283262 0.0266505 0.0164001
4 0.3196442 0.6283262 0.0266505 0.0164001
17 0.2518065 0.6283262 0.0266505 0.0164001
27 0.6588329 0.8054480 0.0266505 0.0164001
27 0.2518065 0.5692857 0.0266505 0.0164002
10 0.4541084 0.7464074 0.0266505 0.0164001
9 0.2518065 0.6873668 0.0266505 0.0164001
9 0.4541084 0.6283262 0.0266505 0.0164001
18 0.5231575 0.6873668 0.0266505 0.0164001
1 0.5909952 0.5692857 0.0266505 0.0164002
