28 0.6835297 0.4254870 0.0263216 0.0163374
14 0.3485274 0.2490432 0.0263216 0.0163374
32 0.4843230 0.3715736 0.4845569 0.4182371
33 0.4831265 0.1907732 0.4390923 0.0152482
25 0.2815269 0.2490432 0.0263216 0.0163374
5 0.4813319 0.2490432 0.0263216 0.0163374
3 0.5495288 0.2490432 0.0263216 0.0163374
2 0.6165292 0.2490432 0.0263216 0.0163374
22 0.3485274 0.3078578 0.0263216 0.0163374
13 0.4155278 0.3078578 0.0263216 0.0163374
16 0.4813319 0.3078578 0.0263216 0.0163374
1 0.2815269 0.3666724 0.0263216 0.0163374
21 0.4813319 0.3666724 0.0263216 0.0163374
11 0.5495288 0.3666724 0.0263216 0.0163374
20 0.6165292 0.3666724 0.0263216 0.0163374
31 0.6835297 0.3666724 0.0263216 0.0163374
15 0.2815269 0.4254870 0.0263216 0.0163374
34 0.4813319 0.4249424 0.0622147 0.0588146
24 0.4813319 0.4254870 0.0263216 0.0163374
12 0.5495288 0.4254870 0.0263216 0.0163374
17 0.6165292 0.4254870 0.0263216 0.0163374
6 0.5495288 0.4843016 0.0263216 0.0163373
18 0.6165292 0.4843016 0.0263216 0.0163373
14 0.2815269 0.5431161 0.0263216 0.0163374
29 0.3485274 0.5431161 0.0263216 0.0163374
10 0.4155278 0.5431161 0.0263216 0.0163374
4 0.4813319 0.5431161 0.0263216 0.0163374
1 0.6835297 0.4843016 0.0263216 0.0163373
26 0.3485274 0.3666724 0.0263216 0.0163374
26 0.2815269 0.4843016 0.0263216 0.0163373
27 0.2815269 0.3078578 0.0263216 0.0163374
15 0.6835297 0.2490432 0.0263216 0.0163374
6 0.5495288 0.3078578 0.0263216 0.0163374
8 0.5495288 0.5431161 0.0263216 0.0163374
26 0.3485274 0.4254870 0.0263216 0.0163374
19 0.4813319 0.4843016 0.0263216 0.0163373
17 0.6835297 0.5431161 0.0263216 0.0163374
14 0.4155278 0.4843016 0.0263216 0.0163373
6 0.4155278 0.3666724 0.0263216 0.0163374
9 0.6835297 0.3078578 0.0263216 0.0163374
12 0.3485274 0.4843016 0.0263216 0.0163373
20 0.4155278 0.4254870 0.0263216 0.0163374
13 0.6165292 0.3078578 0.0263216 0.0163374
24 0.4155278 0.2490432 0.0263216 0.0163374
7 0.6165292 0.5431161 0.0263216 0.0163374
