29 0.3384105 0.4083198 0.0265230 0.0159831
8 0.6084629 0.4658589 0.0265231 0.0159831
32 0.5427581 0.3555756 0.4882642 0.4091669
33 0.5415526 0.1786962 0.4424518 0.0149175
6 0.4059236 0.2357025 0.0265230 0.0159831
17 0.6084629 0.2357025 0.0265231 0.0159831
19 0.3384105 0.2932416 0.0265230 0.0159831
29 0.4059236 0.2932416 0.0265230 0.0159831
10 0.6084629 0.2932416 0.0265231 0.0159831
4 0.6759760 0.2932416 0.0265230 0.0159831
13 0.3384105 0.3507807 0.0265230 0.0159831
31 0.4059236 0.3507807 0.0265230 0.0159831
24 0.4734367 0.3507807 0.0265230 0.0159831
16 0.6084629 0.3507807 0.0265231 0.0159831
25 0.7434890 0.3507807 0.0265230 0.0159831
7 0.4734367 0.4083198 0.0265230 0.0159831
14 0.6759760 0.4083198 0.0265230 0.0159831
34 0.3384105 0.4653261 0.0626907 0.0575391
21 0.3384105 0.4658589 0.0265230 0.0159831
26 0.5397442 0.4658589 0.0265230 0.0159831
12 0.6759760 0.4658589 0.0265230 0.0159831
20 0.3384105 0.5233980 0.0265230 0.0159831
23 0.4059236 0.5233980 0.0265230 0.0159831
15 0.4734367 0.5233980 0.0265230 0.0159831
3 0.5397442 0.5233980 0.0265230 0.0159831
2 0.6084629 0.5233980 0.0265231 0.0159831
9 0.7434890 0.5233980 0.0265230 0.0159831
24 0.7434890 0.2932416 0.0265230 0.0159831
29 0.4734367 0.4658589 0.0265230 0.0159831
11 0.4059236 0.4658589 0.0265230 0.0159831
4 0.6759760 0.5233980 0.0265230 0.0159831
3 0.7434890 0.4658589 0.0265230 0.0159831
12 0.4059236 0.4083198 0.0265230 0.0159831
31 0.6759760 0.2357025 0.0265230 0.0159831
10 0.5397442 0.4083198 0.0265230 0.0159831
9 0.6759760 0.3507807 0.0265230 0.0159831
18 0.5397442 0.2357025 0.0265230 0.0159831
31 0.6084629 0.4083198 0.0265231 0.0159831
3 0.3384105 0.2357025 0.0265230 0.0159831
15 0.7434890 0.2357025 0.0265230 0.0159831
10 0.5397442 0.3507807 0.0265230 0.0159831
10 0.4734367 0.2357025 0.0265230 0.0159831
15 0.7434890 0.4083198 0.0265230 0.0159831
12 0.4734367 0.2932416 0.0265230 0.0159831
31 0.5397442 0.2932416 0.0265230 0.0159831
