6 0.4284078 0.5042088 0.0270681 0.0168361
19 0.2217063 0.5042088 0.0270681 0.0168361
32 0.3613528 0.6304799 0.4982985 0.4310051
33 0.3601225 0.4441599 0.4515445 0.0157137
16 0.1528057 0.5042088 0.0270681 0.0168361
8 0.3582769 0.5042088 0.0270681 0.0168361
19 0.2217063 0.5648189 0.0270681 0.0168361
26 0.2906068 0.5648189 0.0270681 0.0168361
1 0.4973083 0.5648189 0.0270681 0.0168361
24 0.2217063 0.6254290 0.0270681 0.0168362
2 0.2906068 0.6254290 0.0270681 0.0168362
18 0.3582769 0.6254290 0.0270681 0.0168362
25 0.4973083 0.6254290 0.0270681 0.0168362
27 0.1528057 0.6860391 0.0270681 0.0168362
5 0.2217063 0.6860391 0.0270681 0.0168362
20 0.4284078 0.6860391 0.0270681 0.0168362
22 0.2217063 0.7466492 0.0270681 0.0168362
30 0.4284078 0.7466492 0.0270681 0.0168362
6 0.4973083 0.7466492 0.0270681 0.0168362
14 0.1528057 0.8072593 0.0270681 0.0168362
10 0.2217063 0.8072593 0.0270681 0.0168362
17 0.2906068 0.8072593 0.0270681 0.0168362
3 0.3582769 0.8072593 0.0270681 0.0168362
34 0.4277927 0.8066980 0.0652095 0.0606101
11 0.4284078 0.8072593 0.0270681 0.0168362
31 0.4973083 0.8072593 0.0270681 0.0168362
9 0.5662089 0.8072593 0.0270681 0.0168362
22 0.5662089 0.6860391 0.0270681 0.0168362
12 0.5662089 0.5648189 0.0270681 0.0168361
31 0.2906068 0.6860391 0.0270681 0.0168362
4 0.4284078 0.5648189 0.0270681 0.0168361
21 0.5662089 0.5042088 0.0270681 0.0168361
21 0.5662089 0.6254290 0.0270681 0.0168362
20 0.3582769 0.6860391 0.0270681 0.0168362
26 0.4284078 0.6254290 0.0270681 0.0168362
10 0.4973083 0.6860391 0.0270681 0.0168362
26 0.3582769 0.5648189 0.0270681 0.0168361
21 0.1528057 0.5648189 0.0270681 0.0168361
7 0.1528057 0.6254290 0.0270681 0.0168362
15 0.1528057 0.7466492 0.0270681 0.0168362
15 0.2906068 0.7466492 0.0270681 0.0168362
1 0.2906068 0.5042088 0.0270681 0.0168361
7 0.3582769 0.7466492 0.0270681 0.0168362
4 0.5662089 0.7466492 0.0270681 0.0168362
4 0.4973083 0.5042088 0.0270681 0.0168361
