19 0.8324300 0.2431098 0.0275163 0.0168425
13 0.4822224 0.3037429 0.0275163 0.0168425
32 0.6241816 0.3694287 0.5065504 0.4311685
33 0.6229308 0.1830382 0.4590222 0.0157197
17 0.4121809 0.2431098 0.0275163 0.0168425
29 0.4822224 0.2431098 0.0275163 0.0168425
26 0.6210548 0.2431098 0.0275163 0.0168425
13 0.6923470 0.2431098 0.0275163 0.0168425
9 0.7623885 0.2431098 0.0275163 0.0168425
3 0.4121809 0.3037429 0.0275163 0.0168425
12 0.6210548 0.3037429 0.0275163 0.0168425
21 0.6923470 0.3037429 0.0275163 0.0168425
1 0.7623885 0.3037429 0.0275163 0.0168425
5 0.8324300 0.3037429 0.0275163 0.0168425
25 0.6923470 0.3643760 0.0275163 0.0168425
30 0.8324300 0.3643760 0.0275163 0.0168425
7 0.5522639 0.4250090 0.0275163 0.0168425
24 0.6210548 0.4250090 0.0275163 0.0168425
27 0.6923470 0.4250090 0.0275163 0.0168425
2 0.7623885 0.4250090 0.0275163 0.0168425
16 0.4822224 0.4856421 0.0275163 0.0168425
4 0.8324300 0.4856421 0.0275163 0.0168425
14 0.5522639 0.5462751 0.0275163 0.0168425
34 0.6210548 0.5457137 0.0650386 0.0606331
27 0.6210548 0.5462751 0.0275163 0.0168425
15 0.7623885 0.5462751 0.0275163 0.0168425
22 0.8324300 0.5462751 0.0275163 0.0168425
10 0.6923470 0.5462751 0.0275163 0.0168425
26 0.6210548 0.4856421 0.0275163 0.0168425
29 0.4121809 0.4856421 0.0275163 0.0168425
31 0.6210548 0.3643760 0.0275163 0.0168425
2 0.4822224 0.4250090 0.0275163 0.0168425
12 0.8324300 0.4250090 0.0275163 0.0168425
29 0.7623885 0.4856421 0.0275163 0.0168425
8 0.5522639 0.4856421 0.0275163 0.0168425
11 0.4822224 0.3643760 0.0275163 0.0168425
2 0.4121809 0.4250090 0.0275163 0.0168425
28 0.5522639 0.3037429 0.0275163 0.0168425
24 0.5522639 0.3643760 0.0275163 0.0168425
10 0.4822224 0.5462751 0.0275163 0.0168425
12 0.5522639 0.2431098 0.0275163 0.0168425
18 0.7623885 0.3643760 0.0275163 0.0168425
5 0.4121809 0.3643760 0.0275163 0.0168425
19 0.6923470 0.4856421 0.0275163 0.0168425
9 0.4121809 0.5462751 0.0275163 0.0168425
