27 0.5052207 0.4799054 0.0284167 0.0164524
13 0.2158873 0.5983628 0.0284167 0.0164524
32 0.3624915 0.6032985 0.5231252 0.4211819
33 0.3611998 0.4212250 0.4740418 0.0153556
24 0.2158873 0.4799054 0.0284167 0.0164524
26 0.2882206 0.4799054 0.0284167 0.0164524
5 0.5775541 0.4799054 0.0284167 0.0164524
27 0.1435539 0.5391341 0.0284167 0.0164524
17 0.2158873 0.5391341 0.0284167 0.0164524
4 0.3592624 0.5391341 0.0284167 0.0164524
10 0.5775541 0.5391341 0.0284167 0.0164524
3 0.2882206 0.5983628 0.0284167 0.0164524
19 0.3592624 0.5983628 0.0284167 0.0164524
21 0.5775541 0.5983628 0.0284167 0.0164524
30 0.2882206 0.6575916 0.0284167 0.0164524
22 0.3592624 0.6575916 0.0284167 0.0164524
31 0.5052207 0.6575916 0.0284167 0.0164524
1 0.5775541 0.6575916 0.0284167 0.0164524
15 0.1435539 0.7168202 0.0284167 0.0164524
6 0.2882206 0.7168202 0.0284167 0.0164524
14 0.3592624 0.7168202 0.0284167 0.0164524
20 0.5052207 0.7168202 0.0284167 0.0164524
25 0.1435539 0.7760490 0.0284167 0.0164524
11 0.3592624 0.7760490 0.0284167 0.0164524
34 0.4322415 0.7755005 0.0684583 0.0592287
13 0.4328873 0.7760490 0.0284167 0.0164524
7 0.5052207 0.7760490 0.0284167 0.0164524
7 0.4328873 0.4799054 0.0284167 0.0164524
20 0.4328873 0.7168202 0.0284167 0.0164524
11 0.3592624 0.4799054 0.0284167 0.0164524
13 0.2158873 0.6575916 0.0284167 0.0164524
10 0.5775541 0.7760490 0.0284167 0.0164524
14 0.4328873 0.6575916 0.0284167 0.0164524
15 0.5052207 0.5983628 0.0284167 0.0164524
11 0.4328873 0.5391341 0.0284167 0.0164524
18 0.1435539 0.4799054 0.0284167 0.0164524
18 0.1435539 0.5983628 0.0284167 0.0164524
4 0.5052207 0.5391341 0.0284167 0.0164524
7 0.2158873 0.7168202 0.0284167 0.0164524
30 0.2882206 0.5391341 0.0284167 0.0164524
17 0.2158873 0.7760490 0.0284167 0.0164524
27 0.1435539 0.6575916 0.0284167 0.0164524
13 0.4328873 0.5983628 0.0284167 0.0164524
22 0.2882206 0.7760490 0.0284167 0.0164524
19 0.5775541 0.7168202 0.0284167 0.0164524
