22 0.4470591 0.7589014 0.0270779 0.0172770
2 0.3769025 0.5723105 0.0270779 0.0172770
32 0.3799796 0.5774936 0.4984806 0.4422895
33 0.3787488 0.3862956 0.4517096 0.0161251
25 0.1713562 0.4479166 0.0270780 0.0172770
8 0.2402819 0.4479166 0.0270779 0.0172770
3 0.3092077 0.4479166 0.0270780 0.0172770
30 0.3769025 0.4479166 0.0270779 0.0172770
7 0.4470591 0.4479166 0.0270779 0.0172770
12 0.5159848 0.4479166 0.0270779 0.0172770
14 0.3092077 0.5101136 0.0270780 0.0172769
10 0.5159848 0.5101136 0.0270779 0.0172769
16 0.2402819 0.5723105 0.0270779 0.0172770
31 0.4470591 0.5723105 0.0270779 0.0172770
27 0.5159848 0.5723105 0.0270779 0.0172770
23 0.5849105 0.5723105 0.0270779 0.0172770
20 0.3092077 0.6345075 0.0270780 0.0172770
13 0.5849105 0.6345075 0.0270779 0.0172770
6 0.2402819 0.6967045 0.0270779 0.0172770
22 0.3092077 0.6967045 0.0270780 0.0172770
18 0.4470591 0.6967045 0.0270779 0.0172770
26 0.5159848 0.6967045 0.0270779 0.0172770
17 0.1713562 0.7589014 0.0270780 0.0172770
19 0.2402819 0.7589014 0.0270779 0.0172770
34 0.5153694 0.7583255 0.0627716 0.0621970
16 0.5159848 0.7589014 0.0270779 0.0172770
24 0.5849105 0.7589014 0.0270779 0.0172770
22 0.1713562 0.6967045 0.0270780 0.0172770
21 0.3092077 0.7589014 0.0270780 0.0172770
15 0.5159848 0.6345075 0.0270779 0.0172770
27 0.3769025 0.6345075 0.0270779 0.0172770
14 0.1713562 0.6345075 0.0270780 0.0172770
11 0.4470591 0.6345075 0.0270779 0.0172770
9 0.4470591 0.5101136 0.0270779 0.0172769
5 0.1713562 0.5101136 0.0270780 0.0172769
14 0.3769025 0.5101136 0.0270779 0.0172769
16 0.2402819 0.6345075 0.0270779 0.0172770
12 0.1713562 0.5723105 0.0270780 0.0172770
13 0.3769025 0.6967045 0.0270779 0.0172770
30 0.3092077 0.5723105 0.0270780 0.0172770
3 0.5849105 0.5101136 0.0270779 0.0172769
28 0.3769025 0.7589014 0.0270779 0.0172770
9 0.5849105 0.6967045 0.0270779 0.0172770
16 0.5849105 0.4479166 0.0270779 0.0172770
13 0.2402819 0.5101136 0.0270779 0.0172769
