22 0.6271615 0.2953377 0.0275721 0.0168048
6 0.3464266 0.4768302 0.0275722 0.0168049
32 0.4184903 0.4213742 0.5075788 0.4302045
33 0.4172370 0.2354004 0.4599541 0.0156845
31 0.2762429 0.2953377 0.0275722 0.0168048
8 0.4153571 0.2953377 0.0275722 0.0168048
19 0.5569778 0.2953377 0.0275722 0.0168048
7 0.2060591 0.3558352 0.0275722 0.0168049
5 0.2762429 0.3558352 0.0275722 0.0168049
30 0.3464266 0.3558352 0.0275722 0.0168049
15 0.4867941 0.3558352 0.0275722 0.0168049
16 0.5569778 0.3558352 0.0275722 0.0168049
34 0.2756162 0.4157726 0.0639173 0.0604975
12 0.2762429 0.4163327 0.0275722 0.0168049
22 0.3464266 0.4163327 0.0275722 0.0168049
27 0.4867941 0.4163327 0.0275722 0.0168049
14 0.2060591 0.4768302 0.0275722 0.0168049
24 0.2762429 0.4768302 0.0275722 0.0168049
10 0.4153571 0.4768302 0.0275722 0.0168049
21 0.4867941 0.4768302 0.0275722 0.0168049
12 0.2060591 0.5373277 0.0275722 0.0168049
11 0.4153571 0.5373277 0.0275722 0.0168049
13 0.4867941 0.5373277 0.0275722 0.0168049
3 0.5569778 0.5373277 0.0275722 0.0168049
18 0.6271615 0.5373277 0.0275721 0.0168049
26 0.4867941 0.5978252 0.0275722 0.0168049
6 0.6271615 0.5978252 0.0275721 0.0168049
22 0.6271615 0.4768302 0.0275721 0.0168049
20 0.3464266 0.2953377 0.0275722 0.0168048
25 0.4153571 0.5978252 0.0275722 0.0168049
30 0.4867941 0.2953377 0.0275722 0.0168048
3 0.5569778 0.5978252 0.0275722 0.0168049
12 0.3464266 0.5373277 0.0275722 0.0168049
22 0.6271615 0.4163327 0.0275721 0.0168049
27 0.4153571 0.4163327 0.0275722 0.0168049
7 0.3464266 0.5978252 0.0275722 0.0168049
17 0.6271615 0.3558352 0.0275721 0.0168049
9 0.5569778 0.4768302 0.0275722 0.0168049
18 0.5569778 0.4163327 0.0275722 0.0168049
17 0.2762429 0.5373277 0.0275722 0.0168049
28 0.2060591 0.5978252 0.0275722 0.0168049
11 0.2060591 0.4163327 0.0275722 0.0168049
8 0.4153571 0.3558352 0.0275722 0.0168049
30 0.2762429 0.5978252 0.0275722 0.0168049
21 0.2060591 0.2953377 0.0275722 0.0168048
