2 0.5470412 0.5578704 0.0280252 0.0172618
10 0.6196521 0.4335849 0.0280252 0.0172619
32 0.5502259 0.5630490 0.5159190 0.4419040
33 0.5489521 0.3720176 0.4675118 0.0161111
13 0.7623260 0.4335849 0.0280252 0.0172619
34 0.3343043 0.4951522 0.0662415 0.0621427
22 0.3343043 0.4957276 0.0280252 0.0172619
24 0.4056412 0.4957276 0.0280252 0.0172619
6 0.4769781 0.4957276 0.0280252 0.0172619
10 0.5470412 0.4957276 0.0280252 0.0172619
12 0.6196521 0.4957276 0.0280252 0.0172619
15 0.6909891 0.4957276 0.0280253 0.0172619
27 0.7623260 0.5578704 0.0280252 0.0172618
29 0.4056412 0.6200132 0.0280252 0.0172618
16 0.4769781 0.6200132 0.0280252 0.0172618
22 0.6909891 0.6200132 0.0280253 0.0172618
7 0.7623260 0.6200132 0.0280252 0.0172618
14 0.3343043 0.6821559 0.0280252 0.0172619
31 0.4056412 0.6821559 0.0280252 0.0172619
23 0.4769781 0.6821559 0.0280252 0.0172619
21 0.6909891 0.6821559 0.0280253 0.0172619
30 0.3343043 0.7442986 0.0280252 0.0172619
1 0.4056412 0.7442986 0.0280252 0.0172619
17 0.4769781 0.7442986 0.0280252 0.0172619
19 0.5470412 0.7442986 0.0280252 0.0172619
26 0.6196521 0.7442986 0.0280252 0.0172619
5 0.7623260 0.7442986 0.0280252 0.0172619
8 0.3343043 0.4335849 0.0280252 0.0172619
6 0.4056412 0.4335849 0.0280252 0.0172619
1 0.6909891 0.7442986 0.0280253 0.0172619
18 0.5470412 0.6200132 0.0280252 0.0172618
22 0.4769781 0.5578704 0.0280252 0.0172618
28 0.3343043 0.5578704 0.0280252 0.0172618
27 0.4769781 0.4335849 0.0280252 0.0172619
24 0.7623260 0.6821559 0.0280252 0.0172619
6 0.4056412 0.5578704 0.0280252 0.0172618
29 0.5470412 0.6821559 0.0280252 0.0172619
10 0.6909891 0.5578704 0.0280253 0.0172618
3 0.6196521 0.5578704 0.0280252 0.0172618
8 0.3343043 0.6200132 0.0280252 0.0172618
4 0.7623260 0.4957276 0.0280252 0.0172619
27 0.6196521 0.6821559 0.0280252 0.0172619
31 0.5470412 0.4335849 0.0280252 0.0172619
2 0.6196521 0.6200132 0.0280252 0.0172618
5 0.6909891 0.4335849 0.0280253 0.0172619
