30 0.3008191 0.4797639 0.0275196 0.0173041
17 0.2307691 0.6666484 0.0275196 0.0173041
32 0.4427953 0.6095447 0.5066111 0.4429854
33 0.4415444 0.4180459 0.4590772 0.0161505
14 0.3708690 0.4797639 0.0275196 0.0173041
7 0.4396680 0.4797639 0.0275196 0.0173041
34 0.5103434 0.4791871 0.0662973 0.0622948
21 0.5109689 0.4797639 0.0275196 0.0173041
26 0.5810188 0.4797639 0.0275196 0.0173041
10 0.6510687 0.4797639 0.0275196 0.0173041
6 0.2307691 0.5420587 0.0275196 0.0173041
27 0.3008191 0.5420587 0.0275196 0.0173041
19 0.3708690 0.5420587 0.0275196 0.0173041
21 0.5109689 0.5420587 0.0275196 0.0173041
30 0.5810188 0.5420587 0.0275196 0.0173041
29 0.3708690 0.6043536 0.0275196 0.0173041
25 0.5109689 0.6043536 0.0275196 0.0173041
15 0.5810188 0.6043536 0.0275196 0.0173041
16 0.3008191 0.6666484 0.0275196 0.0173041
22 0.4396680 0.6666484 0.0275196 0.0173041
23 0.5810188 0.6666484 0.0275196 0.0173041
9 0.6510687 0.6666484 0.0275196 0.0173041
4 0.2307691 0.7289432 0.0275196 0.0173041
17 0.5109689 0.7289432 0.0275196 0.0173041
20 0.5109689 0.7912381 0.0275196 0.0173041
8 0.5810188 0.7912381 0.0275196 0.0173041
1 0.6510687 0.7912381 0.0275196 0.0173041
29 0.5109689 0.6666484 0.0275196 0.0173041
22 0.2307691 0.6043536 0.0275196 0.0173041
30 0.3708690 0.6666484 0.0275196 0.0173041
17 0.6510687 0.6043536 0.0275196 0.0173041
1 0.6510687 0.5420587 0.0275196 0.0173041
20 0.5810188 0.7289432 0.0275196 0.0173041
29 0.3008191 0.6043536 0.0275196 0.0173041
7 0.3708690 0.7912381 0.0275196 0.0173041
29 0.6510687 0.7289432 0.0275196 0.0173041
22 0.4396680 0.5420587 0.0275196 0.0173041
17 0.4396680 0.7912381 0.0275196 0.0173041
16 0.2307691 0.7912381 0.0275196 0.0173041
29 0.3008191 0.7912381 0.0275196 0.0173041
25 0.4396680 0.7289432 0.0275196 0.0173041
3 0.3708690 0.7289432 0.0275196 0.0173041
12 0.3008191 0.7289432 0.0275196 0.0173041
13 0.2307691 0.4797639 0.0275196 0.0173041
11 0.4396680 0.6043536 0.0275196 0.0173041
