18 0.2667278 0.4053891 0.0284070 0.0162819
29 0.5559631 0.4053891 0.0284070 0.0162819
32 0.3409734 0.3516589 0.5229478 0.4168163
33 0.3396822 0.1714727 0.4738811 0.0151964
23 0.3377454 0.2295448 0.0284070 0.0162819
15 0.4113454 0.2881596 0.0284071 0.0162819
8 0.5559631 0.2881596 0.0284070 0.0162819
22 0.1221101 0.3467744 0.0284070 0.0162819
30 0.1944189 0.3467744 0.0284070 0.0162819
21 0.2667278 0.3467744 0.0284070 0.0162819
13 0.3377454 0.3467744 0.0284070 0.0162819
3 0.4113454 0.3467744 0.0284071 0.0162819
20 0.4836543 0.3467744 0.0284070 0.0162819
27 0.5559631 0.3467744 0.0284070 0.0162819
19 0.1944189 0.4053891 0.0284070 0.0162819
14 0.3377454 0.4053891 0.0284070 0.0162819
25 0.4113454 0.4053891 0.0284071 0.0162819
11 0.4836543 0.4053891 0.0284070 0.0162819
24 0.2667278 0.4640039 0.0284070 0.0162819
12 0.3377454 0.4640039 0.0284070 0.0162819
5 0.4113454 0.4640039 0.0284071 0.0162819
10 0.1944189 0.5226187 0.0284070 0.0162819
34 0.2667278 0.5220760 0.0671439 0.0586148
10 0.2667278 0.5226187 0.0284070 0.0162819
29 0.3377454 0.5226187 0.0284070 0.0162819
18 0.4113454 0.5226187 0.0284071 0.0162819
9 0.4836543 0.5226187 0.0284070 0.0162819
16 0.1221101 0.2881596 0.0284070 0.0162819
17 0.1221101 0.5226187 0.0284070 0.0162819
14 0.1944189 0.2295448 0.0284070 0.0162819
20 0.1944189 0.2881596 0.0284070 0.0162819
25 0.4113454 0.2295448 0.0284071 0.0162819
29 0.1221101 0.4640039 0.0284070 0.0162819
2 0.2667278 0.2881596 0.0284070 0.0162819
8 0.5559631 0.4640039 0.0284070 0.0162819
28 0.3377454 0.2881596 0.0284070 0.0162819
8 0.4836543 0.2881596 0.0284070 0.0162819
18 0.4836543 0.2295448 0.0284070 0.0162819
6 0.1221101 0.4053891 0.0284070 0.0162819
11 0.2667278 0.2295448 0.0284070 0.0162819
10 0.5559631 0.5226187 0.0284070 0.0162819
1 0.4836543 0.4640039 0.0284070 0.0162819
7 0.5559631 0.2295448 0.0284070 0.0162819
6 0.1944189 0.4640039 0.0284070 0.0162819
26 0.1221101 0.2295448 0.0284070 0.0162819
