18 0.1433054 0.5472791 0.0282864 0.0162875
28 0.5033140 0.4886443 0.0282864 0.0162875
32 0.3612392 0.6108002 0.5207267 0.4169591
33 0.3599534 0.4305523 0.4718684 0.0152016
3 0.2153071 0.4886443 0.0282864 0.0162875
12 0.3580248 0.4886443 0.0282864 0.0162875
30 0.5753157 0.4886443 0.0282864 0.0162875
13 0.2873088 0.5472791 0.0282864 0.0162875
22 0.3580248 0.5472791 0.0282864 0.0162875
8 0.4313123 0.5472791 0.0282864 0.0162875
17 0.5033140 0.5472791 0.0282864 0.0162875
26 0.2153071 0.6059140 0.0282864 0.0162874
31 0.4313123 0.6059140 0.0282864 0.0162874
7 0.5753157 0.6059140 0.0282864 0.0162874
18 0.2153071 0.6645489 0.0282864 0.0162874
20 0.2873088 0.6645489 0.0282864 0.0162874
9 0.3580248 0.6645489 0.0282864 0.0162874
2 0.4313123 0.6645489 0.0282864 0.0162874
21 0.5033140 0.6645489 0.0282864 0.0162874
16 0.5753157 0.6645489 0.0282864 0.0162874
1 0.1433054 0.7231837 0.0282864 0.0162874
19 0.2153071 0.7231837 0.0282864 0.0162874
5 0.5033140 0.7231837 0.0282864 0.0162874
24 0.5753157 0.7231837 0.0282864 0.0162874
6 0.3580248 0.7818186 0.0282864 0.0162874
34 0.5026711 0.7812757 0.0655730 0.0586348
13 0.5033140 0.7818186 0.0282864 0.0162874
2 0.5753157 0.5472791 0.0282864 0.0162875
26 0.5753157 0.7818186 0.0282864 0.0162874
13 0.3580248 0.7231837 0.0282864 0.0162874
11 0.2873088 0.7231837 0.0282864 0.0162874
5 0.2153071 0.5472791 0.0282864 0.0162875
14 0.4313123 0.4886443 0.0282864 0.0162875
20 0.2153071 0.7818186 0.0282864 0.0162874
11 0.3580248 0.6059140 0.0282864 0.0162874
21 0.1433054 0.6645489 0.0282864 0.0162874
24 0.4313123 0.7818186 0.0282864 0.0162874
31 0.4313123 0.7231837 0.0282864 0.0162874
25 0.1433054 0.6059140 0.0282864 0.0162874
3 0.2873088 0.7818186 0.0282864 0.0162874
10 0.5033140 0.6059140 0.0282864 0.0162874
6 0.2873088 0.4886443 0.0282864 0.0162875
17 0.2873088 0.6059140 0.0282864 0.0162874
17 0.1433054 0.4886443 0.0282864 0.0162875
28 0.1433054 0.7818186 0.0282864 0.0162874
