29 0.6550322 0.5861301 0.0288181 0.0165373
13 0.8017429 0.4075264 0.0288181 0.0165374
32 0.5836417 0.4124877 0.5305162 0.4233566
33 0.5823318 0.2294741 0.4807394 0.0154349
34 0.4343113 0.2879062 0.0668057 0.0595345
17 0.4349662 0.2884574 0.0288181 0.0165373
29 0.5083216 0.2884574 0.0288181 0.0165373
12 0.5803670 0.2884574 0.0288182 0.0165373
10 0.7283875 0.2884574 0.0288182 0.0165373
15 0.5083216 0.3479919 0.0288181 0.0165374
26 0.5803670 0.3479919 0.0288182 0.0165374
5 0.7283875 0.3479919 0.0288182 0.0165374
25 0.8017429 0.3479919 0.0288181 0.0165374
2 0.5083216 0.4075264 0.0288181 0.0165374
20 0.7283875 0.4075264 0.0288182 0.0165374
22 0.4349662 0.4670610 0.0288181 0.0165373
13 0.5803670 0.4670610 0.0288182 0.0165373
4 0.6550322 0.4670610 0.0288181 0.0165373
8 0.7283875 0.4670610 0.0288182 0.0165373
23 0.4349662 0.5265955 0.0288181 0.0165374
11 0.5083216 0.5265955 0.0288181 0.0165374
16 0.7283875 0.5265955 0.0288182 0.0165374
17 0.8017429 0.5265955 0.0288181 0.0165374
30 0.3616109 0.5861301 0.0288182 0.0165373
27 0.4349662 0.5861301 0.0288181 0.0165373
18 0.5803670 0.5861301 0.0288182 0.0165373
3 0.8017429 0.5861301 0.0288181 0.0165373
13 0.4349662 0.4075264 0.0288181 0.0165374
11 0.3616109 0.4670610 0.0288182 0.0165373
9 0.6550322 0.3479919 0.0288181 0.0165374
26 0.8017429 0.2884574 0.0288181 0.0165373
18 0.5083216 0.5861301 0.0288181 0.0165373
30 0.3616109 0.2884574 0.0288182 0.0165373
4 0.7283875 0.5861301 0.0288182 0.0165373
24 0.6550322 0.2884574 0.0288181 0.0165373
28 0.6550322 0.5265955 0.0288181 0.0165374
24 0.8017429 0.4670610 0.0288181 0.0165373
29 0.5083216 0.4670610 0.0288181 0.0165373
16 0.4349662 0.3479919 0.0288181 0.0165374
4 0.3616109 0.5265955 0.0288182 0.0165374
5 0.5803670 0.4075264 0.0288182 0.0165374
6 0.3616109 0.3479919 0.0288182 0.0165374
7 0.6550322 0.4075264 0.0288181 0.0165374
28 0.3616109 0.4075264 0.0288182 0.0165374
24 0.5803670 0.5265955 0.0288182 0.0165374
