28 0.5618732 0.4961800 0.0264886 0.0160606
15 0.7641493 0.6118161 0.0264886 0.0160606
32 0.6311046 0.5588163 0.4876299 0.4111506
33 0.6299006 0.3810792 0.4418770 0.0149899
11 0.5618732 0.4383620 0.0264886 0.0160606
8 0.6280946 0.4383620 0.0264885 0.0160606
1 0.6967239 0.4383620 0.0264886 0.0160606
2 0.8315746 0.4383620 0.0264885 0.0160606
23 0.4270225 0.4961800 0.0264885 0.0160606
27 0.4944479 0.4961800 0.0264885 0.0160606
31 0.6967239 0.4961800 0.0264886 0.0160606
26 0.7641493 0.4961800 0.0264886 0.0160606
21 0.8315746 0.4961800 0.0264885 0.0160606
18 0.4270225 0.5539980 0.0264885 0.0160606
30 0.6967239 0.5539980 0.0264886 0.0160606
3 0.7641493 0.5539980 0.0264886 0.0160606
19 0.4944479 0.6118161 0.0264885 0.0160606
34 0.5618732 0.6112807 0.0626093 0.0578181
13 0.5618732 0.6118161 0.0264886 0.0160606
16 0.8315746 0.6118161 0.0264885 0.0160606
15 0.4944479 0.6696342 0.0264885 0.0160606
25 0.5618732 0.6696342 0.0264886 0.0160606
6 0.7641493 0.6696342 0.0264886 0.0160606
17 0.4270225 0.7274523 0.0264885 0.0160606
4 0.4944479 0.7274523 0.0264885 0.0160606
12 0.6280946 0.7274523 0.0264885 0.0160606
5 0.7641493 0.7274523 0.0264886 0.0160606
13 0.6280946 0.4961800 0.0264885 0.0160606
16 0.7641493 0.4383620 0.0264886 0.0160606
2 0.4944479 0.4383620 0.0264885 0.0160606
20 0.6280946 0.6696342 0.0264885 0.0160606
8 0.6967239 0.6118161 0.0264886 0.0160606
1 0.5618732 0.7274523 0.0264886 0.0160606
11 0.4270225 0.6696342 0.0264885 0.0160606
22 0.8315746 0.7274523 0.0264885 0.0160606
1 0.8315746 0.6696342 0.0264885 0.0160606
13 0.4944479 0.5539980 0.0264885 0.0160606
2 0.6280946 0.6118161 0.0264885 0.0160606
14 0.4270225 0.6118161 0.0264885 0.0160606
29 0.4270225 0.4383620 0.0264885 0.0160606
4 0.6967239 0.7274523 0.0264886 0.0160606
14 0.5618732 0.5539980 0.0264886 0.0160606
19 0.6967239 0.6696342 0.0264886 0.0160606
30 0.8315746 0.5539980 0.0264885 0.0160606
22 0.6280946 0.5539980 0.0264885 0.0160606
