25 0.4537324 0.4756291 0.0277903 0.0158842
29 0.2415152 0.5899953 0.0277903 0.0158842
32 0.3848881 0.5375775 0.5115950 0.4066352
33 0.3836249 0.3617925 0.4635934 0.0148252
15 0.1707761 0.4184461 0.0277903 0.0158842
12 0.2415152 0.4184461 0.0277903 0.0158842
18 0.3122542 0.4184461 0.0277903 0.0158842
17 0.3817301 0.4184461 0.0277903 0.0158842
23 0.5244714 0.4184461 0.0277903 0.0158842
34 0.2408836 0.4750997 0.0644231 0.0571831
16 0.2415152 0.4756291 0.0277903 0.0158842
20 0.3122542 0.4756291 0.0277903 0.0158842
26 0.3817301 0.4756291 0.0277903 0.0158842
21 0.5244714 0.4756291 0.0277903 0.0158842
31 0.1707761 0.5328122 0.0277903 0.0158842
19 0.3122542 0.5328122 0.0277903 0.0158842
14 0.3817301 0.5328122 0.0277903 0.0158842
13 0.4537324 0.5328122 0.0277903 0.0158842
5 0.5952104 0.5328122 0.0277903 0.0158842
9 0.3122542 0.5899953 0.0277903 0.0158842
11 0.5244714 0.5899953 0.0277903 0.0158842
6 0.3817301 0.6471784 0.0277903 0.0158842
10 0.5952104 0.6471784 0.0277903 0.0158842
25 0.1707761 0.7043614 0.0277903 0.0158841
29 0.2415152 0.7043614 0.0277903 0.0158841
3 0.3817301 0.7043614 0.0277903 0.0158841
8 0.5244714 0.7043614 0.0277903 0.0158841
25 0.2415152 0.6471784 0.0277903 0.0158842
19 0.4537324 0.6471784 0.0277903 0.0158842
19 0.4537324 0.5899953 0.0277903 0.0158842
20 0.4537324 0.4184461 0.0277903 0.0158842
19 0.3122542 0.6471784 0.0277903 0.0158842
3 0.1707761 0.5899953 0.0277903 0.0158842
9 0.5244714 0.5328122 0.0277903 0.0158842
26 0.5952104 0.4756291 0.0277903 0.0158842
5 0.2415152 0.5328122 0.0277903 0.0158842
21 0.3817301 0.5899953 0.0277903 0.0158842
28 0.4537324 0.7043614 0.0277903 0.0158841
20 0.1707761 0.4756291 0.0277903 0.0158842
6 0.5952104 0.5899953 0.0277903 0.0158842
8 0.5952104 0.4184461 0.0277903 0.0158842
27 0.3122542 0.7043614 0.0277903 0.0158841
1 0.5244714 0.6471784 0.0277903 0.0158842
1 0.1707761 0.6471784 0.0277903 0.0158842
24 0.5952104 0.7043614 0.0277903 0.0158841
