19 0.6107080 0.3843215 0.0271959 0.0169621
15 0.4030302 0.5675127 0.0271959 0.0169621
32 0.4741104 0.3894101 0.5006519 0.4342311
33 0.4728742 0.2016956 0.4536771 0.0158313
10 0.2645783 0.2621939 0.0271959 0.0169621
25 0.3338042 0.2621939 0.0271959 0.0169621
34 0.4030302 0.2616285 0.0642812 0.0610637
29 0.4030302 0.2621939 0.0271959 0.0169621
20 0.5414820 0.2621939 0.0271959 0.0169621
4 0.6799339 0.2621939 0.0271959 0.0169621
23 0.4030302 0.3232577 0.0271959 0.0169621
31 0.4710199 0.3232577 0.0271959 0.0169621
24 0.4030302 0.3843215 0.0271959 0.0169621
1 0.4710199 0.3843215 0.0271959 0.0169621
15 0.3338042 0.4453852 0.0271959 0.0169622
13 0.4030302 0.4453852 0.0271959 0.0169622
9 0.4710199 0.4453852 0.0271959 0.0169622
8 0.5414820 0.4453852 0.0271959 0.0169622
12 0.2645783 0.5064489 0.0271959 0.0169621
16 0.3338042 0.5064489 0.0271959 0.0169621
21 0.5414820 0.5064489 0.0271959 0.0169621
30 0.6107080 0.5064489 0.0271959 0.0169621
2 0.2645783 0.5675127 0.0271959 0.0169621
3 0.4710199 0.5675127 0.0271959 0.0169621
27 0.5414820 0.5675127 0.0271959 0.0169621
29 0.6107080 0.5675127 0.0271959 0.0169621
26 0.6799339 0.5675127 0.0271959 0.0169621
19 0.5414820 0.3232577 0.0271959 0.0169621
25 0.6799339 0.3843215 0.0271959 0.0169621
14 0.3338042 0.3232577 0.0271959 0.0169621
4 0.3338042 0.5675127 0.0271959 0.0169621
17 0.3338042 0.3843215 0.0271959 0.0169621
22 0.4030302 0.5064489 0.0271959 0.0169621
2 0.4710199 0.5064489 0.0271959 0.0169621
4 0.6799339 0.3232577 0.0271959 0.0169621
8 0.6107080 0.4453852 0.0271959 0.0169622
15 0.6799339 0.5064489 0.0271959 0.0169621
6 0.2645783 0.3843215 0.0271959 0.0169621
2 0.6799339 0.4453852 0.0271959 0.0169622
20 0.5414820 0.3843215 0.0271959 0.0169621
17 0.4710199 0.2621939 0.0271959 0.0169621
9 0.6107080 0.3232577 0.0271959 0.0169621
27 0.6107080 0.2621939 0.0271959 0.0169621
30 0.2645783 0.4453852 0.0271959 0.0169622
14 0.2645783 0.3232577 0.0271959 0.0169621
