9 0.7577872 0.5920346 0.0270092 0.0173020
4 0.3452834 0.5920346 0.0270092 0.0173020
32 0.5533768 0.4103628 0.4972143 0.4429335
33 0.5521491 0.2188863 0.4505621 0.0161486
34 0.4134202 0.2800203 0.0626122 0.0622875
17 0.4140340 0.2805971 0.0270092 0.0173021
1 0.5503076 0.2805971 0.0270092 0.0173021
9 0.6202859 0.2805971 0.0270091 0.0173021
16 0.6890365 0.2805971 0.0270091 0.0173021
15 0.7577872 0.2805971 0.0270092 0.0173021
30 0.4140340 0.3428846 0.0270092 0.0173021
26 0.6890365 0.3428846 0.0270091 0.0173021
7 0.3452834 0.4051721 0.0270092 0.0173021
13 0.4140340 0.4051721 0.0270092 0.0173021
3 0.5503076 0.4051721 0.0270092 0.0173021
19 0.6202859 0.4051721 0.0270091 0.0173021
23 0.6890365 0.4051721 0.0270091 0.0173021
2 0.4140340 0.4674596 0.0270092 0.0173021
22 0.4827847 0.4674596 0.0270092 0.0173021
24 0.5503076 0.4674596 0.0270092 0.0173021
14 0.7577872 0.4674596 0.0270092 0.0173021
27 0.4140340 0.5297472 0.0270092 0.0173021
31 0.4827847 0.5297472 0.0270092 0.0173021
29 0.5503076 0.5297472 0.0270092 0.0173021
4 0.6890365 0.5297472 0.0270091 0.0173021
17 0.4827847 0.5920346 0.0270092 0.0173020
11 0.6890365 0.5920346 0.0270091 0.0173020
26 0.4827847 0.4051721 0.0270092 0.0173021
15 0.3452834 0.3428846 0.0270092 0.0173021
28 0.5503076 0.5920346 0.0270092 0.0173020
29 0.7577872 0.3428846 0.0270092 0.0173021
31 0.7577872 0.4051721 0.0270092 0.0173021
24 0.6202859 0.4674596 0.0270091 0.0173021
17 0.7577872 0.5297472 0.0270092 0.0173021
6 0.5503076 0.3428846 0.0270092 0.0173021
29 0.4827847 0.2805971 0.0270092 0.0173021
10 0.3452834 0.4674596 0.0270092 0.0173021
13 0.6890365 0.4674596 0.0270091 0.0173021
22 0.3452834 0.5297472 0.0270092 0.0173021
16 0.6202859 0.5920346 0.0270091 0.0173020
14 0.6202859 0.5297472 0.0270091 0.0173021
18 0.4140340 0.5920346 0.0270092 0.0173020
2 0.4827847 0.3428846 0.0270092 0.0173021
16 0.3452834 0.2805971 0.0270092 0.0173021
17 0.6202859 0.3428846 0.0270091 0.0173021
