21 0.3847224 0.5337748 0.0264595 0.0168450
21 0.3847224 0.4731327 0.0264595 0.0168450
32 0.3191750 0.4781862 0.4870957 0.4312331
33 0.3179723 0.2917677 0.4413929 0.0157220
14 0.1153164 0.3518483 0.0264595 0.0168450
17 0.2500194 0.3518483 0.0264595 0.0168450
24 0.3847224 0.3518483 0.0264595 0.0168450
4 0.4520740 0.3518483 0.0264595 0.0168450
15 0.5194255 0.3518483 0.0264595 0.0168450
11 0.1826679 0.4124905 0.0264595 0.0168450
34 0.3841211 0.4119290 0.0637434 0.0606422
10 0.3847224 0.4124905 0.0264595 0.0168450
25 0.4520740 0.4124905 0.0264595 0.0168450
30 0.5194255 0.4124905 0.0264595 0.0168450
10 0.2500194 0.4731327 0.0264595 0.0168450
26 0.3161683 0.4731327 0.0264595 0.0168450
20 0.4520740 0.4731327 0.0264595 0.0168450
5 0.1826679 0.5337748 0.0264595 0.0168450
3 0.1153164 0.5944170 0.0264595 0.0168450
19 0.1826679 0.5944170 0.0264595 0.0168450
13 0.2500194 0.5944170 0.0264595 0.0168450
12 0.4520740 0.5944170 0.0264595 0.0168450
22 0.1153164 0.6550591 0.0264595 0.0168451
21 0.1826679 0.6550591 0.0264595 0.0168451
9 0.2500194 0.6550591 0.0264595 0.0168451
27 0.3161683 0.6550591 0.0264595 0.0168451
29 0.5194255 0.6550591 0.0264595 0.0168451
12 0.1826679 0.4731327 0.0264595 0.0168450
22 0.1826679 0.3518483 0.0264595 0.0168450
19 0.1153164 0.4124905 0.0264595 0.0168450
17 0.5194255 0.5944170 0.0264595 0.0168450
31 0.5194255 0.4731327 0.0264595 0.0168450
31 0.3161683 0.5337748 0.0264595 0.0168450
30 0.3847224 0.6550591 0.0264595 0.0168451
15 0.3161683 0.4124905 0.0264595 0.0168450
11 0.2500194 0.4124905 0.0264595 0.0168450
18 0.1153164 0.4731327 0.0264595 0.0168450
31 0.3161683 0.5944170 0.0264595 0.0168450
30 0.4520740 0.5337748 0.0264595 0.0168450
19 0.1153164 0.5337748 0.0264595 0.0168450
2 0.2500194 0.5337748 0.0264595 0.0168450
30 0.3161683 0.3518483 0.0264595 0.0168450
15 0.5194255 0.5337748 0.0264595 0.0168450
1 0.3847224 0.5944170 0.0264595 0.0168450
30 0.4520740 0.6550591 0.0264595 0.0168451
