22 0.4527881 0.2965292 0.0268947 0.0163583
22 0.5200249 0.2376394 0.0268947 0.0163583
32 0.5230811 0.3603266 0.4951073 0.4187724
33 0.5218586 0.1792948 0.4486528 0.0152677
15 0.3843288 0.2376394 0.0268947 0.0163583
14 0.4527881 0.2376394 0.0268947 0.0163583
5 0.7266252 0.2376394 0.0268948 0.0163583
25 0.3158695 0.2965292 0.0268947 0.0163583
2 0.3843288 0.2965292 0.0268947 0.0163583
27 0.5200249 0.2965292 0.0268947 0.0163583
30 0.5897066 0.2965292 0.0268947 0.0163583
31 0.6581659 0.2965292 0.0268948 0.0163583
19 0.3843288 0.3554191 0.0268947 0.0163583
13 0.5200249 0.3554191 0.0268947 0.0163583
10 0.3843288 0.4143090 0.0268947 0.0163583
34 0.4527881 0.4137637 0.0635693 0.0588899
12 0.4527881 0.4143090 0.0268947 0.0163583
26 0.5200249 0.4143090 0.0268947 0.0163583
6 0.5897066 0.4143090 0.0268947 0.0163583
20 0.3158695 0.4731988 0.0268947 0.0163583
23 0.3843288 0.4731988 0.0268947 0.0163583
4 0.4527881 0.4731988 0.0268947 0.0163583
1 0.7266252 0.4731988 0.0268948 0.0163583
18 0.3158695 0.5320887 0.0268947 0.0163583
22 0.3843288 0.5320887 0.0268947 0.0163583
21 0.4527881 0.5320887 0.0268947 0.0163583
9 0.6581659 0.5320887 0.0268948 0.0163583
30 0.6581659 0.3554191 0.0268948 0.0163583
16 0.7266252 0.4143090 0.0268948 0.0163583
3 0.4527881 0.3554191 0.0268947 0.0163583
21 0.7266252 0.2965292 0.0268948 0.0163583
15 0.6581659 0.2376394 0.0268948 0.0163583
15 0.3158695 0.3554191 0.0268947 0.0163583
10 0.5200249 0.5320887 0.0268947 0.0163583
11 0.7266252 0.3554191 0.0268948 0.0163583
28 0.5200249 0.4731988 0.0268947 0.0163583
22 0.5897066 0.2376394 0.0268947 0.0163583
18 0.6581659 0.4731988 0.0268948 0.0163583
21 0.5897066 0.4731988 0.0268947 0.0163583
18 0.6581659 0.4143090 0.0268948 0.0163583
14 0.5897066 0.3554191 0.0268947 0.0163583
31 0.3158695 0.4143090 0.0268947 0.0163583
3 0.3158695 0.2376394 0.0268947 0.0163583
21 0.5897066 0.5320887 0.0268947 0.0163583
2 0.7266252 0.5320887 0.0268948 0.0163583
