19 0.5820044 0.3989222 0.0271950 0.0163362
29 0.4423209 0.4577324 0.0271950 0.0163361
32 0.4454112 0.4038230 0.5006355 0.4182061
33 0.4441751 0.2230360 0.4536623 0.0152471
3 0.3743333 0.2813017 0.0271950 0.0163362
20 0.4423209 0.2813017 0.0271950 0.0163362
30 0.6512280 0.2813017 0.0271951 0.0163362
1 0.2358860 0.3401120 0.0271950 0.0163362
4 0.3051097 0.3401120 0.0271950 0.0163362
31 0.3743333 0.3401120 0.0271950 0.0163362
12 0.4423209 0.3401120 0.0271950 0.0163362
17 0.5127807 0.3401120 0.0271951 0.0163362
2 0.5820044 0.3401120 0.0271950 0.0163362
29 0.2358860 0.3989222 0.0271950 0.0163362
11 0.3743333 0.3989222 0.0271950 0.0163362
34 0.4423209 0.3983776 0.0642791 0.0588102
24 0.4423209 0.3989222 0.0271950 0.0163362
10 0.5127807 0.4577324 0.0271951 0.0163361
23 0.2358860 0.5165426 0.0271950 0.0163361
14 0.4423209 0.5165426 0.0271950 0.0163361
24 0.5127807 0.5165426 0.0271951 0.0163361
7 0.5820044 0.5165426 0.0271950 0.0163361
8 0.6512280 0.5165426 0.0271951 0.0163361
16 0.3051097 0.5753529 0.0271950 0.0163361
26 0.3743333 0.5753529 0.0271950 0.0163361
21 0.5820044 0.5753529 0.0271950 0.0163361
30 0.2358860 0.4577324 0.0271950 0.0163361
16 0.3051097 0.2813017 0.0271950 0.0163362
10 0.3051097 0.4577324 0.0271950 0.0163361
8 0.2358860 0.5753529 0.0271950 0.0163361
14 0.5127807 0.5753529 0.0271951 0.0163361
26 0.6512280 0.4577324 0.0271951 0.0163361
24 0.6512280 0.5753529 0.0271951 0.0163361
27 0.5127807 0.2813017 0.0271951 0.0163362
1 0.5820044 0.2813017 0.0271950 0.0163362
20 0.3743333 0.5165426 0.0271950 0.0163361
27 0.2358860 0.2813017 0.0271950 0.0163362
20 0.5127807 0.3989222 0.0271951 0.0163362
14 0.3051097 0.3989222 0.0271950 0.0163362
21 0.6512280 0.3989222 0.0271951 0.0163362
2 0.5820044 0.4577324 0.0271950 0.0163361
10 0.3743333 0.4577324 0.0271950 0.0163361
29 0.4423209 0.5753529 0.0271950 0.0163361
2 0.3051097 0.5165426 0.0271950 0.0163361
6 0.6512280 0.3401120 0.0271951 0.0163362
