29 0.3200658 0.2494555 0.0279165 0.0172760
3 0.6043071 0.3116493 0.0279165 0.0172760
32 0.4640899 0.3790258 0.5139183 0.4422666
33 0.4628209 0.1878376 0.4656988 0.0161243
8 0.2490055 0.2494555 0.0279165 0.0172760
30 0.6753674 0.2494555 0.0279166 0.0172760
19 0.3911262 0.3116493 0.0279166 0.0172760
29 0.4609175 0.3116493 0.0279165 0.0172760
7 0.5332468 0.3116493 0.0279166 0.0172760
16 0.6753674 0.3116493 0.0279166 0.0172760
23 0.2490055 0.3738430 0.0279165 0.0172760
9 0.3200658 0.3738430 0.0279165 0.0172760
34 0.3911262 0.3732671 0.0659846 0.0621937
19 0.3911262 0.3738430 0.0279166 0.0172760
24 0.6043071 0.3738430 0.0279165 0.0172760
1 0.2490055 0.4360368 0.0279165 0.0172761
17 0.5332468 0.4360368 0.0279166 0.0172761
22 0.6043071 0.4360368 0.0279165 0.0172761
31 0.6753674 0.4360368 0.0279166 0.0172761
5 0.2490055 0.4982305 0.0279165 0.0172761
11 0.3200658 0.4982305 0.0279165 0.0172761
25 0.3911262 0.4982305 0.0279166 0.0172761
3 0.4609175 0.4982305 0.0279165 0.0172761
2 0.6043071 0.4982305 0.0279165 0.0172761
4 0.3911262 0.5604243 0.0279166 0.0172761
18 0.4609175 0.5604243 0.0279165 0.0172761
21 0.4609175 0.4360368 0.0279165 0.0172761
27 0.3200658 0.3116493 0.0279165 0.0172760
27 0.2490055 0.3116493 0.0279165 0.0172760
12 0.6753674 0.4982305 0.0279166 0.0172761
18 0.3200658 0.5604243 0.0279165 0.0172761
30 0.4609175 0.2494555 0.0279165 0.0172760
17 0.6753674 0.3738430 0.0279166 0.0172760
30 0.6043071 0.2494555 0.0279165 0.0172760
7 0.5332468 0.4982305 0.0279166 0.0172761
11 0.5332468 0.5604243 0.0279166 0.0172761
25 0.6753674 0.5604243 0.0279166 0.0172761
11 0.2490055 0.5604243 0.0279165 0.0172761
6 0.5332468 0.2494555 0.0279166 0.0172760
29 0.5332468 0.3738430 0.0279166 0.0172760
9 0.3911262 0.2494555 0.0279166 0.0172760
20 0.3911262 0.4360368 0.0279166 0.0172761
11 0.3200658 0.4360368 0.0279165 0.0172761
18 0.6043071 0.5604243 0.0279165 0.0172761
29 0.4609175 0.3738430 0.0279165 0.0172760
