31 0.3322675 0.4331757 0.0262746 0.0168915
11 0.3322675 0.5547948 0.0262746 0.0168915
32 0.2671782 0.5598623 0.4836914 0.4324236
33 0.2659838 0.3729291 0.4383080 0.0157654
16 0.2641924 0.4331757 0.0262746 0.0168915
10 0.3991483 0.4331757 0.0262746 0.0168915
6 0.4660291 0.4331757 0.0262746 0.0168915
12 0.3322675 0.4939853 0.0262746 0.0168915
14 0.3991483 0.4939853 0.0262746 0.0168915
3 0.0647443 0.5547948 0.0262746 0.0168915
30 0.1316251 0.5547948 0.0262746 0.0168915
18 0.1985059 0.5547948 0.0262746 0.0168915
27 0.2641924 0.5547948 0.0262746 0.0168915
22 0.4660291 0.5547948 0.0262746 0.0168915
19 0.0647443 0.6156044 0.0262746 0.0168915
2 0.1316251 0.6156044 0.0262746 0.0168915
8 0.3991483 0.6156044 0.0262746 0.0168915
34 0.1310280 0.6758509 0.0609093 0.0608096
28 0.1316251 0.6764139 0.0262746 0.0168915
25 0.1985059 0.6764139 0.0262746 0.0168915
29 0.2641924 0.6764139 0.0262746 0.0168915
20 0.0647443 0.7372235 0.0262746 0.0168915
31 0.2641924 0.7372235 0.0262746 0.0168915
13 0.3322675 0.7372235 0.0262746 0.0168915
1 0.3991483 0.7372235 0.0262746 0.0168915
11 0.4660291 0.7372235 0.0262746 0.0168915
29 0.3322675 0.6156044 0.0262746 0.0168915
24 0.4660291 0.4939853 0.0262746 0.0168915
15 0.1985059 0.4331757 0.0262746 0.0168915
8 0.0647443 0.6764139 0.0262746 0.0168915
4 0.1985059 0.6156044 0.0262746 0.0168915
13 0.3991483 0.5547948 0.0262746 0.0168915
9 0.0647443 0.4939853 0.0262746 0.0168915
26 0.4660291 0.6156044 0.0262746 0.0168915
14 0.0647443 0.4331757 0.0262746 0.0168915
22 0.2641924 0.4939853 0.0262746 0.0168915
8 0.2641924 0.6156044 0.0262746 0.0168915
20 0.1985059 0.7372235 0.0262746 0.0168915
9 0.3322675 0.6764139 0.0262746 0.0168915
2 0.3991483 0.6764139 0.0262746 0.0168915
6 0.1316251 0.7372235 0.0262746 0.0168915
19 0.1316251 0.4331757 0.0262746 0.0168915
17 0.4660291 0.6764139 0.0262746 0.0168915
27 0.1985059 0.4939853 0.0262746 0.0168915
30 0.1316251 0.4939853 0.0262746 0.0168915
