18 0.4315385 0.4559027 0.0262204 0.0162208
8 0.2313105 0.2807181 0.0262203 0.0162208
32 0.2998409 0.4023741 0.4826925 0.4152525
33 0.2986490 0.2228639 0.4374028 0.0151394
5 0.0978251 0.2807181 0.0262203 0.0162208
20 0.2968613 0.2807181 0.0262203 0.0162208
9 0.3647958 0.2807181 0.0262203 0.0162208
11 0.2968613 0.3391130 0.0262203 0.0162208
21 0.3647958 0.3391130 0.0262203 0.0162208
3 0.4982811 0.3391130 0.0262203 0.0162208
12 0.2313105 0.3975078 0.0262203 0.0162208
7 0.2968613 0.3975078 0.0262203 0.0162208
24 0.4315385 0.3975078 0.0262204 0.0162208
17 0.4982811 0.3975078 0.0262203 0.0162208
13 0.0978251 0.4559027 0.0262203 0.0162208
15 0.2313105 0.4559027 0.0262203 0.0162208
31 0.2968613 0.4559027 0.0262203 0.0162208
1 0.0978251 0.5142976 0.0262203 0.0162208
22 0.2968613 0.5142976 0.0262203 0.0162208
4 0.4315385 0.5142976 0.0262204 0.0162208
8 0.0978251 0.5726925 0.0262203 0.0162208
6 0.1645678 0.5726925 0.0262203 0.0162208
10 0.2968613 0.5726925 0.0262203 0.0162208
34 0.3641999 0.5721518 0.0631672 0.0583948
20 0.3647958 0.5726925 0.0262203 0.0162208
26 0.4315385 0.5726925 0.0262204 0.0162208
25 0.1645678 0.3975078 0.0262203 0.0162208
5 0.3647958 0.3975078 0.0262203 0.0162208
16 0.1645678 0.2807181 0.0262203 0.0162208
2 0.2313105 0.3391130 0.0262203 0.0162208
9 0.0978251 0.3975078 0.0262203 0.0162208
28 0.1645678 0.4559027 0.0262203 0.0162208
1 0.4982811 0.5726925 0.0262203 0.0162208
28 0.4982811 0.5142976 0.0262203 0.0162208
29 0.0978251 0.3391130 0.0262203 0.0162208
18 0.4982811 0.4559027 0.0262203 0.0162208
24 0.2313105 0.5142976 0.0262203 0.0162208
10 0.4315385 0.2807181 0.0262204 0.0162208
5 0.1645678 0.3391130 0.0262203 0.0162208
26 0.2313105 0.5726925 0.0262203 0.0162208
9 0.1645678 0.5142976 0.0262203 0.0162208
10 0.4982811 0.2807181 0.0262203 0.0162208
9 0.4315385 0.3391130 0.0262204 0.0162208
1 0.3647958 0.5142976 0.0262203 0.0162208
9 0.3647958 0.4559027 0.0262203 0.0162208
