11 0.5651904 0.6960645 0.0287791 0.0171798
26 0.4906264 0.6342169 0.0287791 0.0171799
32 0.4938967 0.5156757 0.5297976 0.4398049
33 0.4925885 0.3255517 0.4800881 0.0160345
18 0.4186785 0.3868266 0.0287791 0.0171799
2 0.4906264 0.3868266 0.0287791 0.0171799
14 0.5651904 0.3868266 0.0287791 0.0171799
34 0.6377923 0.3862539 0.0667152 0.0618476
3 0.6384464 0.3868266 0.0287792 0.0171799
12 0.2721666 0.4486742 0.0287791 0.0171799
23 0.3454226 0.4486742 0.0287791 0.0171799
6 0.5651904 0.4486742 0.0287791 0.0171799
1 0.7117023 0.4486742 0.0287791 0.0171799
10 0.2721666 0.5105217 0.0287791 0.0171799
30 0.5651904 0.5105217 0.0287791 0.0171799
24 0.6384464 0.5105217 0.0287792 0.0171799
7 0.7117023 0.5105217 0.0287791 0.0171799
5 0.5651904 0.5723692 0.0287791 0.0171798
27 0.6384464 0.5723692 0.0287792 0.0171798
8 0.2721666 0.6342169 0.0287791 0.0171799
17 0.5651904 0.6342169 0.0287791 0.0171799
19 0.6384464 0.6342169 0.0287792 0.0171799
13 0.2721666 0.6960645 0.0287791 0.0171798
15 0.3454226 0.6960645 0.0287791 0.0171798
9 0.4906264 0.6960645 0.0287791 0.0171798
4 0.7117023 0.6960645 0.0287791 0.0171798
10 0.4186785 0.6342169 0.0287791 0.0171799
15 0.3454226 0.5105217 0.0287791 0.0171799
10 0.4186785 0.4486742 0.0287791 0.0171799
18 0.6384464 0.6960645 0.0287792 0.0171798
6 0.4186785 0.5723692 0.0287791 0.0171798
19 0.4906264 0.4486742 0.0287791 0.0171799
21 0.3454226 0.6342169 0.0287791 0.0171799
1 0.2721666 0.3868266 0.0287791 0.0171799
10 0.4906264 0.5105217 0.0287791 0.0171799
13 0.4186785 0.5105217 0.0287791 0.0171799
2 0.7117023 0.3868266 0.0287791 0.0171799
28 0.3454226 0.5723692 0.0287791 0.0171798
12 0.4906264 0.5723692 0.0287791 0.0171798
8 0.3454226 0.3868266 0.0287791 0.0171799
11 0.4186785 0.6960645 0.0287791 0.0171798
17 0.6384464 0.4486742 0.0287792 0.0171799
4 0.2721666 0.5723692 0.0287791 0.0171798
27 0.7117023 0.6342169 0.0287791 0.0171799
13 0.7117023 0.5723692 0.0287791 0.0171798
