19 0.3643839 0.3747672 0.0285947 0.0172382
1 0.5827432 0.3747672 0.0285947 0.0172382
32 0.4391199 0.3799386 0.5264021 0.4412969
33 0.4378202 0.1891697 0.4770113 0.0160889
27 0.2188109 0.2506524 0.0285947 0.0172382
4 0.2915974 0.2506524 0.0285947 0.0172382
31 0.4358705 0.2506524 0.0285947 0.0172382
34 0.5093069 0.2500778 0.0688872 0.0620574
31 0.5099567 0.2506524 0.0285947 0.0172382
8 0.5827432 0.2506524 0.0285947 0.0172382
10 0.6555296 0.2506524 0.0285947 0.0172382
30 0.2188109 0.3127098 0.0285947 0.0172382
13 0.2915974 0.3127098 0.0285947 0.0172382
9 0.3643839 0.3127098 0.0285947 0.0172382
24 0.6555296 0.3127098 0.0285947 0.0172382
11 0.2188109 0.3747672 0.0285947 0.0172382
23 0.2915974 0.3747672 0.0285947 0.0172382
18 0.4358705 0.3747672 0.0285947 0.0172382
26 0.2188109 0.4368246 0.0285947 0.0172382
14 0.4358705 0.4368246 0.0285947 0.0172382
21 0.2188109 0.4988819 0.0285947 0.0172382
17 0.2915974 0.4988819 0.0285947 0.0172382
2 0.3643839 0.4988819 0.0285947 0.0172382
5 0.6555296 0.4988819 0.0285947 0.0172382
16 0.2188109 0.5609394 0.0285947 0.0172382
22 0.6555296 0.5609394 0.0285947 0.0172382
29 0.6555296 0.3747672 0.0285947 0.0172382
17 0.5827432 0.5609394 0.0285947 0.0172382
15 0.2915974 0.4368246 0.0285947 0.0172382
22 0.5099567 0.3127098 0.0285947 0.0172382
14 0.4358705 0.4988819 0.0285947 0.0172382
16 0.4358705 0.3127098 0.0285947 0.0172382
7 0.5099567 0.4368246 0.0285947 0.0172382
26 0.5099567 0.5609394 0.0285947 0.0172382
29 0.4358705 0.5609394 0.0285947 0.0172382
21 0.3643839 0.2506524 0.0285947 0.0172382
5 0.6555296 0.4368246 0.0285947 0.0172382
22 0.5827432 0.4368246 0.0285947 0.0172382
13 0.5099567 0.4988819 0.0285947 0.0172382
27 0.2915974 0.5609394 0.0285947 0.0172382
17 0.5099567 0.3747672 0.0285947 0.0172382
27 0.5827432 0.4988819 0.0285947 0.0172382
29 0.3643839 0.5609394 0.0285947 0.0172382
10 0.5827432 0.3127098 0.0285947 0.0172382
9 0.3643839 0.4368246 0.0285947 0.0172382
