18 0.1714254 0.4145845 0.0273523 0.0159105
3 0.5195460 0.3573067 0.0273523 0.0159105
32 0.3125386 0.4193576 0.5035315 0.4073087
33 0.3112953 0.2432815 0.4562865 0.0148498
16 0.1018013 0.3000289 0.0273523 0.0159105
26 0.2410495 0.3000289 0.0273523 0.0159105
25 0.3094304 0.3000289 0.0273523 0.0159105
23 0.5195460 0.3000289 0.0273523 0.0159105
11 0.1018013 0.3573067 0.0273523 0.0159105
2 0.3094304 0.3573067 0.0273523 0.0159105
27 0.3802977 0.3573067 0.0273523 0.0159105
13 0.4499219 0.3573067 0.0273523 0.0159105
19 0.1018013 0.4145845 0.0273523 0.0159105
30 0.3094304 0.4145845 0.0273523 0.0159105
5 0.3802977 0.4145845 0.0273523 0.0159105
34 0.1708038 0.4713320 0.0634077 0.0572778
22 0.1714254 0.4718623 0.0273523 0.0159105
21 0.3802977 0.4718623 0.0273523 0.0159105
6 0.2410495 0.5291401 0.0273523 0.0159105
29 0.3802977 0.5291401 0.0273523 0.0159105
12 0.1714254 0.5864178 0.0273523 0.0159105
9 0.2410495 0.5864178 0.0273523 0.0159105
24 0.3094304 0.5864178 0.0273523 0.0159105
3 0.3802977 0.5864178 0.0273523 0.0159105
14 0.4499219 0.5864178 0.0273523 0.0159105
15 0.5195460 0.5864178 0.0273523 0.0159105
10 0.3802977 0.3000289 0.0273523 0.0159105
28 0.2410495 0.4718623 0.0273523 0.0159105
24 0.3094304 0.4718623 0.0273523 0.0159105
15 0.1714254 0.5291401 0.0273523 0.0159105
4 0.4499219 0.4718623 0.0273523 0.0159105
2 0.1018013 0.5864178 0.0273523 0.0159105
28 0.1018013 0.4718623 0.0273523 0.0159105
3 0.1714254 0.3573067 0.0273523 0.0159105
28 0.5195460 0.4145845 0.0273523 0.0159105
30 0.5195460 0.4718623 0.0273523 0.0159105
9 0.1018013 0.5291401 0.0273523 0.0159105
19 0.4499219 0.5291401 0.0273523 0.0159105
13 0.1714254 0.3000289 0.0273523 0.0159105
13 0.2410495 0.4145845 0.0273523 0.0159105
29 0.4499219 0.4145845 0.0273523 0.0159105
5 0.3094304 0.5291401 0.0273523 0.0159105
31 0.2410495 0.3573067 0.0273523 0.0159105
2 0.4499219 0.3000289 0.0273523 0.0159105
26 0.5195460 0.5291401 0.0273523 0.0159105
