18 0.6545379 0.4748794 0.0269115 0.0163661
7 0.5860359 0.4159616 0.0269115 0.0163661
32 0.5193689 0.5387071 0.4954157 0.4189716
33 0.5181456 0.3575892 0.4489322 0.0152750
19 0.3120282 0.4159616 0.0269115 0.0163661
3 0.4490321 0.4159616 0.0269115 0.0163661
20 0.6545379 0.4159616 0.0269115 0.0163661
9 0.3120282 0.4748794 0.0269115 0.0163661
34 0.3799185 0.4743339 0.0623857 0.0589179
28 0.3805301 0.4748794 0.0269115 0.0163661
10 0.4490321 0.4748794 0.0269115 0.0163661
5 0.5163107 0.4748794 0.0269115 0.0163661
30 0.5860359 0.4748794 0.0269115 0.0163661
6 0.7230398 0.4748794 0.0269115 0.0163661
16 0.5860359 0.5337973 0.0269115 0.0163661
31 0.6545379 0.5337973 0.0269115 0.0163661
23 0.7230398 0.5337973 0.0269115 0.0163661
26 0.3120282 0.5927152 0.0269115 0.0163661
15 0.6545379 0.5927152 0.0269115 0.0163661
14 0.7230398 0.5927152 0.0269115 0.0163661
29 0.4490321 0.6516331 0.0269115 0.0163661
1 0.6545379 0.6516331 0.0269115 0.0163661
8 0.4490321 0.7105509 0.0269115 0.0163661
13 0.5860359 0.7105509 0.0269115 0.0163661
22 0.6545379 0.7105509 0.0269115 0.0163661
11 0.7230398 0.7105509 0.0269115 0.0163661
7 0.3805301 0.5927152 0.0269115 0.0163661
16 0.5860359 0.6516331 0.0269115 0.0163661
6 0.3805301 0.5337973 0.0269115 0.0163661
19 0.3120282 0.7105509 0.0269115 0.0163661
1 0.3120282 0.5337973 0.0269115 0.0163661
13 0.3805301 0.7105509 0.0269115 0.0163661
4 0.4490321 0.5337973 0.0269115 0.0163661
21 0.7230398 0.4159616 0.0269115 0.0163661
24 0.4490321 0.5927152 0.0269115 0.0163661
31 0.5163107 0.6516331 0.0269115 0.0163661
2 0.3805301 0.6516331 0.0269115 0.0163661
1 0.5163107 0.5337973 0.0269115 0.0163661
19 0.7230398 0.6516331 0.0269115 0.0163661
15 0.5163107 0.5927152 0.0269115 0.0163661
18 0.5163107 0.7105509 0.0269115 0.0163661
13 0.5860359 0.5927152 0.0269115 0.0163661
12 0.3805301 0.4159616 0.0269115 0.0163661
30 0.3120282 0.6516331 0.0269115 0.0163661
24 0.5163107 0.4159616 0.0269115 0.0163661
