28 0.6622191 0.4880164 0.0272871 0.0164098
11 0.5220630 0.5470915 0.0272871 0.0164097
32 0.5251638 0.4929393 0.5023294 0.4200898
33 0.5239235 0.3113380 0.4551973 0.0153158
8 0.3149297 0.3698661 0.0272870 0.0164098
14 0.4538454 0.3698661 0.0272870 0.0164098
22 0.6622191 0.3698661 0.0272871 0.0164098
3 0.3843876 0.4289412 0.0272870 0.0164097
34 0.4538454 0.4283943 0.0644966 0.0590751
1 0.4538454 0.4289412 0.0272870 0.0164097
21 0.5220630 0.4289412 0.0272871 0.0164097
1 0.7316771 0.4289412 0.0272871 0.0164097
4 0.3843876 0.4880164 0.0272870 0.0164098
7 0.5220630 0.4880164 0.0272871 0.0164098
27 0.5927612 0.5470915 0.0272870 0.0164097
13 0.6622191 0.5470915 0.0272871 0.0164097
5 0.7316771 0.5470915 0.0272871 0.0164097
10 0.4538454 0.6061666 0.0272870 0.0164097
15 0.5220630 0.6061666 0.0272871 0.0164097
16 0.5927612 0.6061666 0.0272870 0.0164097
31 0.6622191 0.6061666 0.0272871 0.0164097
18 0.7316771 0.6061666 0.0272871 0.0164097
26 0.3843876 0.6652418 0.0272870 0.0164098
9 0.4538454 0.6652418 0.0272870 0.0164098
25 0.5220630 0.6652418 0.0272871 0.0164098
17 0.5927612 0.6652418 0.0272870 0.0164098
21 0.6622191 0.4289412 0.0272871 0.0164097
1 0.7316771 0.4880164 0.0272871 0.0164098
8 0.3149297 0.6652418 0.0272870 0.0164098
24 0.3843876 0.5470915 0.0272870 0.0164097
1 0.3149297 0.5470915 0.0272870 0.0164097
31 0.3843876 0.3698661 0.0272870 0.0164098
21 0.5927612 0.4880164 0.0272870 0.0164098
6 0.4538454 0.5470915 0.0272870 0.0164097
8 0.3149297 0.4880164 0.0272870 0.0164098
6 0.3843876 0.6061666 0.0272870 0.0164097
27 0.4538454 0.4880164 0.0272870 0.0164098
22 0.7316771 0.3698661 0.0272871 0.0164098
6 0.3149297 0.4289412 0.0272870 0.0164097
31 0.5220630 0.3698661 0.0272871 0.0164098
13 0.5927612 0.4289412 0.0272870 0.0164097
15 0.7316771 0.6652418 0.0272871 0.0164098
24 0.6622191 0.6652418 0.0272871 0.0164098
15 0.5927612 0.3698661 0.0272870 0.0164098
30 0.3149297 0.6061666 0.0272870 0.0164097
