8 0.3102925 0.2857446 0.0275523 0.0171729
8 0.4505589 0.2857446 0.0275523 0.0171729
32 0.3823042 0.4145412 0.5072129 0.4396255
33 0.3810519 0.2244947 0.4596225 0.0160280
13 0.3791733 0.2857446 0.0275523 0.0171729
14 0.5206920 0.2857446 0.0275523 0.0171729
2 0.5908251 0.2857446 0.0275523 0.0171729
23 0.3102925 0.3475670 0.0275523 0.0171729
4 0.3791733 0.3475670 0.0275523 0.0171729
9 0.2401594 0.4093893 0.0275523 0.0171729
26 0.3791733 0.4093893 0.0275523 0.0171729
8 0.4505589 0.4093893 0.0275523 0.0171729
6 0.1700263 0.4712116 0.0275523 0.0171729
10 0.3791733 0.4712116 0.0275523 0.0171729
34 0.4499326 0.4706392 0.0663760 0.0618223
28 0.4505589 0.4712116 0.0275523 0.0171729
18 0.5206920 0.4712116 0.0275523 0.0171729
3 0.5908251 0.4712116 0.0275523 0.0171729
15 0.3791733 0.5330340 0.0275523 0.0171729
16 0.4505589 0.5330340 0.0275523 0.0171729
24 0.5908251 0.5330340 0.0275523 0.0171729
17 0.2401594 0.5948563 0.0275523 0.0171729
31 0.3102925 0.5948563 0.0275523 0.0171729
29 0.4505589 0.5948563 0.0275523 0.0171729
22 0.5206920 0.5948563 0.0275523 0.0171729
11 0.5908251 0.5948563 0.0275523 0.0171729
6 0.2401594 0.4712116 0.0275523 0.0171729
30 0.5206920 0.4093893 0.0275523 0.0171729
9 0.1700263 0.5330340 0.0275523 0.0171729
5 0.5908251 0.4093893 0.0275523 0.0171729
20 0.1700263 0.2857446 0.0275523 0.0171729
21 0.5206920 0.5330340 0.0275523 0.0171729
24 0.2401594 0.3475670 0.0275523 0.0171729
4 0.3102925 0.4712116 0.0275523 0.0171729
3 0.2401594 0.5330340 0.0275523 0.0171729
17 0.3102925 0.4093893 0.0275523 0.0171729
11 0.5908251 0.3475670 0.0275523 0.0171729
5 0.3791733 0.5948563 0.0275523 0.0171729
31 0.1700263 0.3475670 0.0275523 0.0171729
22 0.1700263 0.5948563 0.0275523 0.0171729
28 0.1700263 0.4093893 0.0275523 0.0171729
17 0.4505589 0.3475670 0.0275523 0.0171729
11 0.5206920 0.3475670 0.0275523 0.0171729
12 0.3102925 0.5330340 0.0275523 0.0171729
20 0.2401594 0.2857446 0.0275523 0.0171729
