28 0.3916409 0.4946034 0.0280825 0.0160836
7 0.4631238 0.3788019 0.0280825 0.0160835
32 0.2551635 0.4994285 0.5078271 0.4117386
33 0.2493134 0.3214373 0.4684681 0.0150113
15 0.0342266 0.3788019 0.0280826 0.0160835
13 0.1771923 0.3788019 0.0280826 0.0160835
4 0.3201580 0.3788019 0.0280826 0.0160835
5 0.0342266 0.4367027 0.0280826 0.0160835
20 0.1057094 0.4367027 0.0280826 0.0160835
2 0.1771923 0.4367027 0.0280826 0.0160835
23 0.2473987 0.4367027 0.0280825 0.0160835
17 0.4631238 0.4367027 0.0280825 0.0160835
18 0.1057094 0.4946034 0.0280826 0.0160836
7 0.1771923 0.4946034 0.0280826 0.0160836
24 0.2473987 0.4946034 0.0280825 0.0160836
3 0.3201580 0.4946034 0.0280826 0.0160836
12 0.1057094 0.5525041 0.0280826 0.0160836
10 0.1771923 0.5525041 0.0280826 0.0160836
6 0.3201580 0.5525041 0.0280826 0.0160836
31 0.3916409 0.5525041 0.0280825 0.0160836
22 0.4631238 0.5525041 0.0280825 0.0160836
19 0.3201580 0.6104049 0.0280826 0.0160836
34 0.1771923 0.6677695 0.0663769 0.0579008
24 0.1771923 0.6683057 0.0280826 0.0160835
25 0.3201580 0.6683057 0.0280826 0.0160835
16 0.4631238 0.6683057 0.0280825 0.0160835
30 0.4631238 0.6104049 0.0280825 0.0160836
9 0.0342266 0.6683057 0.0280826 0.0160835
28 0.2473987 0.6683057 0.0280825 0.0160835
24 0.1057094 0.6683057 0.0280826 0.0160835
28 0.1057094 0.3788019 0.0280826 0.0160835
24 0.4631238 0.4946034 0.0280825 0.0160836
21 0.3201580 0.4367027 0.0280826 0.0160835
15 0.1057094 0.6104049 0.0280826 0.0160836
2 0.0342266 0.4946034 0.0280826 0.0160836
1 0.2473987 0.6104049 0.0280825 0.0160836
28 0.1771923 0.6104049 0.0280826 0.0160836
15 0.3916409 0.3788019 0.0280825 0.0160835
24 0.3916409 0.6104049 0.0280825 0.0160836
30 0.0342266 0.5525041 0.0280826 0.0160836
11 0.2473987 0.3788019 0.0280825 0.0160835
21 0.2473987 0.5525041 0.0280825 0.0160836
30 0.3916409 0.6683057 0.0280825 0.0160835
20 0.3916409 0.4367027 0.0280825 0.0160835
30 0.0342266 0.6104049 0.0280826 0.0160836
