6 0.1206336 0.3159789 0.0269818 0.0167871
9 0.1893146 0.3159789 0.0269818 0.0167871
32 0.3285164 0.4418820 0.4967112 0.4297492
33 0.3272900 0.2561050 0.4501061 0.0156679
10 0.3254503 0.3159789 0.0269818 0.0167871
9 0.3953577 0.3159789 0.0269818 0.0167871
21 0.4640388 0.3159789 0.0269818 0.0167871
6 0.5327199 0.3159789 0.0269818 0.0167871
24 0.3254503 0.3764124 0.0269818 0.0167870
29 0.4640388 0.3764124 0.0269818 0.0167870
20 0.5327199 0.3764124 0.0269818 0.0167870
23 0.1206336 0.4368459 0.0269818 0.0167870
2 0.3254503 0.4368459 0.0269818 0.0167870
19 0.3953577 0.4368459 0.0269818 0.0167870
26 0.4640388 0.4368459 0.0269818 0.0167870
12 0.5327199 0.4368459 0.0269818 0.0167870
11 0.1893146 0.4972794 0.0269818 0.0167870
4 0.4640388 0.4972794 0.0269818 0.0167870
34 0.1206336 0.5571533 0.0637753 0.0604335
1 0.1206336 0.5577128 0.0269818 0.0167870
31 0.4640388 0.5577128 0.0269818 0.0167870
3 0.5327199 0.5577128 0.0269818 0.0167870
14 0.1893146 0.6181463 0.0269818 0.0167870
1 0.3254503 0.6181463 0.0269818 0.0167870
17 0.4640388 0.6181463 0.0269818 0.0167870
8 0.5327199 0.6181463 0.0269818 0.0167870
5 0.3953577 0.4972794 0.0269818 0.0167870
27 0.1206336 0.3764124 0.0269818 0.0167870
10 0.3953577 0.5577128 0.0269818 0.0167870
2 0.5327199 0.4972794 0.0269818 0.0167870
25 0.2579957 0.4972794 0.0269818 0.0167870
26 0.1893146 0.4368459 0.0269818 0.0167870
12 0.3254503 0.4972794 0.0269818 0.0167870
26 0.2579957 0.5577128 0.0269818 0.0167870
20 0.1206336 0.6181463 0.0269818 0.0167870
3 0.1893146 0.3764124 0.0269818 0.0167870
19 0.2579957 0.3159789 0.0269818 0.0167871
24 0.1206336 0.4972794 0.0269818 0.0167870
12 0.3254503 0.5577128 0.0269818 0.0167870
3 0.3953577 0.3764124 0.0269818 0.0167870
29 0.3953577 0.6181463 0.0269818 0.0167870
8 0.2579957 0.4368459 0.0269818 0.0167870
30 0.1893146 0.5577128 0.0269818 0.0167870
30 0.2579957 0.6181463 0.0269818 0.0167870
22 0.2579957 0.3764124 0.0269818 0.0167870
