24 0.0851619 0.5255776 0.0285018 0.0162937
15 0.4479118 0.3496048 0.0285018 0.0162938
32 0.3047551 0.3544929 0.5246918 0.4171206
33 0.3034596 0.1741752 0.4754615 0.0152075
26 0.0851619 0.2322896 0.0285018 0.0162938
1 0.1577118 0.2322896 0.0285018 0.0162938
12 0.2302618 0.2322896 0.0285018 0.0162938
5 0.3753618 0.2322896 0.0285018 0.0162938
2 0.0851619 0.2909473 0.0285018 0.0162938
11 0.2302618 0.2909473 0.0285018 0.0162938
34 0.3015163 0.2904041 0.0673678 0.0586576
9 0.3015163 0.2909473 0.0285018 0.0162938
17 0.3753618 0.2909473 0.0285018 0.0162938
29 0.4479118 0.2909473 0.0285018 0.0162938
30 0.0851619 0.3496048 0.0285018 0.0162938
6 0.2302618 0.3496048 0.0285018 0.0162938
15 0.0851619 0.4082624 0.0285018 0.0162938
8 0.1577118 0.4082624 0.0285018 0.0162938
25 0.4479118 0.4082624 0.0285018 0.0162938
16 0.5204617 0.4082624 0.0285018 0.0162938
19 0.3753618 0.4669200 0.0285018 0.0162937
24 0.4479118 0.4669200 0.0285018 0.0162937
3 0.5204617 0.4669200 0.0285018 0.0162937
14 0.2302618 0.5255776 0.0285018 0.0162937
20 0.3753618 0.5255776 0.0285018 0.0162937
31 0.5204617 0.5255776 0.0285018 0.0162937
27 0.3015163 0.4082624 0.0285018 0.0162938
19 0.5204617 0.2322896 0.0285018 0.0162938
8 0.4479118 0.5255776 0.0285018 0.0162937
29 0.5204617 0.2909473 0.0285018 0.0162938
5 0.2302618 0.4669200 0.0285018 0.0162937
12 0.4479118 0.2322896 0.0285018 0.0162938
2 0.3015163 0.4669200 0.0285018 0.0162937
1 0.1577118 0.5255776 0.0285018 0.0162937
6 0.1577118 0.3496048 0.0285018 0.0162938
18 0.3015163 0.5255776 0.0285018 0.0162937
14 0.5204617 0.3496048 0.0285018 0.0162938
8 0.3015163 0.3496048 0.0285018 0.0162938
12 0.3753618 0.3496048 0.0285018 0.0162938
28 0.3015163 0.2322896 0.0285018 0.0162938
17 0.1577118 0.4669200 0.0285018 0.0162937
14 0.1577118 0.2909473 0.0285018 0.0162938
21 0.3753618 0.4082624 0.0285018 0.0162938
29 0.2302618 0.4082624 0.0285018 0.0162938
1 0.0851619 0.4669200 0.0285018 0.0162937
