29 0.2257947 0.6139989 0.0284991 0.0169352
27 0.1532517 0.6749658 0.0284991 0.0169353
32 0.3728239 0.4971457 0.5246418 0.4335423
33 0.3715285 0.3097289 0.4754161 0.0158062
8 0.1532517 0.3701314 0.0284991 0.0169353
5 0.4434239 0.3701314 0.0284991 0.0169353
26 0.5885100 0.3701314 0.0284991 0.0169353
3 0.1532517 0.4310982 0.0284991 0.0169352
7 0.2983378 0.4310982 0.0284991 0.0169352
14 0.3695854 0.4310982 0.0284990 0.0169352
34 0.4427762 0.4305337 0.0686568 0.0609669
23 0.4434239 0.4310982 0.0284991 0.0169352
30 0.5159669 0.4310982 0.0284991 0.0169352
17 0.1532517 0.4920651 0.0284991 0.0169353
10 0.2257947 0.4920651 0.0284991 0.0169353
31 0.3695854 0.4920651 0.0284990 0.0169353
9 0.4434239 0.4920651 0.0284991 0.0169353
12 0.5159669 0.4920651 0.0284991 0.0169353
18 0.5159669 0.5530320 0.0284991 0.0169352
4 0.5885100 0.5530320 0.0284991 0.0169352
11 0.1532517 0.6139989 0.0284991 0.0169352
23 0.2983378 0.6139989 0.0284991 0.0169352
6 0.4434239 0.6139989 0.0284991 0.0169352
24 0.5885100 0.6139989 0.0284991 0.0169352
15 0.5159669 0.6749658 0.0284991 0.0169353
2 0.5885100 0.6749658 0.0284991 0.0169353
22 0.4434239 0.5530320 0.0284991 0.0169352
9 0.2257947 0.4310982 0.0284991 0.0169352
8 0.5159669 0.6139989 0.0284991 0.0169352
19 0.2257947 0.3701314 0.0284991 0.0169353
30 0.2983378 0.4920651 0.0284991 0.0169353
9 0.3695854 0.5530320 0.0284990 0.0169352
6 0.5159669 0.3701314 0.0284991 0.0169353
5 0.4434239 0.6749658 0.0284991 0.0169353
21 0.2983378 0.5530320 0.0284991 0.0169352
7 0.2257947 0.5530320 0.0284991 0.0169352
16 0.2983378 0.6749658 0.0284991 0.0169353
27 0.3695854 0.6749658 0.0284990 0.0169353
2 0.2257947 0.6749658 0.0284991 0.0169353
25 0.1532517 0.5530320 0.0284991 0.0169352
8 0.2983378 0.3701314 0.0284991 0.0169353
2 0.5885100 0.4920651 0.0284991 0.0169353
6 0.5885100 0.4310982 0.0284991 0.0169352
5 0.3695854 0.3701314 0.0284990 0.0169353
25 0.3695854 0.6139989 0.0284990 0.0169352
