13 0.8305396 0.6485863 0.0266781 0.0160982
1 0.7626318 0.6485863 0.0266780 0.0160982
32 0.6286351 0.5375088 0.4911189 0.4121135
33 0.6274224 0.3593555 0.4450386 0.0150250
9 0.4230927 0.4167724 0.0266781 0.0160982
27 0.4910005 0.4167724 0.0266780 0.0160982
25 0.6947240 0.4167724 0.0266781 0.0160982
22 0.4910005 0.4747259 0.0266780 0.0160982
17 0.6256035 0.4747259 0.0266780 0.0160982
18 0.7626318 0.4747259 0.0266780 0.0160982
23 0.8305396 0.4747259 0.0266781 0.0160982
14 0.4230927 0.5326793 0.0266781 0.0160982
16 0.6947240 0.5326793 0.0266781 0.0160982
15 0.7626318 0.5326793 0.0266780 0.0160982
24 0.5589083 0.5906328 0.0266781 0.0160982
19 0.6256035 0.5906328 0.0266780 0.0160982
30 0.6947240 0.5906328 0.0266781 0.0160982
8 0.8305396 0.5906328 0.0266781 0.0160982
13 0.4230927 0.6485863 0.0266781 0.0160982
5 0.4910005 0.6485863 0.0266780 0.0160982
11 0.4230927 0.7065397 0.0266781 0.0160982
31 0.4910005 0.7065397 0.0266780 0.0160982
7 0.5589083 0.7065397 0.0266781 0.0160982
34 0.6256035 0.7060031 0.0630573 0.0579535
12 0.6256035 0.7065397 0.0266780 0.0160982
26 0.8305396 0.7065397 0.0266781 0.0160982
11 0.6256035 0.4167724 0.0266780 0.0160982
20 0.4230927 0.5906328 0.0266781 0.0160982
8 0.6256035 0.5326793 0.0266780 0.0160982
27 0.6947240 0.6485863 0.0266781 0.0160982
29 0.5589083 0.4167724 0.0266781 0.0160982
2 0.8305396 0.4167724 0.0266781 0.0160982
31 0.5589083 0.5326793 0.0266781 0.0160982
5 0.4230927 0.4747259 0.0266781 0.0160982
19 0.4910005 0.5326793 0.0266780 0.0160982
20 0.7626318 0.5906328 0.0266780 0.0160982
21 0.7626318 0.4167724 0.0266780 0.0160982
24 0.7626318 0.7065397 0.0266780 0.0160982
2 0.6947240 0.7065397 0.0266781 0.0160982
19 0.8305396 0.5326793 0.0266781 0.0160982
14 0.6256035 0.6485863 0.0266780 0.0160982
28 0.5589083 0.6485863 0.0266781 0.0160982
31 0.5589083 0.4747259 0.0266781 0.0160982
31 0.6947240 0.4747259 0.0266781 0.0160982
9 0.4910005 0.5906328 0.0266780 0.0160982
