17 0.0986922 0.3304778 0.0282163 0.0165124
12 0.1705155 0.2115887 0.0282163 0.0165124
32 0.3160859 0.3354315 0.5194360 0.4227170
33 0.3148033 0.1526945 0.4706988 0.0154115
2 0.0986922 0.2115887 0.0282163 0.0165124
17 0.3128795 0.2115887 0.0282163 0.0165124
11 0.5296318 0.2115887 0.0282163 0.0165124
15 0.1705155 0.2710332 0.0282163 0.0165123
19 0.3128795 0.2710332 0.0282163 0.0165123
8 0.3859853 0.2710332 0.0282163 0.0165123
31 0.2423388 0.3304778 0.0282163 0.0165124
1 0.5296318 0.3304778 0.0282163 0.0165124
30 0.0986922 0.3899224 0.0282163 0.0165124
23 0.1705155 0.3899224 0.0282163 0.0165124
5 0.2423388 0.3899224 0.0282163 0.0165124
22 0.3128795 0.3899224 0.0282163 0.0165124
4 0.3859853 0.3899224 0.0282163 0.0165124
34 0.4571672 0.3893720 0.0654105 0.0594446
16 0.4578085 0.3899224 0.0282162 0.0165124
27 0.5296318 0.3899224 0.0282163 0.0165124
25 0.0986922 0.4493670 0.0282163 0.0165124
26 0.3128795 0.4493670 0.0282163 0.0165124
18 0.4578085 0.4493670 0.0282162 0.0165124
13 0.1705155 0.5088115 0.0282163 0.0165124
20 0.3859853 0.5088115 0.0282163 0.0165124
14 0.4578085 0.5088115 0.0282162 0.0165124
18 0.3128795 0.3304778 0.0282163 0.0165124
9 0.5296318 0.4493670 0.0282163 0.0165124
13 0.2423388 0.4493670 0.0282163 0.0165124
2 0.4578085 0.2710332 0.0282162 0.0165123
14 0.2423388 0.5088115 0.0282163 0.0165124
9 0.4578085 0.3304778 0.0282162 0.0165124
20 0.3859853 0.2115887 0.0282163 0.0165124
19 0.5296318 0.2710332 0.0282163 0.0165123
2 0.2423388 0.2115887 0.0282163 0.0165124
5 0.0986922 0.5088115 0.0282163 0.0165124
22 0.0986922 0.2710332 0.0282163 0.0165123
11 0.1705155 0.4493670 0.0282163 0.0165124
19 0.3859853 0.3304778 0.0282163 0.0165124
28 0.3128795 0.5088115 0.0282163 0.0165124
18 0.4578085 0.2115887 0.0282162 0.0165124
12 0.2423388 0.2710332 0.0282163 0.0165123
15 0.5296318 0.5088115 0.0282163 0.0165124
30 0.3859853 0.4493670 0.0282163 0.0165124
22 0.1705155 0.3304778 0.0282163 0.0165124
