1 0.5049922 0.5327891 0.0269865 0.0159161
2 0.6436045 0.6473856 0.0269865 0.0159162
32 0.5080589 0.4802658 0.4967964 0.4074542
33 0.5068322 0.3041267 0.4501834 0.0148551
31 0.3001403 0.3608944 0.0269865 0.0159162
6 0.4375260 0.3608944 0.0269865 0.0159162
14 0.5749117 0.3608944 0.0269865 0.0159162
13 0.6436045 0.3608944 0.0269865 0.0159162
23 0.3688332 0.4181926 0.0269865 0.0159162
22 0.5749117 0.4181926 0.0269865 0.0159162
24 0.6436045 0.4181926 0.0269865 0.0159162
20 0.7122974 0.4181926 0.0269865 0.0159162
19 0.4375260 0.4754909 0.0269865 0.0159161
21 0.5049922 0.4754909 0.0269865 0.0159161
8 0.4375260 0.5327891 0.0269865 0.0159161
34 0.5742984 0.5322586 0.0650129 0.0572982
27 0.5749117 0.5327891 0.0269865 0.0159161
27 0.6436045 0.5327891 0.0269865 0.0159161
3 0.3001403 0.5900873 0.0269865 0.0159162
12 0.4375260 0.5900873 0.0269865 0.0159162
17 0.6436045 0.5900873 0.0269865 0.0159162
4 0.7122974 0.5900873 0.0269865 0.0159162
10 0.3001403 0.6473856 0.0269865 0.0159162
18 0.3688332 0.6473856 0.0269865 0.0159162
16 0.5049922 0.6473856 0.0269865 0.0159162
26 0.7122974 0.6473856 0.0269865 0.0159162
2 0.4375260 0.4181926 0.0269865 0.0159162
31 0.5749117 0.4754909 0.0269865 0.0159161
14 0.3001403 0.4181926 0.0269865 0.0159162
16 0.5049922 0.3608944 0.0269865 0.0159162
2 0.3688332 0.3608944 0.0269865 0.0159162
10 0.5749117 0.6473856 0.0269865 0.0159162
11 0.5049922 0.4181926 0.0269865 0.0159162
4 0.3688332 0.4754909 0.0269865 0.0159161
10 0.4375260 0.6473856 0.0269865 0.0159162
9 0.5749117 0.5900873 0.0269865 0.0159162
19 0.3688332 0.5900873 0.0269865 0.0159162
2 0.3688332 0.5327891 0.0269865 0.0159161
21 0.7122974 0.5327891 0.0269865 0.0159161
26 0.6436045 0.4754909 0.0269865 0.0159161
15 0.3001403 0.4754909 0.0269865 0.0159161
21 0.3001403 0.5327891 0.0269865 0.0159161
22 0.7122974 0.4754909 0.0269865 0.0159161
24 0.5049922 0.5900873 0.0269865 0.0159162
10 0.7122974 0.3608944 0.0269865 0.0159162
