16 0.4692551 0.5369739 0.0267443 0.0172078
16 0.1969498 0.7228187 0.0267443 0.0172078
32 0.4030023 0.5421363 0.4923377 0.4405208
33 0.4017867 0.3517028 0.4461431 0.0160607
31 0.3331025 0.4130775 0.0267443 0.0172078
7 0.3999632 0.4130775 0.0267443 0.0172078
34 0.5367237 0.4125039 0.0619981 0.0619482
28 0.5373315 0.4130775 0.0267443 0.0172078
15 0.6054078 0.4130775 0.0267443 0.0172078
2 0.1969498 0.4750257 0.0267443 0.0172078
11 0.3331025 0.4750257 0.0267443 0.0172078
23 0.2650262 0.5369739 0.0267443 0.0172078
1 0.3331025 0.5369739 0.0267443 0.0172078
10 0.5373315 0.5369739 0.0267443 0.0172078
9 0.1969498 0.5989222 0.0267443 0.0172078
21 0.2650262 0.5989222 0.0267443 0.0172078
19 0.3999632 0.5989222 0.0267443 0.0172078
4 0.5373315 0.5989222 0.0267443 0.0172078
24 0.1969498 0.6608704 0.0267443 0.0172078
3 0.2650262 0.6608704 0.0267443 0.0172078
5 0.3331025 0.6608704 0.0267443 0.0172078
25 0.2650262 0.7228187 0.0267443 0.0172078
26 0.3999632 0.7228187 0.0267443 0.0172078
12 0.4692551 0.7228187 0.0267443 0.0172078
18 0.5373315 0.7228187 0.0267443 0.0172078
27 0.6054078 0.7228187 0.0267443 0.0172078
19 0.5373315 0.6608704 0.0267443 0.0172078
30 0.4692551 0.6608704 0.0267443 0.0172078
18 0.4692551 0.4750257 0.0267443 0.0172078
25 0.3999632 0.5369739 0.0267443 0.0172078
30 0.3999632 0.4750257 0.0267443 0.0172078
8 0.6054078 0.6608704 0.0267443 0.0172078
11 0.1969498 0.5369739 0.0267443 0.0172078
10 0.3999632 0.6608704 0.0267443 0.0172078
4 0.1969498 0.4130775 0.0267443 0.0172078
15 0.4692551 0.4130775 0.0267443 0.0172078
18 0.6054078 0.5369739 0.0267443 0.0172078
5 0.6054078 0.5989222 0.0267443 0.0172078
20 0.3331025 0.5989222 0.0267443 0.0172078
8 0.3331025 0.7228187 0.0267443 0.0172078
6 0.6054078 0.4750257 0.0267443 0.0172078
9 0.5373315 0.4750257 0.0267443 0.0172078
9 0.2650262 0.4130775 0.0267443 0.0172078
15 0.2650262 0.4750257 0.0267443 0.0172078
1 0.4692551 0.5989222 0.0267443 0.0172078
