30 0.2888916 0.2226423 0.0265044 0.0163154
3 0.2214259 0.2226423 0.0265043 0.0163154
32 0.3581643 0.3450080 0.4879210 0.4176748
33 0.3569596 0.1644506 0.4421408 0.0152277
11 0.3551524 0.2226423 0.0265044 0.0163154
30 0.2214259 0.2813778 0.0265043 0.0163154
8 0.2888916 0.2813778 0.0265044 0.0163154
16 0.3551524 0.2813778 0.0265044 0.0163154
7 0.4238228 0.2813778 0.0265043 0.0163154
19 0.4912885 0.2813778 0.0265043 0.0163154
24 0.5587540 0.2813778 0.0265044 0.0163154
9 0.2888916 0.3401134 0.0265044 0.0163154
3 0.3551524 0.3401134 0.0265044 0.0163154
1 0.5587540 0.3401134 0.0265044 0.0163154
10 0.2214259 0.3988489 0.0265043 0.0163154
31 0.2888916 0.3988489 0.0265044 0.0163154
13 0.3551524 0.3988489 0.0265044 0.0163154
29 0.1539603 0.4575844 0.0265044 0.0163154
2 0.2214259 0.4575844 0.0265043 0.0163154
5 0.3551524 0.4575844 0.0265044 0.0163154
22 0.4238228 0.4575844 0.0265043 0.0163154
23 0.5587540 0.4575844 0.0265044 0.0163154
34 0.1539603 0.5157761 0.0626466 0.0587356
2 0.1539603 0.5163199 0.0265044 0.0163154
20 0.2888916 0.5163199 0.0265044 0.0163154
17 0.3551524 0.5163199 0.0265044 0.0163154
21 0.4912885 0.3401134 0.0265043 0.0163154
27 0.4238228 0.5163199 0.0265043 0.0163154
13 0.1539603 0.2226423 0.0265044 0.0163154
30 0.5587540 0.2226423 0.0265044 0.0163154
27 0.1539603 0.3988489 0.0265044 0.0163154
14 0.4912885 0.3988489 0.0265043 0.0163154
11 0.4912885 0.5163199 0.0265043 0.0163154
17 0.4238228 0.3401134 0.0265043 0.0163154
28 0.5587540 0.3988489 0.0265044 0.0163154
12 0.1539603 0.3401134 0.0265044 0.0163154
15 0.4238228 0.3988489 0.0265043 0.0163154
5 0.4912885 0.2226423 0.0265043 0.0163154
12 0.1539603 0.2813778 0.0265044 0.0163154
26 0.2214259 0.5163199 0.0265043 0.0163154
27 0.4238228 0.2226423 0.0265043 0.0163154
12 0.4912885 0.4575844 0.0265043 0.0163154
17 0.2214259 0.3401134 0.0265043 0.0163154
5 0.2888916 0.4575844 0.0265044 0.0163154
11 0.5587540 0.5163199 0.0265044 0.0163154
