6 0.3484328 0.5402474 0.0281970 0.0173655
15 0.1331100 0.4777315 0.0281970 0.0173655
32 0.2785811 0.3579095 0.5190818 0.4445572
33 0.2772994 0.1657311 0.4703779 0.0162078
12 0.1331100 0.2276681 0.0281970 0.0173655
5 0.2048843 0.2276681 0.0281970 0.0173655
29 0.2753769 0.2276681 0.0281970 0.0173655
22 0.2753769 0.2901840 0.0281970 0.0173655
6 0.4202071 0.2901840 0.0281971 0.0173655
34 0.4919814 0.2896051 0.0666476 0.0625159
16 0.4919814 0.2901840 0.0281970 0.0173655
1 0.2048843 0.3526998 0.0281970 0.0173655
26 0.2753769 0.3526998 0.0281970 0.0173655
13 0.0613357 0.4152157 0.0281970 0.0173655
18 0.1331100 0.4152157 0.0281970 0.0173655
10 0.2753769 0.4152157 0.0281970 0.0173655
30 0.3484328 0.4152157 0.0281970 0.0173655
15 0.4202071 0.4152157 0.0281971 0.0173655
8 0.4919814 0.4152157 0.0281970 0.0173655
2 0.0613357 0.4777315 0.0281970 0.0173655
23 0.2753769 0.4777315 0.0281970 0.0173655
16 0.4202071 0.4777315 0.0281971 0.0173655
27 0.4919814 0.4777315 0.0281970 0.0173655
21 0.0613357 0.5402474 0.0281970 0.0173655
4 0.2048843 0.5402474 0.0281970 0.0173655
17 0.2753769 0.5402474 0.0281970 0.0173655
25 0.4202071 0.3526998 0.0281971 0.0173655
4 0.2048843 0.2901840 0.0281970 0.0173655
5 0.1331100 0.5402474 0.0281970 0.0173655
9 0.1331100 0.2901840 0.0281970 0.0173655
28 0.2048843 0.4152157 0.0281970 0.0173655
25 0.4919814 0.5402474 0.0281970 0.0173655
19 0.3484328 0.2276681 0.0281970 0.0173655
29 0.0613357 0.3526998 0.0281970 0.0173655
2 0.3484328 0.4777315 0.0281970 0.0173655
20 0.4202071 0.2276681 0.0281971 0.0173655
3 0.0613357 0.2901840 0.0281970 0.0173655
11 0.1331100 0.3526998 0.0281970 0.0173655
6 0.4919814 0.3526998 0.0281970 0.0173655
22 0.2048843 0.4777315 0.0281970 0.0173655
13 0.4202071 0.5402474 0.0281971 0.0173655
1 0.0613357 0.2276681 0.0281970 0.0173655
9 0.3484328 0.2901840 0.0281970 0.0173655
28 0.4919814 0.2276681 0.0281970 0.0173655
14 0.3484328 0.3526998 0.0281970 0.0173655
