1 0.8223503 0.4799765 0.0272594 0.0171907
25 0.4754116 0.5418631 0.0272594 0.0171907
32 0.6160456 0.4232471 0.5018220 0.4400825
33 0.6148066 0.2330032 0.4547375 0.0160447
18 0.4060238 0.2943167 0.0272594 0.0171907
8 0.5447993 0.2943167 0.0272594 0.0171907
6 0.6835748 0.2943167 0.0272594 0.0171907
5 0.7529625 0.2943167 0.0272594 0.0171907
34 0.5447993 0.3556303 0.0644315 0.0618866
28 0.5447993 0.3562033 0.0272594 0.0171907
17 0.6129480 0.3562033 0.0272595 0.0171907
25 0.6835748 0.3562033 0.0272594 0.0171907
24 0.7529625 0.3562033 0.0272594 0.0171907
27 0.4754116 0.4180899 0.0272594 0.0171907
16 0.6835748 0.4180899 0.0272594 0.0171907
4 0.4060238 0.4799765 0.0272594 0.0171907
14 0.5447993 0.4799765 0.0272594 0.0171907
20 0.6835748 0.4799765 0.0272594 0.0171907
19 0.4060238 0.5418631 0.0272594 0.0171907
13 0.5447993 0.5418631 0.0272594 0.0171907
10 0.6129480 0.5418631 0.0272595 0.0171907
15 0.7529625 0.5418631 0.0272594 0.0171907
23 0.4060238 0.6037497 0.0272594 0.0171907
11 0.4754116 0.6037497 0.0272594 0.0171907
22 0.6129480 0.6037497 0.0272595 0.0171907
3 0.7529625 0.6037497 0.0272594 0.0171907
31 0.8223503 0.2943167 0.0272594 0.0171907
11 0.8223503 0.6037497 0.0272594 0.0171907
14 0.4754116 0.2943167 0.0272594 0.0171907
24 0.6129480 0.2943167 0.0272595 0.0171907
20 0.6835748 0.6037497 0.0272594 0.0171907
17 0.4754116 0.4799765 0.0272594 0.0171907
5 0.4060238 0.4180899 0.0272594 0.0171907
7 0.6835748 0.5418631 0.0272594 0.0171907
3 0.7529625 0.4180899 0.0272594 0.0171907
12 0.6129480 0.4799765 0.0272595 0.0171907
5 0.4060238 0.3562033 0.0272594 0.0171907
18 0.8223503 0.4180899 0.0272594 0.0171907
3 0.8223503 0.5418631 0.0272594 0.0171907
24 0.4754116 0.3562033 0.0272594 0.0171907
16 0.5447993 0.4180899 0.0272594 0.0171907
7 0.6129480 0.4180899 0.0272595 0.0171907
21 0.8223503 0.3562033 0.0272594 0.0171907
24 0.5447993 0.6037497 0.0272594 0.0171907
6 0.7529625 0.4799765 0.0272594 0.0171907
