26 0.3080482 0.6220878 0.0281421 0.0163094
18 0.0944241 0.5633742 0.0281421 0.0163094
32 0.3112462 0.5682670 0.5180704 0.4175193
33 0.3099670 0.3877769 0.4694613 0.0152221
10 0.1660586 0.4459469 0.0281421 0.0163093
1 0.2376930 0.4459469 0.0281421 0.0163093
27 0.3080482 0.4459469 0.0281421 0.0163093
15 0.3809618 0.4459469 0.0281421 0.0163093
34 0.4519567 0.4454032 0.0652385 0.0587137
20 0.4525963 0.4459469 0.0281421 0.0163093
12 0.1660586 0.5046605 0.0281421 0.0163093
18 0.3080482 0.5046605 0.0281421 0.0163093
31 0.3809618 0.5046605 0.0281421 0.0163093
25 0.5242307 0.5046605 0.0281421 0.0163093
11 0.1660586 0.5633742 0.0281421 0.0163094
16 0.2376930 0.5633742 0.0281421 0.0163094
21 0.3080482 0.5633742 0.0281421 0.0163094
2 0.1660586 0.6220878 0.0281421 0.0163094
13 0.5242307 0.6220878 0.0281421 0.0163094
14 0.0944241 0.6808015 0.0281421 0.0163094
23 0.2376930 0.6808015 0.0281421 0.0163094
24 0.3080482 0.6808015 0.0281421 0.0163094
22 0.1660586 0.7395151 0.0281421 0.0163094
8 0.3080482 0.7395151 0.0281421 0.0163094
29 0.3809618 0.7395151 0.0281421 0.0163094
20 0.5242307 0.7395151 0.0281421 0.0163094
30 0.3809618 0.6808015 0.0281421 0.0163094
10 0.0944241 0.7395151 0.0281421 0.0163094
3 0.4525963 0.7395151 0.0281421 0.0163094
5 0.2376930 0.6220878 0.0281421 0.0163094
12 0.2376930 0.7395151 0.0281421 0.0163094
15 0.2376930 0.5046605 0.0281421 0.0163093
4 0.0944241 0.4459469 0.0281421 0.0163093
14 0.3809618 0.6220878 0.0281421 0.0163094
2 0.4525963 0.6808015 0.0281421 0.0163094
18 0.5242307 0.5633742 0.0281421 0.0163094
19 0.3809618 0.5633742 0.0281421 0.0163094
22 0.4525963 0.6220878 0.0281421 0.0163094
2 0.4525963 0.5633742 0.0281421 0.0163094
4 0.5242307 0.4459469 0.0281421 0.0163093
16 0.0944241 0.6220878 0.0281421 0.0163094
24 0.0944241 0.5046605 0.0281421 0.0163093
11 0.4525963 0.5046605 0.0281421 0.0163093
30 0.1660586 0.6808015 0.0281421 0.0163094
21 0.5242307 0.6808015 0.0281421 0.0163094
