24 0.5252588 0.4421754 0.0277050 0.0173603
17 0.4547371 0.2546845 0.0277050 0.0173603
32 0.3155828 0.3848865 0.5100228 0.4444230
33 0.3143234 0.1927661 0.4621688 0.0162029
29 0.1021288 0.2546845 0.0277049 0.0173603
26 0.1726505 0.2546845 0.0277049 0.0173603
7 0.3124345 0.2546845 0.0277049 0.0173603
2 0.5252588 0.2546845 0.0277050 0.0173603
25 0.1021288 0.3171815 0.0277049 0.0173603
4 0.1726505 0.3171815 0.0277049 0.0173603
14 0.2431721 0.3171815 0.0277049 0.0173603
9 0.3124345 0.3171815 0.0277049 0.0173603
31 0.2431721 0.3796784 0.0277049 0.0173603
17 0.3842154 0.3796784 0.0277049 0.0173603
34 0.4541074 0.3790998 0.0642251 0.0624969
8 0.4547371 0.3796784 0.0277050 0.0173603
11 0.5252588 0.3796784 0.0277050 0.0173603
19 0.1726505 0.4421754 0.0277049 0.0173603
8 0.3842154 0.4421754 0.0277049 0.0173603
5 0.4547371 0.4421754 0.0277050 0.0173603
6 0.3842154 0.5046724 0.0277049 0.0173602
15 0.1021288 0.5671694 0.0277049 0.0173603
21 0.1726505 0.5671694 0.0277049 0.0173603
3 0.3124345 0.5671694 0.0277049 0.0173603
24 0.3842154 0.5671694 0.0277049 0.0173603
16 0.5252588 0.5671694 0.0277050 0.0173603
26 0.1726505 0.3796784 0.0277049 0.0173603
13 0.3124345 0.4421754 0.0277049 0.0173603
5 0.1726505 0.5046724 0.0277049 0.0173602
19 0.1021288 0.5046724 0.0277049 0.0173602
2 0.4547371 0.5046724 0.0277050 0.0173602
15 0.2431721 0.5046724 0.0277049 0.0173602
30 0.5252588 0.3171815 0.0277050 0.0173603
28 0.2431721 0.4421754 0.0277049 0.0173603
25 0.5252588 0.5046724 0.0277050 0.0173602
30 0.3842154 0.2546845 0.0277049 0.0173603
2 0.1021288 0.4421754 0.0277049 0.0173603
12 0.3124345 0.5046724 0.0277049 0.0173602
10 0.2431721 0.5671694 0.0277049 0.0173603
5 0.3842154 0.3171815 0.0277049 0.0173603
1 0.4547371 0.5671694 0.0277050 0.0173603
31 0.4547371 0.3171815 0.0277050 0.0173603
24 0.3124345 0.3796784 0.0277049 0.0173603
3 0.2431721 0.2546845 0.0277049 0.0173603
19 0.1021288 0.3796784 0.0277049 0.0173603
