9 0.7741122 0.3168018 0.0261276 0.0163376
29 0.6399112 0.6108780 0.0261276 0.0163376
32 0.6428802 0.4393335 0.4809860 0.4182417
33 0.6416927 0.2585311 0.4358564 0.0152484
34 0.4415787 0.3162572 0.0617562 0.0588152
9 0.4415787 0.3168018 0.0261276 0.0163376
20 0.5080854 0.3168018 0.0261277 0.0163376
12 0.5745921 0.3168018 0.0261276 0.0163376
29 0.6399112 0.3168018 0.0261276 0.0163376
7 0.7076055 0.3168018 0.0261276 0.0163376
18 0.5080854 0.3756170 0.0261277 0.0163376
17 0.5745921 0.3756170 0.0261276 0.0163376
14 0.6399112 0.3756170 0.0261276 0.0163376
3 0.7076055 0.3756170 0.0261276 0.0163376
5 0.7741122 0.3756170 0.0261276 0.0163376
24 0.5745921 0.4344322 0.0261276 0.0163376
10 0.6399112 0.4344322 0.0261276 0.0163376
16 0.4415787 0.4932474 0.0261276 0.0163376
13 0.5080854 0.4932474 0.0261277 0.0163376
15 0.5745921 0.4932474 0.0261276 0.0163376
22 0.8406189 0.4932474 0.0261276 0.0163376
9 0.7741122 0.5520627 0.0261276 0.0163376
2 0.4415787 0.6108780 0.0261276 0.0163376
19 0.5080854 0.6108780 0.0261277 0.0163376
23 0.7741122 0.6108780 0.0261276 0.0163376
30 0.8406189 0.6108780 0.0261276 0.0163376
20 0.7741122 0.4932474 0.0261276 0.0163376
27 0.7076055 0.5520627 0.0261276 0.0163376
11 0.5745921 0.5520627 0.0261276 0.0163376
11 0.7076055 0.4932474 0.0261276 0.0163376
25 0.8406189 0.5520627 0.0261276 0.0163376
11 0.5745921 0.6108780 0.0261276 0.0163376
2 0.7741122 0.4344322 0.0261276 0.0163376
6 0.4415787 0.4344322 0.0261276 0.0163376
17 0.6399112 0.4932474 0.0261276 0.0163376
15 0.8406189 0.4344322 0.0261276 0.0163376
11 0.7076055 0.6108780 0.0261276 0.0163376
4 0.5080854 0.5520627 0.0261277 0.0163376
19 0.5080854 0.4344322 0.0261277 0.0163376
26 0.4415787 0.3756170 0.0261276 0.0163376
2 0.6399112 0.5520627 0.0261276 0.0163376
18 0.8406189 0.3168018 0.0261276 0.0163376
28 0.8406189 0.3756170 0.0261276 0.0163376
8 0.4415787 0.5520627 0.0261276 0.0163376
14 0.7076055 0.4344322 0.0261276 0.0163376
