27 0.4099021 0.3504780 0.0288442 0.0164591
6 0.4099021 0.4097308 0.0288442 0.0164591
32 0.6321334 0.3554158 0.5309951 0.4213529
33 0.6308223 0.1732684 0.4811733 0.0153618
26 0.4099021 0.2319725 0.0288442 0.0164591
20 0.4833236 0.2319725 0.0288442 0.0164591
12 0.5567451 0.2319725 0.0288442 0.0164591
10 0.6288556 0.2319725 0.0288442 0.0164591
5 0.7035883 0.2319725 0.0288442 0.0164591
18 0.7035883 0.2912253 0.0288442 0.0164591
13 0.7770098 0.2912253 0.0288441 0.0164591
1 0.5567451 0.3504780 0.0288442 0.0164591
8 0.6288556 0.3504780 0.0288442 0.0164591
4 0.7035883 0.3504780 0.0288442 0.0164591
25 0.8504313 0.3504780 0.0288441 0.0164591
21 0.6288556 0.4097308 0.0288442 0.0164591
11 0.7035883 0.4097308 0.0288442 0.0164591
19 0.4833236 0.4689835 0.0288442 0.0164591
34 0.7763542 0.4684349 0.0668661 0.0592527
24 0.7770098 0.4689835 0.0288441 0.0164591
24 0.8504313 0.4689835 0.0288441 0.0164591
15 0.4099021 0.5282363 0.0288442 0.0164591
27 0.5567451 0.5282363 0.0288442 0.0164591
23 0.6288556 0.5282363 0.0288442 0.0164591
6 0.7035883 0.5282363 0.0288442 0.0164591
9 0.7770098 0.5282363 0.0288441 0.0164591
21 0.7770098 0.4097308 0.0288441 0.0164591
16 0.8504313 0.4097308 0.0288441 0.0164591
12 0.4833236 0.3504780 0.0288442 0.0164591
17 0.5567451 0.2912253 0.0288442 0.0164591
25 0.7770098 0.3504780 0.0288441 0.0164591
11 0.5567451 0.4689835 0.0288442 0.0164591
18 0.5567451 0.4097308 0.0288442 0.0164591
31 0.6288556 0.2912253 0.0288442 0.0164591
24 0.7770098 0.2319725 0.0288441 0.0164591
27 0.4833236 0.2912253 0.0288442 0.0164591
29 0.6288556 0.4689835 0.0288442 0.0164591
10 0.4099021 0.2912253 0.0288442 0.0164591
5 0.4833236 0.4097308 0.0288442 0.0164591
20 0.8504313 0.2912253 0.0288441 0.0164591
22 0.8504313 0.2319725 0.0288441 0.0164591
6 0.7035883 0.4689835 0.0288442 0.0164591
5 0.4833236 0.5282363 0.0288442 0.0164591
9 0.4099021 0.4689835 0.0288442 0.0164591
18 0.8504313 0.5282363 0.0288441 0.0164591
