5 0.1597186 0.4594281 0.0281127 0.0170321
10 0.1597186 0.7046903 0.0281127 0.0170321
32 0.3763140 0.5258533 0.5175288 0.4360218
33 0.3750362 0.3373647 0.4689706 0.0158966
19 0.1597186 0.3981125 0.0281127 0.0170321
21 0.3731194 0.3981125 0.0281127 0.0170321
25 0.5175163 0.3981125 0.0281127 0.0170321
31 0.5890759 0.3981125 0.0281127 0.0170321
8 0.2312782 0.4594281 0.0281127 0.0170321
10 0.3731194 0.4594281 0.0281127 0.0170321
4 0.4459568 0.4594281 0.0281127 0.0170321
1 0.1597186 0.5207436 0.0281127 0.0170321
7 0.2312782 0.5207436 0.0281127 0.0170321
24 0.3028377 0.5207436 0.0281127 0.0170321
6 0.3731194 0.5207436 0.0281127 0.0170321
30 0.4459568 0.5207436 0.0281127 0.0170321
17 0.5175163 0.5207436 0.0281127 0.0170321
20 0.5890759 0.5207436 0.0281127 0.0170321
13 0.1597186 0.5820592 0.0281127 0.0170321
23 0.3731194 0.5820592 0.0281127 0.0170321
9 0.4459568 0.5820592 0.0281127 0.0170321
26 0.5175163 0.5820592 0.0281127 0.0170321
18 0.2312782 0.6433748 0.0281127 0.0170321
11 0.5175163 0.6433748 0.0281127 0.0170321
34 0.5890759 0.7041226 0.0664481 0.0613156
24 0.5890759 0.7046903 0.0281127 0.0170321
22 0.5890759 0.4594281 0.0281127 0.0170321
12 0.2312782 0.7046903 0.0281127 0.0170321
29 0.3028377 0.4594281 0.0281127 0.0170321
25 0.4459568 0.3981125 0.0281127 0.0170321
30 0.3028377 0.3981125 0.0281127 0.0170321
4 0.5175163 0.4594281 0.0281127 0.0170321
22 0.3731194 0.7046903 0.0281127 0.0170321
29 0.4459568 0.7046903 0.0281127 0.0170321
20 0.3028377 0.5820592 0.0281127 0.0170321
7 0.5890759 0.5820592 0.0281127 0.0170321
13 0.5175163 0.7046903 0.0281127 0.0170321
22 0.3731194 0.6433748 0.0281127 0.0170321
29 0.3028377 0.6433748 0.0281127 0.0170321
25 0.2312782 0.5820592 0.0281127 0.0170321
1 0.2312782 0.3981125 0.0281127 0.0170321
5 0.5890759 0.6433748 0.0281127 0.0170321
18 0.4459568 0.6433748 0.0281127 0.0170321
31 0.1597186 0.6433748 0.0281127 0.0170321
21 0.3028377 0.7046903 0.0281127 0.0170321
