1 0.5500225 0.3631666 0.0279679 0.0159763
5 0.2652576 0.4206813 0.0279680 0.0159763
32 0.4095470 0.4829889 0.5148651 0.4089935
33 0.4082757 0.3061844 0.4665568 0.0149112
12 0.1940664 0.3631666 0.0279680 0.0159763
30 0.4788313 0.3631666 0.0279680 0.0159763
10 0.3364488 0.4206813 0.0279679 0.0159763
34 0.4781956 0.4201488 0.0673774 0.0575147
7 0.4788313 0.4206813 0.0279680 0.0159763
20 0.5500225 0.4206813 0.0279679 0.0159763
11 0.6212137 0.4206813 0.0279680 0.0159763
14 0.2652576 0.4781960 0.0279680 0.0159763
24 0.4063688 0.4781960 0.0279680 0.0159763
22 0.4788313 0.4781960 0.0279680 0.0159763
27 0.1940664 0.5357107 0.0279680 0.0159763
23 0.2652576 0.5357107 0.0279680 0.0159763
18 0.4788313 0.5357107 0.0279680 0.0159763
16 0.6212137 0.5357107 0.0279680 0.0159763
31 0.2652576 0.5932254 0.0279680 0.0159763
17 0.4063688 0.5932254 0.0279680 0.0159763
1 0.4788313 0.5932254 0.0279680 0.0159763
21 0.5500225 0.5932254 0.0279679 0.0159763
8 0.3364488 0.6507402 0.0279679 0.0159764
25 0.4063688 0.6507402 0.0279680 0.0159764
13 0.6212137 0.6507402 0.0279680 0.0159764
9 0.5500225 0.5357107 0.0279679 0.0159763
3 0.6212137 0.5932254 0.0279680 0.0159763
2 0.3364488 0.4781960 0.0279679 0.0159763
4 0.6212137 0.4781960 0.0279680 0.0159763
17 0.4063688 0.3631666 0.0279680 0.0159763
20 0.4063688 0.4206813 0.0279680 0.0159763
17 0.2652576 0.3631666 0.0279680 0.0159763
2 0.1940664 0.5932254 0.0279680 0.0159763
21 0.4788313 0.6507402 0.0279680 0.0159764
10 0.3364488 0.5932254 0.0279679 0.0159763
30 0.1940664 0.4781960 0.0279680 0.0159763
14 0.1940664 0.4206813 0.0279680 0.0159763
17 0.2652576 0.6507402 0.0279680 0.0159764
2 0.3364488 0.5357107 0.0279679 0.0159763
26 0.6212137 0.3631666 0.0279680 0.0159763
9 0.3364488 0.3631666 0.0279679 0.0159763
24 0.5500225 0.4781960 0.0279679 0.0159763
27 0.1940664 0.6507402 0.0279680 0.0159764
9 0.4063688 0.5357107 0.0279680 0.0159763
18 0.5500225 0.6507402 0.0279679 0.0159764
