9 0.5611401 0.5861117 0.0264160 0.0169146
10 0.4938994 0.4034342 0.0264159 0.0169145
32 0.4284599 0.4694011 0.4862936 0.4330133
33 0.4272592 0.2822130 0.4406661 0.0157869
27 0.2249370 0.3425417 0.0264159 0.0169146
31 0.2921776 0.3425417 0.0264160 0.0169146
19 0.4254581 0.3425417 0.0264159 0.0169146
18 0.4938994 0.3425417 0.0264159 0.0169146
14 0.5611401 0.3425417 0.0264160 0.0169146
20 0.6283807 0.3425417 0.0264160 0.0169146
7 0.2249370 0.4034342 0.0264159 0.0169145
2 0.4254581 0.4034342 0.0264159 0.0169145
17 0.6283807 0.4034342 0.0264160 0.0169145
11 0.2921776 0.4643267 0.0264160 0.0169146
29 0.3594182 0.4643267 0.0264159 0.0169146
34 0.4254581 0.4637629 0.0624377 0.0608925
1 0.4254581 0.4643267 0.0264159 0.0169146
6 0.5611401 0.4643267 0.0264160 0.0169146
24 0.3594182 0.5252192 0.0264159 0.0169145
12 0.4254581 0.5252192 0.0264159 0.0169145
25 0.4938994 0.5252192 0.0264159 0.0169145
8 0.5611401 0.5252192 0.0264160 0.0169145
9 0.2921776 0.6470042 0.0264160 0.0169146
21 0.3594182 0.6470042 0.0264159 0.0169146
1 0.5611401 0.6470042 0.0264160 0.0169146
9 0.4938994 0.4643267 0.0264159 0.0169146
16 0.6283807 0.5252192 0.0264160 0.0169145
18 0.2921776 0.5861117 0.0264160 0.0169146
16 0.4938994 0.5861117 0.0264159 0.0169146
15 0.4938994 0.6470042 0.0264159 0.0169146
15 0.3594182 0.4034342 0.0264159 0.0169145
25 0.3594182 0.5861117 0.0264159 0.0169146
8 0.2921776 0.4034342 0.0264160 0.0169145
6 0.2249370 0.4643267 0.0264159 0.0169146
4 0.4254581 0.5861117 0.0264159 0.0169146
31 0.2921776 0.5252192 0.0264160 0.0169145
11 0.2249370 0.6470042 0.0264159 0.0169146
31 0.2249370 0.5861117 0.0264159 0.0169146
26 0.4254581 0.6470042 0.0264159 0.0169146
12 0.6283807 0.6470042 0.0264160 0.0169146
12 0.6283807 0.5861117 0.0264160 0.0169146
15 0.3594182 0.3425417 0.0264159 0.0169146
30 0.5611401 0.4034342 0.0264160 0.0169145
13 0.2249370 0.5252192 0.0264159 0.0169145
25 0.6283807 0.4643267 0.0264160 0.0169146
