25 0.4448299 0.3421758 0.0282791 0.0160074
26 0.7327626 0.3998025 0.0282791 0.0160074
32 0.5187412 0.4046047 0.5205927 0.4097898
33 0.5174557 0.2274560 0.4717470 0.0149403
15 0.3008635 0.2845491 0.0282791 0.0160074
22 0.3728467 0.2845491 0.0282791 0.0160074
31 0.5887962 0.2845491 0.0282791 0.0160074
34 0.3722039 0.3416423 0.0655561 0.0576267
6 0.3728467 0.3421758 0.0282791 0.0160074
3 0.5887962 0.3421758 0.0282791 0.0160074
5 0.7327626 0.3421758 0.0282791 0.0160074
8 0.4448299 0.3998025 0.0282791 0.0160074
23 0.6607794 0.3998025 0.0282791 0.0160074
26 0.3008635 0.4574292 0.0282791 0.0160074
29 0.5155276 0.4574292 0.0282791 0.0160074
1 0.5887962 0.4574292 0.0282791 0.0160074
18 0.3008635 0.5150558 0.0282791 0.0160074
17 0.3728467 0.5150558 0.0282791 0.0160074
7 0.4448299 0.5150558 0.0282791 0.0160074
10 0.5155276 0.5150558 0.0282791 0.0160074
30 0.5887962 0.5150558 0.0282791 0.0160074
21 0.6607794 0.5150558 0.0282791 0.0160074
16 0.3008635 0.5726826 0.0282791 0.0160074
27 0.5887962 0.5726826 0.0282791 0.0160074
4 0.6607794 0.5726826 0.0282791 0.0160074
25 0.3008635 0.3421758 0.0282791 0.0160074
27 0.7327626 0.4574292 0.0282791 0.0160074
3 0.4448299 0.5726826 0.0282791 0.0160074
9 0.7327626 0.2845491 0.0282791 0.0160074
13 0.6607794 0.2845491 0.0282791 0.0160074
28 0.3728467 0.5726826 0.0282791 0.0160074
30 0.4448299 0.2845491 0.0282791 0.0160074
31 0.6607794 0.4574292 0.0282791 0.0160074
18 0.5155276 0.3421758 0.0282791 0.0160074
4 0.3728467 0.3998025 0.0282791 0.0160074
18 0.7327626 0.5150558 0.0282791 0.0160074
7 0.7327626 0.5726826 0.0282791 0.0160074
17 0.5155276 0.5726826 0.0282791 0.0160074
27 0.3008635 0.3998025 0.0282791 0.0160074
11 0.5155276 0.2845491 0.0282791 0.0160074
1 0.4448299 0.4574292 0.0282791 0.0160074
22 0.6607794 0.3421758 0.0282791 0.0160074
9 0.3728467 0.4574292 0.0282791 0.0160074
31 0.5155276 0.3998025 0.0282791 0.0160074
25 0.5887962 0.3998025 0.0282791 0.0160074
