6 0.6419878 0.6695938 0.0280621 0.0164967
1 0.6419878 0.7289818 0.0280621 0.0164967
32 0.5724703 0.5557667 0.5165977 0.4223147
33 0.5711948 0.3732036 0.4681268 0.0153969
11 0.3562646 0.4320417 0.0280621 0.0164966
14 0.4991262 0.4320417 0.0280621 0.0164966
26 0.5692815 0.4320417 0.0280621 0.0164966
21 0.7848494 0.4320417 0.0280621 0.0164966
15 0.3562646 0.4914297 0.0280621 0.0164967
25 0.4276954 0.4914297 0.0280621 0.0164967
7 0.4991262 0.4914297 0.0280621 0.0164967
13 0.7848494 0.4914297 0.0280621 0.0164967
29 0.4276954 0.5508178 0.0280621 0.0164966
12 0.4991262 0.5508178 0.0280621 0.0164966
1 0.6419878 0.5508178 0.0280621 0.0164966
23 0.7134186 0.5508178 0.0280621 0.0164966
5 0.4276954 0.6102058 0.0280621 0.0164967
2 0.5692815 0.6102058 0.0280621 0.0164967
31 0.3562646 0.6695938 0.0280621 0.0164967
16 0.5692815 0.6695938 0.0280621 0.0164967
24 0.7848494 0.6695938 0.0280621 0.0164967
30 0.4991262 0.7289818 0.0280621 0.0164967
34 0.7127808 0.7284319 0.0650530 0.0593880
19 0.7134186 0.7289818 0.0280621 0.0164967
19 0.7848494 0.7289818 0.0280621 0.0164967
18 0.5692815 0.7289818 0.0280621 0.0164967
4 0.7134186 0.6695938 0.0280621 0.0164967
12 0.4276954 0.6695938 0.0280621 0.0164967
6 0.7848494 0.5508178 0.0280621 0.0164966
17 0.7134186 0.4914297 0.0280621 0.0164967
27 0.4991262 0.6695938 0.0280621 0.0164967
16 0.7848494 0.6102058 0.0280621 0.0164967
29 0.3562646 0.5508178 0.0280621 0.0164966
29 0.5692815 0.5508178 0.0280621 0.0164966
24 0.4276954 0.4320417 0.0280621 0.0164966
20 0.4276954 0.7289818 0.0280621 0.0164967
6 0.7134186 0.4320417 0.0280621 0.0164966
6 0.7134186 0.6102058 0.0280621 0.0164967
7 0.6419878 0.4320417 0.0280621 0.0164966
29 0.3562646 0.6102058 0.0280621 0.0164967
7 0.6419878 0.6102058 0.0280621 0.0164967
27 0.4991262 0.6102058 0.0280621 0.0164967
28 0.5692815 0.4914297 0.0280621 0.0164967
24 0.6419878 0.4914297 0.0280621 0.0164967
6 0.3562646 0.7289818 0.0280621 0.0164967
