25 0.7363187 0.4870702 0.0279776 0.0170299
5 0.8075345 0.5483779 0.0279777 0.0170300
32 0.5957948 0.4308715 0.5150427 0.4359658
33 0.5945230 0.2424072 0.4667178 0.0158946
10 0.3802399 0.3031472 0.0279776 0.0170299
1 0.4514556 0.3031472 0.0279776 0.0170299
12 0.5926155 0.3031472 0.0279777 0.0170299
8 0.6651030 0.3031472 0.0279776 0.0170299
17 0.7363187 0.3031472 0.0279776 0.0170299
19 0.5226714 0.3644549 0.0279776 0.0170300
9 0.5926155 0.3644549 0.0279777 0.0170300
13 0.8075345 0.3644549 0.0279777 0.0170300
20 0.3802399 0.4257625 0.0279776 0.0170299
21 0.4514556 0.4257625 0.0279776 0.0170299
34 0.6644671 0.4251949 0.0674006 0.0613077
12 0.6651030 0.4257625 0.0279776 0.0170299
22 0.7363187 0.4257625 0.0279776 0.0170299
15 0.8075345 0.4257625 0.0279777 0.0170299
26 0.3802399 0.4870702 0.0279776 0.0170299
3 0.5926155 0.4870702 0.0279777 0.0170299
5 0.6651030 0.4870702 0.0279776 0.0170299
30 0.8075345 0.4870702 0.0279777 0.0170299
25 0.3802399 0.6096856 0.0279776 0.0170299
11 0.5226714 0.6096856 0.0279776 0.0170299
16 0.7363187 0.6096856 0.0279776 0.0170299
24 0.6651030 0.6096856 0.0279776 0.0170299
29 0.6651030 0.3644549 0.0279776 0.0170300
12 0.4514556 0.6096856 0.0279776 0.0170299
2 0.5226714 0.5483779 0.0279776 0.0170300
22 0.4514556 0.5483779 0.0279776 0.0170300
26 0.5226714 0.4870702 0.0279776 0.0170299
31 0.4514556 0.4870702 0.0279776 0.0170299
19 0.5926155 0.6096856 0.0279777 0.0170299
7 0.5226714 0.3031472 0.0279776 0.0170299
1 0.5226714 0.4257625 0.0279776 0.0170299
19 0.4514556 0.3644549 0.0279776 0.0170300
11 0.3802399 0.3644549 0.0279776 0.0170300
11 0.7363187 0.5483779 0.0279776 0.0170300
25 0.8075345 0.3031472 0.0279777 0.0170299
10 0.5926155 0.4257625 0.0279777 0.0170299
10 0.7363187 0.3644549 0.0279776 0.0170300
27 0.8075345 0.6096856 0.0279777 0.0170299
7 0.5926155 0.5483779 0.0279777 0.0170300
5 0.6651030 0.5483779 0.0279776 0.0170300
3 0.3802399 0.5483779 0.0279776 0.0170300
