21 0.4333366 0.5492550 0.0271400 0.0169091
13 0.5024202 0.7318736 0.0271400 0.0169092
32 0.3661035 0.5543277 0.4996223 0.4328738
33 0.3648698 0.3672000 0.4527442 0.0157819
30 0.1570023 0.4275093 0.0271400 0.0169091
34 0.2254690 0.4269456 0.0629154 0.0608729
6 0.2260859 0.4275093 0.0271400 0.0169091
17 0.3630194 0.4275093 0.0271400 0.0169091
27 0.5715038 0.4275093 0.0271400 0.0169091
15 0.2951694 0.4883821 0.0271400 0.0169091
11 0.3630194 0.4883821 0.0271400 0.0169091
8 0.4333366 0.4883821 0.0271400 0.0169091
1 0.5024202 0.4883821 0.0271400 0.0169091
29 0.5715038 0.4883821 0.0271400 0.0169091
16 0.2260859 0.5492550 0.0271400 0.0169091
6 0.2951694 0.5492550 0.0271400 0.0169091
25 0.3630194 0.5492550 0.0271400 0.0169091
26 0.5024202 0.5492550 0.0271400 0.0169091
3 0.2260859 0.6101279 0.0271400 0.0169091
21 0.4333366 0.6101279 0.0271400 0.0169091
10 0.1570023 0.6710007 0.0271400 0.0169091
9 0.2260859 0.6710007 0.0271400 0.0169091
12 0.4333366 0.6710007 0.0271400 0.0169091
24 0.1570023 0.7318736 0.0271400 0.0169092
22 0.4333366 0.7318736 0.0271400 0.0169092
10 0.5024202 0.4275093 0.0271400 0.0169091
9 0.2260859 0.4883821 0.0271400 0.0169091
21 0.1570023 0.5492550 0.0271400 0.0169091
18 0.2951694 0.6101279 0.0271400 0.0169091
11 0.2951694 0.4275093 0.0271400 0.0169091
2 0.1570023 0.6101279 0.0271400 0.0169091
9 0.2951694 0.7318736 0.0271400 0.0169092
16 0.3630194 0.7318736 0.0271400 0.0169092
24 0.2260859 0.7318736 0.0271400 0.0169092
15 0.5715038 0.6101279 0.0271400 0.0169091
25 0.5715038 0.5492550 0.0271400 0.0169091
10 0.3630194 0.6101279 0.0271400 0.0169091
1 0.5024202 0.6101279 0.0271400 0.0169091
28 0.4333366 0.4275093 0.0271400 0.0169091
29 0.3630194 0.6710007 0.0271400 0.0169091
22 0.5715038 0.6710007 0.0271400 0.0169091
20 0.1570023 0.4883821 0.0271400 0.0169091
22 0.5024202 0.6710007 0.0271400 0.0169091
16 0.5715038 0.7318736 0.0271400 0.0169092
6 0.2951694 0.6710007 0.0271400 0.0169091
