4 0.6787872 0.3586643 0.0288661 0.0164241
11 0.8257420 0.5360452 0.0288661 0.0164242
32 0.6072778 0.4227185 0.5313990 0.4204583
33 0.6059658 0.2409579 0.4815394 0.0153292
7 0.3848775 0.2995374 0.0288661 0.0164242
1 0.4583549 0.2995374 0.0288661 0.0164242
11 0.6039976 0.2995374 0.0288661 0.0164242
30 0.8257420 0.2995374 0.0288661 0.0164242
19 0.3848775 0.3586643 0.0288661 0.0164241
23 0.5318323 0.3586643 0.0288661 0.0164241
21 0.6039976 0.3586643 0.0288661 0.0164241
15 0.7522645 0.4177913 0.0288661 0.0164242
20 0.8257420 0.4177913 0.0288661 0.0164242
31 0.3848775 0.4769182 0.0288661 0.0164242
10 0.5318323 0.4769182 0.0288661 0.0164242
27 0.6787872 0.4769182 0.0288661 0.0164242
26 0.8257420 0.4769182 0.0288661 0.0164242
4 0.3848775 0.5360452 0.0288661 0.0164242
13 0.5318323 0.5360452 0.0288661 0.0164242
24 0.7522645 0.5360452 0.0288661 0.0164242
6 0.3848775 0.5951721 0.0288661 0.0164242
16 0.5318323 0.5951721 0.0288661 0.0164242
3 0.7522645 0.5951721 0.0288661 0.0164242
34 0.8257419 0.5946246 0.0682291 0.0591269
22 0.8257420 0.5951721 0.0288661 0.0164242
3 0.6787872 0.5360452 0.0288661 0.0164242
13 0.6039976 0.5951721 0.0288661 0.0164242
15 0.4583549 0.3586643 0.0288661 0.0164241
9 0.4583549 0.5360452 0.0288661 0.0164242
29 0.6787872 0.5951721 0.0288661 0.0164242
5 0.3848775 0.4177913 0.0288661 0.0164242
19 0.6039976 0.5360452 0.0288661 0.0164242
14 0.5318323 0.4177913 0.0288661 0.0164242
17 0.4583549 0.4177913 0.0288661 0.0164242
4 0.6039976 0.4177913 0.0288661 0.0164242
3 0.6787872 0.4177913 0.0288661 0.0164242
29 0.6787872 0.2995374 0.0288661 0.0164242
20 0.4583549 0.5951721 0.0288661 0.0164242
21 0.6039976 0.4769182 0.0288661 0.0164242
21 0.7522645 0.3586643 0.0288661 0.0164241
10 0.7522645 0.4769182 0.0288661 0.0164242
30 0.7522645 0.2995374 0.0288661 0.0164242
22 0.5318323 0.2995374 0.0288661 0.0164242
17 0.8257420 0.3586643 0.0288661 0.0164241
31 0.4583549 0.4769182 0.0288661 0.0164242
