2 0.2882831 0.4693934 0.0267143 0.0173684
14 0.4242830 0.5319198 0.0267142 0.0173684
32 0.3581045 0.4120776 0.4917853 0.4446319
33 0.3568902 0.2198669 0.4456425 0.0162105
31 0.1522832 0.2818143 0.0267143 0.0173684
3 0.3550688 0.2818143 0.0267142 0.0173684
9 0.4242830 0.2818143 0.0267142 0.0173684
29 0.4922829 0.2818143 0.0267142 0.0173684
12 0.5602829 0.2818143 0.0267143 0.0173684
6 0.2202832 0.3443407 0.0267143 0.0173684
18 0.2882831 0.3443407 0.0267143 0.0173684
11 0.5602829 0.3443407 0.0267143 0.0173684
14 0.2202832 0.4068670 0.0267143 0.0173684
13 0.4242830 0.4068670 0.0267142 0.0173684
15 0.4922829 0.4068670 0.0267142 0.0173684
16 0.1522832 0.4693934 0.0267143 0.0173684
8 0.2202832 0.4693934 0.0267143 0.0173684
2 0.4922829 0.4693934 0.0267142 0.0173684
27 0.5602829 0.4693934 0.0267143 0.0173684
7 0.2202832 0.5319198 0.0267143 0.0173684
30 0.3550688 0.5319198 0.0267142 0.0173684
20 0.4922829 0.5319198 0.0267142 0.0173684
1 0.2202832 0.5944461 0.0267143 0.0173684
34 0.4236758 0.5938672 0.0643571 0.0625264
6 0.4242830 0.5944461 0.0267142 0.0173684
29 0.5602829 0.4068670 0.0267143 0.0173684
25 0.1522832 0.4068670 0.0267143 0.0173684
10 0.1522832 0.5944461 0.0267143 0.0173684
27 0.3550688 0.4068670 0.0267142 0.0173684
7 0.4242830 0.4693934 0.0267142 0.0173684
20 0.5602829 0.5319198 0.0267143 0.0173684
11 0.4242830 0.3443407 0.0267142 0.0173684
1 0.2882831 0.2818143 0.0267143 0.0173684
16 0.3550688 0.3443407 0.0267142 0.0173684
11 0.5602829 0.5944461 0.0267143 0.0173684
25 0.3550688 0.5944461 0.0267142 0.0173684
12 0.2882831 0.4068670 0.0267143 0.0173684
28 0.4922829 0.5944461 0.0267142 0.0173684
6 0.2882831 0.5944461 0.0267143 0.0173684
8 0.1522832 0.5319198 0.0267143 0.0173684
5 0.4922829 0.3443407 0.0267142 0.0173684
17 0.2202832 0.2818143 0.0267143 0.0173684
6 0.3550688 0.4693934 0.0267142 0.0173684
13 0.2882831 0.5319198 0.0267143 0.0173684
9 0.1522832 0.3443407 0.0267143 0.0173684
