2 0.3315100 0.4426688 0.0282096 0.0172490
24 0.0442850 0.6910552 0.0282096 0.0172491
32 0.2616271 0.5720367 0.5193132 0.4415757
33 0.2603449 0.3811472 0.4705875 0.0160991
9 0.2584215 0.4426688 0.0282096 0.0172490
26 0.4033163 0.4426688 0.0282096 0.0172490
14 0.4033163 0.5047654 0.0282096 0.0172491
8 0.0442850 0.5668620 0.0282096 0.0172491
16 0.1160912 0.5668620 0.0282096 0.0172491
19 0.1878975 0.5668620 0.0282096 0.0172491
7 0.2584215 0.5668620 0.0282096 0.0172491
31 0.3315100 0.5668620 0.0282096 0.0172491
27 0.4751226 0.5668620 0.0282096 0.0172491
17 0.0442850 0.6289586 0.0282096 0.0172490
25 0.1160912 0.6289586 0.0282096 0.0172490
4 0.1878975 0.6289586 0.0282096 0.0172490
3 0.3315100 0.6289586 0.0282096 0.0172490
34 0.4026752 0.6283837 0.0653950 0.0620966
15 0.4033163 0.6289586 0.0282096 0.0172490
23 0.4751226 0.6289586 0.0282096 0.0172490
13 0.1878975 0.6910552 0.0282096 0.0172491
22 0.0442850 0.7531517 0.0282096 0.0172490
11 0.1160912 0.7531517 0.0282096 0.0172490
12 0.1878975 0.7531517 0.0282096 0.0172490
30 0.3315100 0.7531517 0.0282096 0.0172490
13 0.4033163 0.6910552 0.0282096 0.0172491
3 0.1160912 0.6910552 0.0282096 0.0172491
12 0.2584215 0.6289586 0.0282096 0.0172490
1 0.2584215 0.7531517 0.0282096 0.0172490
31 0.1878975 0.5047654 0.0282096 0.0172491
4 0.4033163 0.5668620 0.0282096 0.0172491
2 0.3315100 0.5047654 0.0282096 0.0172491
4 0.4751226 0.5047654 0.0282096 0.0172491
15 0.0442850 0.5047654 0.0282096 0.0172491
13 0.4033163 0.7531517 0.0282096 0.0172490
25 0.2584215 0.6910552 0.0282096 0.0172491
11 0.3315100 0.6910552 0.0282096 0.0172491
21 0.4751226 0.6910552 0.0282096 0.0172491
17 0.1878975 0.4426688 0.0282096 0.0172490
5 0.0442850 0.4426688 0.0282096 0.0172490
24 0.1160912 0.5047654 0.0282096 0.0172491
16 0.1160912 0.4426688 0.0282096 0.0172490
25 0.4751226 0.7531517 0.0282096 0.0172490
29 0.2584215 0.5047654 0.0282096 0.0172491
25 0.4751226 0.4426688 0.0282096 0.0172490
