24 0.4516319 0.3927068 0.0272501 0.0160115
5 0.4516319 0.5079897 0.0272501 0.0160115
32 0.3147619 0.5127932 0.5016503 0.4098951
33 0.3135233 0.3355990 0.4545819 0.0149441
23 0.2435399 0.3927068 0.0272502 0.0160115
3 0.3116653 0.3927068 0.0272502 0.0160115
15 0.3822679 0.3927068 0.0272501 0.0160115
1 0.5209959 0.3927068 0.0272501 0.0160115
31 0.3822679 0.4503482 0.0272501 0.0160115
13 0.4516319 0.4503482 0.0272501 0.0160115
17 0.5209959 0.4503482 0.0272501 0.0160115
22 0.1741759 0.5079897 0.0272501 0.0160115
2 0.1741759 0.5656312 0.0272501 0.0160116
24 0.2435399 0.5656312 0.0272502 0.0160116
20 0.3116653 0.5656312 0.0272502 0.0160116
6 0.3822679 0.5656312 0.0272501 0.0160116
21 0.4516319 0.5656312 0.0272501 0.0160116
8 0.5209959 0.5656312 0.0272501 0.0160116
30 0.2435399 0.6232727 0.0272502 0.0160116
27 0.1048119 0.6809142 0.0272501 0.0160115
16 0.1741759 0.6809142 0.0272501 0.0160115
34 0.3116653 0.6803805 0.0644094 0.0576415
10 0.3116653 0.6809142 0.0272502 0.0160115
11 0.4516319 0.6809142 0.0272501 0.0160115
19 0.5209959 0.6809142 0.0272501 0.0160115
7 0.5209959 0.5079897 0.0272501 0.0160115
31 0.3822679 0.6809142 0.0272501 0.0160115
6 0.1048119 0.3927068 0.0272501 0.0160115
18 0.1741759 0.3927068 0.0272501 0.0160115
21 0.5209959 0.6232727 0.0272501 0.0160116
18 0.1048119 0.5079897 0.0272501 0.0160115
20 0.2435399 0.6809142 0.0272502 0.0160115
13 0.1048119 0.4503482 0.0272501 0.0160115
10 0.3822679 0.6232727 0.0272501 0.0160116
8 0.2435399 0.4503482 0.0272502 0.0160115
5 0.2435399 0.5079897 0.0272502 0.0160115
6 0.1741759 0.4503482 0.0272501 0.0160115
4 0.1048119 0.5656312 0.0272501 0.0160116
16 0.1048119 0.6232727 0.0272501 0.0160116
17 0.3116653 0.6232727 0.0272502 0.0160116
13 0.3822679 0.5079897 0.0272501 0.0160115
30 0.4516319 0.6232727 0.0272501 0.0160116
28 0.3116653 0.5079897 0.0272502 0.0160115
9 0.3116653 0.4503482 0.0272502 0.0160115
15 0.1741759 0.6232727 0.0272501 0.0160116
