7 0.7444283 0.6242173 0.0271764 0.0158379
5 0.5368997 0.5101838 0.0271764 0.0158380
32 0.6079288 0.5149352 0.5002924 0.4054523
33 0.6066936 0.3396616 0.4533514 0.0147821
13 0.3985472 0.3961504 0.0271764 0.0158380
25 0.5368997 0.3961504 0.0271764 0.0158380
10 0.6048406 0.3961504 0.0271764 0.0158380
29 0.7444283 0.3961504 0.0271764 0.0158380
6 0.4677235 0.4531671 0.0271764 0.0158380
26 0.7444283 0.4531671 0.0271764 0.0158380
14 0.3985472 0.5101838 0.0271764 0.0158380
4 0.8136046 0.5101838 0.0271764 0.0158380
34 0.3985472 0.5666726 0.0642350 0.0570167
13 0.3985472 0.5672006 0.0271764 0.0158380
18 0.4677235 0.5672006 0.0271764 0.0158380
16 0.5368997 0.5672006 0.0271764 0.0158380
24 0.7444283 0.5672006 0.0271764 0.0158380
8 0.8136046 0.5672006 0.0271764 0.0158380
17 0.3985472 0.6242173 0.0271764 0.0158379
11 0.5368997 0.6242173 0.0271764 0.0158379
21 0.6752522 0.6242173 0.0271764 0.0158379
20 0.8136046 0.6242173 0.0271764 0.0158379
7 0.3985472 0.6812340 0.0271764 0.0158379
15 0.5368997 0.6812340 0.0271764 0.0158379
31 0.6752522 0.6812340 0.0271764 0.0158379
5 0.6752522 0.3961504 0.0271764 0.0158380
1 0.4677235 0.6812340 0.0271764 0.0158379
29 0.4677235 0.5101838 0.0271764 0.0158380
13 0.7444283 0.6812340 0.0271764 0.0158379
24 0.5368997 0.4531671 0.0271764 0.0158380
26 0.4677235 0.3961504 0.0271764 0.0158380
1 0.6048406 0.5101838 0.0271764 0.0158380
15 0.6048406 0.4531671 0.0271764 0.0158380
26 0.8136046 0.6812340 0.0271764 0.0158379
30 0.6048406 0.5672006 0.0271764 0.0158380
22 0.6752522 0.5672006 0.0271764 0.0158380
25 0.6048406 0.6242173 0.0271764 0.0158379
16 0.7444283 0.5101838 0.0271764 0.0158380
30 0.3985472 0.4531671 0.0271764 0.0158380
11 0.8136046 0.4531671 0.0271764 0.0158380
19 0.6752522 0.5101838 0.0271764 0.0158380
28 0.6752522 0.4531671 0.0271764 0.0158380
6 0.6048406 0.6812340 0.0271764 0.0158379
17 0.8136046 0.3961504 0.0271764 0.0158380
26 0.4677235 0.6242173 0.0271764 0.0158379
