1 0.3369056 0.2889454 0.0283730 0.0168038
15 0.7702396 0.3494389 0.0283731 0.0168037
32 0.5555071 0.3544800 0.5223222 0.4301759
33 0.5542174 0.1685186 0.4733141 0.0156835
25 0.3369056 0.2284520 0.0283730 0.0168037
30 0.5522829 0.2284520 0.0283730 0.0168037
31 0.6257949 0.2284520 0.0283731 0.0168037
4 0.6980173 0.2284520 0.0283731 0.0168037
1 0.7702396 0.2284520 0.0283731 0.0168037
12 0.4813503 0.2889454 0.0283731 0.0168038
3 0.5522829 0.2889454 0.0283730 0.0168038
21 0.6980173 0.2889454 0.0283731 0.0168038
29 0.3369056 0.3494389 0.0283730 0.0168037
34 0.4813503 0.3488788 0.0670636 0.0604935
5 0.4813503 0.3494389 0.0283731 0.0168037
15 0.4091279 0.4099324 0.0283730 0.0168037
11 0.4813503 0.4099324 0.0283731 0.0168037
19 0.5522829 0.4099324 0.0283730 0.0168037
10 0.3369056 0.4704259 0.0283730 0.0168037
8 0.4091279 0.4704259 0.0283730 0.0168037
9 0.6257949 0.4704259 0.0283731 0.0168037
16 0.7702396 0.4704259 0.0283731 0.0168037
26 0.3369056 0.5309194 0.0283730 0.0168038
18 0.4091279 0.5309194 0.0283730 0.0168038
17 0.6257949 0.5309194 0.0283731 0.0168038
6 0.7702396 0.5309194 0.0283731 0.0168038
8 0.6980173 0.3494389 0.0283731 0.0168037
25 0.3369056 0.4099324 0.0283730 0.0168037
19 0.7702396 0.2889454 0.0283731 0.0168038
15 0.6257949 0.2889454 0.0283731 0.0168038
26 0.5522829 0.4704259 0.0283730 0.0168037
29 0.4813503 0.2284520 0.0283731 0.0168037
13 0.6980173 0.4704259 0.0283731 0.0168037
16 0.5522829 0.5309194 0.0283730 0.0168038
30 0.4091279 0.2889454 0.0283730 0.0168038
17 0.5522829 0.3494389 0.0283730 0.0168037
20 0.6980173 0.5309194 0.0283731 0.0168038
15 0.4091279 0.2284520 0.0283730 0.0168037
24 0.6257949 0.4099324 0.0283731 0.0168037
11 0.6980173 0.4099324 0.0283731 0.0168037
31 0.7702396 0.4099324 0.0283731 0.0168037
16 0.4813503 0.4704259 0.0283731 0.0168037
14 0.4813503 0.5309194 0.0283731 0.0168038
28 0.6257949 0.3494389 0.0283731 0.0168037
8 0.4091279 0.3494389 0.0283730 0.0168037
