14 0.2423504 0.3657334 0.0276257 0.0168758
10 0.5236302 0.5479922 0.0276257 0.0168759
32 0.3848738 0.4315491 0.5085640 0.4320210
33 0.3836181 0.2447900 0.4608469 0.0157508
30 0.1720304 0.3049805 0.0276257 0.0168758
20 0.2423504 0.3049805 0.0276257 0.0168758
6 0.3126703 0.3049805 0.0276257 0.0168758
7 0.5236302 0.3049805 0.0276257 0.0168758
31 0.5939501 0.3049805 0.0276257 0.0168758
34 0.3817345 0.3651709 0.0652971 0.0607529
8 0.3817345 0.3657334 0.0276257 0.0168758
10 0.5939501 0.3657334 0.0276257 0.0168758
11 0.3126703 0.4264863 0.0276257 0.0168758
12 0.4533102 0.4264863 0.0276257 0.0168758
4 0.1720304 0.4872393 0.0276257 0.0168758
23 0.3126703 0.4872393 0.0276257 0.0168758
18 0.4533102 0.4872393 0.0276257 0.0168758
13 0.2423504 0.5479922 0.0276257 0.0168759
5 0.3126703 0.5479922 0.0276257 0.0168759
3 0.1720304 0.6087452 0.0276257 0.0168758
8 0.2423504 0.6087452 0.0276257 0.0168758
9 0.3126703 0.6087452 0.0276257 0.0168758
21 0.3817345 0.6087452 0.0276257 0.0168758
14 0.4533102 0.6087452 0.0276257 0.0168758
26 0.5236302 0.6087452 0.0276257 0.0168758
22 0.2423504 0.4872393 0.0276257 0.0168758
13 0.5939501 0.4872393 0.0276257 0.0168758
7 0.1720304 0.3657334 0.0276257 0.0168758
7 0.4533102 0.3049805 0.0276257 0.0168758
14 0.1720304 0.5479922 0.0276257 0.0168759
4 0.5939501 0.5479922 0.0276257 0.0168759
11 0.4533102 0.3657334 0.0276257 0.0168758
29 0.5939501 0.6087452 0.0276257 0.0168758
30 0.3817345 0.3049805 0.0276257 0.0168758
12 0.3817345 0.4264863 0.0276257 0.0168758
3 0.3817345 0.4872393 0.0276257 0.0168758
1 0.2423504 0.4264863 0.0276257 0.0168758
22 0.5939501 0.4264863 0.0276257 0.0168758
20 0.1720304 0.4264863 0.0276257 0.0168758
28 0.3817345 0.5479922 0.0276257 0.0168759
10 0.5236302 0.3657334 0.0276257 0.0168758
31 0.5236302 0.4872393 0.0276257 0.0168758
19 0.5236302 0.4264863 0.0276257 0.0168758
2 0.3126703 0.3657334 0.0276257 0.0168758
14 0.4533102 0.5479922 0.0276257 0.0168759
