15 0.5802968 0.6247320 0.0279882 0.0170283
3 0.3652960 0.4408262 0.0279882 0.0170283
32 0.3684765 0.5072366 0.5152384 0.4359247
33 0.3672043 0.3187900 0.4668951 0.0158931
4 0.2953254 0.3795243 0.0279882 0.0170283
15 0.5090539 0.3795243 0.0279883 0.0170283
13 0.5802968 0.3795243 0.0279882 0.0170283
10 0.2240825 0.4408262 0.0279882 0.0170283
21 0.2953254 0.4408262 0.0279882 0.0170283
14 0.5090539 0.4408262 0.0279883 0.0170283
1 0.2240825 0.5021281 0.0279882 0.0170283
8 0.2953254 0.5021281 0.0279882 0.0170283
31 0.3652960 0.5021281 0.0279882 0.0170283
30 0.2240825 0.5634301 0.0279882 0.0170283
12 0.5090539 0.5634301 0.0279883 0.0170283
27 0.5802968 0.5634301 0.0279882 0.0170283
11 0.2240825 0.6247320 0.0279882 0.0170283
7 0.2953254 0.6247320 0.0279882 0.0170283
34 0.4371750 0.6241644 0.0674263 0.0613019
2 0.4378111 0.6247320 0.0279883 0.0170283
29 0.2240825 0.6860339 0.0279882 0.0170283
6 0.2953254 0.6860339 0.0279882 0.0170283
19 0.3652960 0.6860339 0.0279882 0.0170283
17 0.5090539 0.6860339 0.0279883 0.0170283
26 0.5802968 0.6860339 0.0279882 0.0170283
21 0.5802968 0.5021281 0.0279882 0.0170283
31 0.3652960 0.5634301 0.0279882 0.0170283
12 0.1528397 0.3795243 0.0279883 0.0170283
31 0.1528397 0.5634301 0.0279883 0.0170283
5 0.4378111 0.5634301 0.0279883 0.0170283
29 0.1528397 0.6860339 0.0279883 0.0170283
9 0.2953254 0.5634301 0.0279882 0.0170283
6 0.4378111 0.3795243 0.0279883 0.0170283
4 0.4378111 0.6860339 0.0279883 0.0170283
12 0.1528397 0.4408262 0.0279883 0.0170283
12 0.5802968 0.4408262 0.0279882 0.0170283
21 0.3652960 0.3795243 0.0279882 0.0170283
13 0.5090539 0.6247320 0.0279883 0.0170283
17 0.1528397 0.6247320 0.0279883 0.0170283
1 0.1528397 0.5021281 0.0279883 0.0170283
17 0.4378111 0.5021281 0.0279883 0.0170283
1 0.2240825 0.3795243 0.0279882 0.0170283
24 0.3652960 0.6247320 0.0279882 0.0170283
24 0.4378111 0.4408262 0.0279883 0.0170283
19 0.5090539 0.5021281 0.0279883 0.0170283
