21 0.3193705 0.4912043 0.0267006 0.0164809
20 0.1846536 0.3725417 0.0267007 0.0164809
32 0.3224047 0.4961485 0.4915349 0.4219113
33 0.3211911 0.3137598 0.4454156 0.0153822
30 0.2526189 0.3725417 0.0267007 0.0164809
7 0.3193705 0.3725417 0.0267006 0.0164809
34 0.3879427 0.3719923 0.0643243 0.0593313
15 0.3885495 0.3725417 0.0267007 0.0164809
21 0.4565149 0.3725417 0.0267007 0.0164809
27 0.5244802 0.3725417 0.0267007 0.0164809
10 0.1166883 0.4318730 0.0267007 0.0164810
9 0.1846536 0.4318730 0.0267007 0.0164810
16 0.3885495 0.4318730 0.0267007 0.0164810
4 0.5244802 0.4318730 0.0267007 0.0164810
23 0.1166883 0.4912043 0.0267007 0.0164809
17 0.3885495 0.4912043 0.0267007 0.0164809
25 0.3193705 0.5505355 0.0267006 0.0164809
22 0.4565149 0.5505355 0.0267007 0.0164809
29 0.2526189 0.6098668 0.0267007 0.0164808
20 0.3193705 0.6098668 0.0267006 0.0164808
6 0.4565149 0.6098668 0.0267007 0.0164808
3 0.1166883 0.6691981 0.0267007 0.0164809
11 0.1846536 0.6691981 0.0267007 0.0164809
2 0.2526189 0.6691981 0.0267007 0.0164809
14 0.5244802 0.6691981 0.0267007 0.0164809
6 0.3193705 0.4318730 0.0267006 0.0164810
1 0.1846536 0.4912043 0.0267007 0.0164809
21 0.4565149 0.6691981 0.0267007 0.0164809
2 0.5244802 0.4912043 0.0267007 0.0164809
22 0.5244802 0.5505355 0.0267007 0.0164809
16 0.3885495 0.6691981 0.0267007 0.0164809
8 0.3193705 0.6691981 0.0267006 0.0164809
1 0.1846536 0.5505355 0.0267007 0.0164809
26 0.5244802 0.6098668 0.0267007 0.0164808
9 0.2526189 0.4318730 0.0267007 0.0164810
8 0.2526189 0.5505355 0.0267007 0.0164809
29 0.1846536 0.6098668 0.0267007 0.0164808
14 0.3885495 0.6098668 0.0267007 0.0164808
22 0.2526189 0.4912043 0.0267007 0.0164809
27 0.1166883 0.5505355 0.0267007 0.0164809
3 0.3885495 0.5505355 0.0267007 0.0164809
5 0.4565149 0.4318730 0.0267007 0.0164810
6 0.4565149 0.4912043 0.0267007 0.0164809
26 0.1166883 0.3725417 0.0267007 0.0164809
7 0.1166883 0.6098668 0.0267007 0.0164808
