6 0.7484180 0.4770100 0.0264049 0.0172762
12 0.5455804 0.4148156 0.0264049 0.0172762
32 0.5485810 0.5443873 0.4860899 0.4422712
33 0.5473808 0.3531971 0.4404815 0.0161245
21 0.4123558 0.4148156 0.0264049 0.0172762
17 0.6812055 0.4148156 0.0264049 0.0172762
26 0.3451434 0.4770100 0.0264049 0.0172762
20 0.4795683 0.4770100 0.0264049 0.0172762
34 0.6806055 0.4764341 0.0612113 0.0621944
19 0.6812055 0.4770100 0.0264049 0.0172762
9 0.3451434 0.5392044 0.0264049 0.0172762
18 0.4123558 0.5392044 0.0264049 0.0172762
14 0.6139931 0.5392044 0.0264049 0.0172762
27 0.6812055 0.5392044 0.0264049 0.0172762
29 0.3451434 0.6013988 0.0264049 0.0172762
10 0.4795683 0.6013988 0.0264049 0.0172762
31 0.6139931 0.6013988 0.0264049 0.0172762
23 0.3451434 0.6635931 0.0264049 0.0172762
5 0.4123558 0.6635931 0.0264049 0.0172762
15 0.4795683 0.6635931 0.0264049 0.0172762
12 0.6139931 0.6635931 0.0264049 0.0172762
30 0.6812055 0.6635931 0.0264049 0.0172762
13 0.5455804 0.7257876 0.0264049 0.0172762
19 0.6139931 0.7257876 0.0264049 0.0172762
22 0.7484180 0.7257876 0.0264049 0.0172762
21 0.5455804 0.6013988 0.0264049 0.0172762
8 0.6139931 0.4148156 0.0264049 0.0172762
6 0.7484180 0.4148156 0.0264049 0.0172762
31 0.4123558 0.7257876 0.0264049 0.0172762
30 0.5455804 0.4770100 0.0264049 0.0172762
10 0.6139931 0.4770100 0.0264049 0.0172762
8 0.3451434 0.4148156 0.0264049 0.0172762
20 0.6812055 0.7257876 0.0264049 0.0172762
19 0.4795683 0.5392044 0.0264049 0.0172762
9 0.7484180 0.6013988 0.0264049 0.0172762
30 0.4795683 0.7257876 0.0264049 0.0172762
27 0.7484180 0.5392044 0.0264049 0.0172762
26 0.4123558 0.4770100 0.0264049 0.0172762
2 0.4123558 0.6013988 0.0264049 0.0172762
31 0.6812055 0.6013988 0.0264049 0.0172762
21 0.7484180 0.6635931 0.0264049 0.0172762
3 0.3451434 0.7257876 0.0264049 0.0172762
1 0.5455804 0.5392044 0.0264049 0.0172762
19 0.5455804 0.6635931 0.0264049 0.0172762
17 0.4795683 0.4148156 0.0264049 0.0172762
