21 0.1394381 0.4727061 0.0272272 0.0159526
10 0.4166600 0.7598539 0.0272272 0.0159527
32 0.3492110 0.5923510 0.5012272 0.4083879
33 0.3479733 0.4158083 0.4541985 0.0148892
8 0.4166600 0.4727061 0.0272272 0.0159526
22 0.5552710 0.4727061 0.0272271 0.0159526
2 0.4166600 0.5301356 0.0272272 0.0159527
19 0.5552710 0.5301356 0.0272271 0.0159527
24 0.2780490 0.5875652 0.0272272 0.0159526
14 0.4166600 0.5875652 0.0272272 0.0159526
5 0.4859655 0.5875652 0.0272272 0.0159526
4 0.1394381 0.6449947 0.0272272 0.0159526
26 0.3461169 0.6449947 0.0272272 0.0159526
20 0.4166600 0.6449947 0.0272272 0.0159526
16 0.4859655 0.6449947 0.0272272 0.0159526
1 0.5552710 0.6449947 0.0272271 0.0159526
15 0.1394381 0.7024243 0.0272272 0.0159526
34 0.3461169 0.7018925 0.0643551 0.0574295
13 0.3461169 0.7024243 0.0272272 0.0159526
9 0.4166600 0.7024243 0.0272272 0.0159526
13 0.1394381 0.7598539 0.0272272 0.0159527
17 0.2087436 0.7598539 0.0272272 0.0159527
7 0.2780490 0.7598539 0.0272272 0.0159527
23 0.4859655 0.7598539 0.0272272 0.0159527
11 0.5552710 0.7598539 0.0272271 0.0159527
19 0.2087436 0.5875652 0.0272272 0.0159526
25 0.1394381 0.5875652 0.0272272 0.0159526
18 0.2087436 0.6449947 0.0272272 0.0159526
15 0.4859655 0.5301356 0.0272272 0.0159527
16 0.4859655 0.4727061 0.0272272 0.0159526
4 0.4859655 0.7024243 0.0272272 0.0159526
16 0.5552710 0.7024243 0.0272271 0.0159526
26 0.2780490 0.7024243 0.0272272 0.0159526
15 0.1394381 0.5301356 0.0272272 0.0159527
3 0.3461169 0.5301356 0.0272272 0.0159527
13 0.2780490 0.4727061 0.0272272 0.0159526
8 0.2780490 0.5301356 0.0272272 0.0159527
20 0.2087436 0.7024243 0.0272272 0.0159526
24 0.2780490 0.6449947 0.0272272 0.0159526
10 0.5552710 0.5875652 0.0272271 0.0159526
18 0.3461169 0.4727061 0.0272272 0.0159526
25 0.3461169 0.5875652 0.0272272 0.0159526
2 0.2087436 0.4727061 0.0272272 0.0159526
25 0.2087436 0.5301356 0.0272272 0.0159527
30 0.3461169 0.7598539 0.0272272 0.0159527
