18 0.3195113 0.6126899 0.0273606 0.0172470
10 0.4600451 0.7368684 0.0273606 0.0172470
32 0.3226205 0.5557747 0.5036830 0.4415238
33 0.3213768 0.3649076 0.4564239 0.0160972
13 0.1118198 0.4264220 0.0273606 0.0172470
17 0.1814648 0.4264220 0.0273606 0.0172470
31 0.3195113 0.4264220 0.0273606 0.0172470
19 0.3904000 0.4264220 0.0273606 0.0172470
30 0.5296901 0.4264220 0.0273605 0.0172470
21 0.1118198 0.4885113 0.0273606 0.0172470
29 0.2511099 0.4885113 0.0273606 0.0172470
9 0.5296901 0.4885113 0.0273605 0.0172470
26 0.1118198 0.5506006 0.0273606 0.0172470
12 0.3904000 0.5506006 0.0273606 0.0172470
25 0.5296901 0.5506006 0.0273605 0.0172470
27 0.1118198 0.6126899 0.0273606 0.0172470
34 0.2511099 0.6121149 0.0646704 0.0620893
21 0.2511099 0.6126899 0.0273606 0.0172470
15 0.1118198 0.6747791 0.0273606 0.0172470
3 0.2511099 0.6747791 0.0273606 0.0172470
22 0.3904000 0.6747791 0.0273606 0.0172470
6 0.4600451 0.6747791 0.0273606 0.0172470
10 0.1118198 0.7368684 0.0273606 0.0172470
2 0.1814648 0.7368684 0.0273606 0.0172470
23 0.5296901 0.7368684 0.0273605 0.0172470
19 0.3904000 0.6126899 0.0273606 0.0172470
16 0.3195113 0.6747791 0.0273606 0.0172470
16 0.4600451 0.5506006 0.0273606 0.0172470
2 0.3904000 0.7368684 0.0273606 0.0172470
29 0.1814648 0.5506006 0.0273606 0.0172470
10 0.3195113 0.4885113 0.0273606 0.0172470
24 0.2511099 0.5506006 0.0273606 0.0172470
27 0.1814648 0.4885113 0.0273606 0.0172470
1 0.2511099 0.7368684 0.0273606 0.0172470
9 0.4600451 0.4264220 0.0273606 0.0172470
17 0.3195113 0.5506006 0.0273606 0.0172470
28 0.4600451 0.4885113 0.0273606 0.0172470
7 0.2511099 0.4264220 0.0273606 0.0172470
4 0.3195113 0.7368684 0.0273606 0.0172470
9 0.3904000 0.4885113 0.0273606 0.0172470
30 0.5296901 0.6126899 0.0273605 0.0172470
11 0.4600451 0.6126899 0.0273606 0.0172470
20 0.5296901 0.6747791 0.0273605 0.0172470
3 0.1814648 0.6126899 0.0273606 0.0172470
25 0.1814648 0.6747791 0.0273606 0.0172470
