25 0.1144782 0.6044902 0.0283830 0.0160468
29 0.3299308 0.5467214 0.0283829 0.0160468
32 0.3331561 0.5515355 0.5225047 0.4107995
33 0.3318660 0.3739503 0.4734796 0.0149770
13 0.1144782 0.4311841 0.0283830 0.0160469
4 0.2589734 0.4311841 0.0283830 0.0160469
22 0.3299308 0.4311841 0.0283829 0.0160469
30 0.4034685 0.4311841 0.0283829 0.0160469
5 0.4757160 0.4311841 0.0283830 0.0160469
3 0.5479636 0.4311841 0.0283830 0.0160469
9 0.2589734 0.4889528 0.0283830 0.0160469
20 0.3299308 0.4889528 0.0283829 0.0160469
1 0.1144782 0.5467214 0.0283830 0.0160468
18 0.2589734 0.5467214 0.0283830 0.0160468
27 0.1867258 0.6044902 0.0283830 0.0160468
15 0.2589734 0.6044902 0.0283830 0.0160468
31 0.5479636 0.6044902 0.0283830 0.0160468
34 0.1860807 0.6617238 0.0657969 0.0577687
31 0.1867258 0.6622588 0.0283830 0.0160470
25 0.3299308 0.6622588 0.0283829 0.0160470
26 0.4034685 0.6622588 0.0283829 0.0160470
23 0.1144782 0.7200275 0.0283830 0.0160470
14 0.1867258 0.7200275 0.0283830 0.0160470
16 0.3299308 0.7200275 0.0283829 0.0160470
10 0.4034685 0.7200275 0.0283829 0.0160470
18 0.1144782 0.4889528 0.0283830 0.0160469
25 0.5479636 0.5467214 0.0283830 0.0160468
16 0.2589734 0.7200275 0.0283830 0.0160470
9 0.4757160 0.4889528 0.0283830 0.0160469
28 0.5479636 0.7200275 0.0283830 0.0160470
6 0.4034685 0.6044902 0.0283829 0.0160468
19 0.5479636 0.6622588 0.0283830 0.0160470
25 0.4757160 0.6622588 0.0283830 0.0160470
22 0.1867258 0.4889528 0.0283830 0.0160469
7 0.5479636 0.4889528 0.0283830 0.0160469
22 0.4034685 0.5467214 0.0283829 0.0160468
27 0.4757160 0.7200275 0.0283830 0.0160470
3 0.4757160 0.6044902 0.0283830 0.0160468
16 0.1867258 0.5467214 0.0283830 0.0160468
13 0.4757160 0.5467214 0.0283830 0.0160468
26 0.1867258 0.4311841 0.0283830 0.0160469
31 0.2589734 0.6622588 0.0283830 0.0160470
30 0.1144782 0.6622588 0.0283830 0.0160470
5 0.3299308 0.6044902 0.0283829 0.0160468
1 0.4034685 0.4889528 0.0283829 0.0160469
