14 0.2920605 0.6090230 0.0269000 0.0160478
26 0.3605332 0.4934788 0.0268999 0.0160478
32 0.4308400 0.4405211 0.4952044 0.4108236
33 0.4296173 0.2629254 0.4487408 0.0149780
20 0.3605332 0.3201626 0.0268999 0.0160478
16 0.4277831 0.3201626 0.0269000 0.0160478
24 0.5659513 0.3201626 0.0268999 0.0160478
30 0.3605332 0.3779346 0.0268999 0.0160478
13 0.4277831 0.3779346 0.0269000 0.0160478
3 0.3605332 0.4357067 0.0268999 0.0160478
34 0.6344240 0.4351718 0.0635818 0.0577720
30 0.6344240 0.4357067 0.0269000 0.0160478
2 0.2235878 0.4934788 0.0269000 0.0160478
6 0.2920605 0.4934788 0.0269000 0.0160478
22 0.4974786 0.4934788 0.0269000 0.0160478
10 0.5659513 0.4934788 0.0268999 0.0160478
19 0.6344240 0.4934788 0.0269000 0.0160478
29 0.2920605 0.5512509 0.0269000 0.0160478
8 0.3605332 0.5512509 0.0268999 0.0160478
14 0.5659513 0.5512509 0.0268999 0.0160478
25 0.6344240 0.5512509 0.0269000 0.0160478
15 0.3605332 0.6090230 0.0268999 0.0160478
4 0.4277831 0.6090230 0.0269000 0.0160478
9 0.5659513 0.6090230 0.0268999 0.0160478
21 0.6344240 0.6090230 0.0269000 0.0160478
7 0.2920605 0.4357067 0.0269000 0.0160478
4 0.4974786 0.6090230 0.0269000 0.0160478
10 0.4277831 0.4934788 0.0269000 0.0160478
3 0.4974786 0.3779346 0.0269000 0.0160478
3 0.2920605 0.3201626 0.0269000 0.0160478
22 0.5659513 0.4357067 0.0268999 0.0160478
26 0.4974786 0.5512509 0.0269000 0.0160478
28 0.2235878 0.6090230 0.0269000 0.0160478
11 0.6344240 0.3201626 0.0269000 0.0160478
11 0.2235878 0.4357067 0.0269000 0.0160478
22 0.2235878 0.3779346 0.0269000 0.0160478
19 0.2920605 0.3779346 0.0269000 0.0160478
6 0.2235878 0.5512509 0.0269000 0.0160478
7 0.4277831 0.4357067 0.0269000 0.0160478
16 0.4974786 0.4357067 0.0269000 0.0160478
7 0.2235878 0.3201626 0.0269000 0.0160478
1 0.4277831 0.5512509 0.0269000 0.0160478
4 0.6344240 0.3779346 0.0269000 0.0160478
2 0.4974786 0.3201626 0.0269000 0.0160478
7 0.5659513 0.3779346 0.0268999 0.0160478
