19 0.7562080 0.3912850 0.0285143 0.0158545
24 0.4658810 0.4483610 0.0285143 0.0158545
32 0.6129887 0.5101933 0.5249215 0.4058739
33 0.6116925 0.3347374 0.4756695 0.0147975
27 0.4658810 0.3912850 0.0285143 0.0158545
31 0.5384628 0.3912850 0.0285143 0.0158545
4 0.8287896 0.3912850 0.0285143 0.0158545
25 0.6836262 0.4483610 0.0285143 0.0158545
22 0.7562080 0.4483610 0.0285143 0.0158545
29 0.3932993 0.5054370 0.0285143 0.0158545
10 0.5384628 0.5054370 0.0285143 0.0158545
23 0.6836262 0.5054370 0.0285143 0.0158545
21 0.8287896 0.5054370 0.0285143 0.0158545
34 0.3932993 0.5619845 0.0673973 0.0570760
15 0.3932993 0.5625130 0.0285143 0.0158545
17 0.4658810 0.5625130 0.0285143 0.0158545
13 0.5384628 0.5625130 0.0285143 0.0158545
2 0.6097484 0.5625130 0.0285143 0.0158545
15 0.3932993 0.6195890 0.0285143 0.0158545
12 0.4658810 0.6195890 0.0285143 0.0158545
6 0.6097484 0.6195890 0.0285143 0.0158545
14 0.8287896 0.6195890 0.0285143 0.0158545
20 0.6097484 0.6766650 0.0285143 0.0158544
30 0.6836262 0.6766650 0.0285143 0.0158544
3 0.7562080 0.6766650 0.0285143 0.0158544
10 0.6836262 0.5625130 0.0285143 0.0158545
16 0.6836262 0.3912850 0.0285143 0.0158545
25 0.7562080 0.5054370 0.0285143 0.0158545
24 0.3932993 0.4483610 0.0285143 0.0158545
16 0.7562080 0.6195890 0.0285143 0.0158545
1 0.6097484 0.5054370 0.0285143 0.0158545
26 0.7562080 0.5625130 0.0285143 0.0158545
3 0.5384628 0.4483610 0.0285143 0.0158545
3 0.8287896 0.6766650 0.0285143 0.0158544
14 0.4658810 0.5054370 0.0285143 0.0158545
8 0.6836262 0.6195890 0.0285143 0.0158545
22 0.6097484 0.3912850 0.0285143 0.0158545
12 0.5384628 0.6766650 0.0285143 0.0158544
2 0.5384628 0.6195890 0.0285143 0.0158545
1 0.8287896 0.4483610 0.0285143 0.0158545
4 0.6097484 0.4483610 0.0285143 0.0158545
7 0.8287896 0.5625130 0.0285143 0.0158545
20 0.3932993 0.6766650 0.0285143 0.0158544
20 0.4658810 0.6766650 0.0285143 0.0158544
6 0.3932993 0.3912850 0.0285143 0.0158545
