9 0.5890146 0.6621838 0.0282697 0.0161458
2 0.4450960 0.6621838 0.0282697 0.0161458
32 0.5189828 0.5507775 0.5204199 0.4133335
33 0.5176978 0.3720968 0.4715903 0.0150694
20 0.3011774 0.4296837 0.0282697 0.0161458
31 0.5157703 0.4296837 0.0282697 0.0161458
10 0.7329332 0.4296837 0.0282697 0.0161458
22 0.3731367 0.4878087 0.0282697 0.0161458
4 0.5157703 0.4878087 0.0282697 0.0161458
14 0.7329332 0.4878087 0.0282697 0.0161458
11 0.3731367 0.5459337 0.0282697 0.0161458
13 0.5157703 0.5459337 0.0282697 0.0161458
30 0.3731367 0.6040588 0.0282697 0.0161458
23 0.5157703 0.6040588 0.0282697 0.0161458
34 0.5883721 0.6035206 0.0681044 0.0581250
27 0.5890146 0.6040588 0.0282697 0.0161458
24 0.3011774 0.6621838 0.0282697 0.0161458
2 0.3731367 0.6621838 0.0282697 0.0161458
25 0.5157703 0.6621838 0.0282697 0.0161458
17 0.6609739 0.6621838 0.0282698 0.0161458
29 0.7329332 0.6621838 0.0282697 0.0161458
27 0.3011774 0.7203088 0.0282697 0.0161458
9 0.3731367 0.7203088 0.0282697 0.0161458
15 0.4450960 0.7203088 0.0282697 0.0161458
1 0.5157703 0.7203088 0.0282697 0.0161458
27 0.5890146 0.4296837 0.0282697 0.0161458
6 0.6609739 0.4878087 0.0282698 0.0161458
30 0.4450960 0.4296837 0.0282697 0.0161458
20 0.7329332 0.7203088 0.0282697 0.0161458
11 0.7329332 0.5459337 0.0282697 0.0161458
29 0.6609739 0.6040588 0.0282698 0.0161458
2 0.3011774 0.6040588 0.0282697 0.0161458
27 0.5890146 0.5459337 0.0282697 0.0161458
25 0.5890146 0.4878087 0.0282697 0.0161458
17 0.7329332 0.6040588 0.0282697 0.0161458
28 0.6609739 0.4296837 0.0282698 0.0161458
7 0.3011774 0.5459337 0.0282697 0.0161458
15 0.4450960 0.6040588 0.0282697 0.0161458
16 0.4450960 0.4878087 0.0282697 0.0161458
9 0.5890146 0.7203088 0.0282697 0.0161458
24 0.6609739 0.7203088 0.0282698 0.0161458
9 0.4450960 0.5459337 0.0282697 0.0161458
24 0.3011774 0.4878087 0.0282697 0.0161458
25 0.3731367 0.4296837 0.0282697 0.0161458
11 0.6609739 0.5459337 0.0282698 0.0161458
