10 0.6376810 0.4743969 0.0283789 0.0164721
1 0.4944966 0.4150973 0.0283789 0.0164721
32 0.6409059 0.5386382 0.5224295 0.4216862
33 0.6396160 0.3563467 0.4734115 0.0153740
27 0.4222594 0.4150973 0.0283789 0.0164721
17 0.7112082 0.4150973 0.0283789 0.0164721
6 0.8556825 0.4150973 0.0283789 0.0164721
19 0.7834453 0.4743969 0.0283788 0.0164721
15 0.4944966 0.5336965 0.0283789 0.0164721
16 0.7834453 0.5336965 0.0283788 0.0164721
5 0.8556825 0.5336965 0.0283789 0.0164721
11 0.4222594 0.5929961 0.0283789 0.0164722
30 0.4944966 0.5929961 0.0283789 0.0164722
9 0.6376810 0.5929961 0.0283789 0.0164722
23 0.7112082 0.5929961 0.0283789 0.0164722
1 0.4222594 0.6522957 0.0283789 0.0164721
12 0.4944966 0.6522957 0.0283789 0.0164721
34 0.6376810 0.6517467 0.0670774 0.0592996
15 0.6376810 0.6522957 0.0283789 0.0164721
20 0.7834453 0.6522957 0.0283788 0.0164721
31 0.8556825 0.6522957 0.0283789 0.0164721
2 0.4222594 0.7115955 0.0283789 0.0164721
26 0.7112082 0.7115955 0.0283789 0.0164721
4 0.7834453 0.7115955 0.0283788 0.0164721
24 0.8556825 0.7115955 0.0283789 0.0164721
18 0.5667338 0.4743969 0.0283789 0.0164721
2 0.5667338 0.5336965 0.0283789 0.0164721
5 0.5667338 0.6522957 0.0283789 0.0164721
11 0.7834453 0.4150973 0.0283788 0.0164721
28 0.4944966 0.4743969 0.0283789 0.0164721
27 0.4222594 0.4743969 0.0283789 0.0164721
28 0.4222594 0.5336965 0.0283789 0.0164721
24 0.8556825 0.4743969 0.0283789 0.0164721
8 0.5667338 0.7115955 0.0283789 0.0164721
17 0.7834453 0.5929961 0.0283788 0.0164722
18 0.6376810 0.4150973 0.0283789 0.0164721
14 0.4944966 0.7115955 0.0283789 0.0164721
25 0.8556825 0.5929961 0.0283789 0.0164722
13 0.6376810 0.5336965 0.0283789 0.0164721
19 0.7112082 0.4743969 0.0283789 0.0164721
19 0.6376810 0.7115955 0.0283789 0.0164721
21 0.5667338 0.4150973 0.0283789 0.0164721
21 0.7112082 0.6522957 0.0283789 0.0164721
13 0.7112082 0.5336965 0.0283789 0.0164721
31 0.5667338 0.5929961 0.0283789 0.0164722
