26 0.6542646 0.5278238 0.0272588 0.0170460
31 0.6542646 0.4050924 0.0272588 0.0170460
32 0.4479648 0.4715719 0.5018103 0.4363781
33 0.4467258 0.2829293 0.4547269 0.0159096
4 0.4448672 0.3437268 0.0272588 0.0170460
9 0.5154924 0.3437268 0.0272588 0.0170460
23 0.2379479 0.4050924 0.0272588 0.0170460
34 0.3767201 0.4045243 0.0644300 0.0613657
2 0.3767201 0.4050924 0.0272588 0.0170460
13 0.5154924 0.4050924 0.0272588 0.0170460
18 0.5848785 0.4050924 0.0272588 0.0170460
21 0.3073340 0.4664581 0.0272588 0.0170460
3 0.3767201 0.4664581 0.0272588 0.0170460
10 0.5154924 0.4664581 0.0272588 0.0170460
19 0.6542646 0.4664581 0.0272588 0.0170460
30 0.2379479 0.5278238 0.0272588 0.0170460
25 0.2379479 0.5891895 0.0272588 0.0170460
6 0.3073340 0.5891895 0.0272588 0.0170460
31 0.3767201 0.5891895 0.0272588 0.0170460
24 0.5154924 0.5891895 0.0272588 0.0170460
1 0.5848785 0.5891895 0.0272588 0.0170460
17 0.6542646 0.5891895 0.0272588 0.0170460
20 0.3767201 0.6505551 0.0272588 0.0170460
16 0.5154924 0.6505551 0.0272588 0.0170460
26 0.6542646 0.6505551 0.0272588 0.0170460
10 0.3073340 0.4050924 0.0272588 0.0170460
6 0.4448672 0.4664581 0.0272588 0.0170460
7 0.5154924 0.5278238 0.0272588 0.0170460
14 0.5848785 0.5278238 0.0272588 0.0170460
12 0.3073340 0.6505551 0.0272588 0.0170460
4 0.3767201 0.3437268 0.0272588 0.0170460
26 0.5848785 0.6505551 0.0272588 0.0170460
29 0.6542646 0.3437268 0.0272588 0.0170460
6 0.2379479 0.4664581 0.0272588 0.0170460
17 0.4448672 0.4050924 0.0272588 0.0170460
20 0.4448672 0.5891895 0.0272588 0.0170460
13 0.2379479 0.6505551 0.0272588 0.0170460
20 0.5848785 0.4664581 0.0272588 0.0170460
18 0.5848785 0.3437268 0.0272588 0.0170460
25 0.2379479 0.3437268 0.0272588 0.0170460
12 0.4448672 0.6505551 0.0272588 0.0170460
8 0.3073340 0.3437268 0.0272588 0.0170460
20 0.3767201 0.5278238 0.0272588 0.0170460
27 0.3073340 0.5278238 0.0272588 0.0170460
24 0.4448672 0.5278238 0.0272588 0.0170460
