21 0.4169029 0.3443986 0.0274677 0.0171524
26 0.3457366 0.4678960 0.0274677 0.0171524
32 0.3488580 0.4730417 0.5056555 0.4391020
33 0.3476094 0.2832216 0.4582113 0.0160089
34 0.4861964 0.3438268 0.0636751 0.0617487
21 0.4868207 0.3443986 0.0274677 0.0171524
22 0.4169029 0.4061473 0.0274677 0.0171524
18 0.4868207 0.4061473 0.0274677 0.0171524
3 0.1372318 0.4678960 0.0274677 0.0171524
23 0.2071495 0.4678960 0.0274677 0.0171524
14 0.2770673 0.4678960 0.0274677 0.0171524
17 0.2071495 0.5296447 0.0274677 0.0171524
29 0.2770673 0.5296447 0.0274677 0.0171524
26 0.3457366 0.5296447 0.0274677 0.0171524
9 0.4169029 0.5296447 0.0274677 0.0171524
24 0.2071495 0.5913934 0.0274677 0.0171524
2 0.2770673 0.5913934 0.0274677 0.0171524
31 0.4868207 0.5913934 0.0274677 0.0171524
21 0.5567385 0.5913934 0.0274677 0.0171524
11 0.1372318 0.6531421 0.0274677 0.0171524
13 0.2071495 0.6531421 0.0274677 0.0171524
10 0.2770673 0.6531421 0.0274677 0.0171524
30 0.3457366 0.6531421 0.0274677 0.0171524
16 0.4868207 0.6531421 0.0274677 0.0171524
15 0.5567385 0.6531421 0.0274677 0.0171524
25 0.5567385 0.4061473 0.0274677 0.0171524
31 0.4169029 0.6531421 0.0274677 0.0171524
15 0.5567385 0.4678960 0.0274677 0.0171524
14 0.3457366 0.4061473 0.0274677 0.0171524
15 0.2071495 0.4061473 0.0274677 0.0171524
21 0.1372318 0.5296447 0.0274677 0.0171524
1 0.5567385 0.5296447 0.0274677 0.0171524
10 0.1372318 0.5913934 0.0274677 0.0171524
3 0.2770673 0.3443986 0.0274677 0.0171524
7 0.2770673 0.4061473 0.0274677 0.0171524
16 0.4169029 0.5913934 0.0274677 0.0171524
30 0.2071495 0.3443986 0.0274677 0.0171524
11 0.3457366 0.5913934 0.0274677 0.0171524
4 0.1372318 0.4061473 0.0274677 0.0171524
26 0.4868207 0.4678960 0.0274677 0.0171524
21 0.5567385 0.3443986 0.0274677 0.0171524
7 0.4169029 0.4678960 0.0274677 0.0171524
26 0.1372318 0.3443986 0.0274677 0.0171524
15 0.4868207 0.5296447 0.0274677 0.0171524
3 0.3457366 0.3443986 0.0274677 0.0171524
