17 0.3628651 0.6193207 0.0274954 0.0168160
8 0.5015921 0.5587830 0.0274955 0.0168160
32 0.5047166 0.5638279 0.5061661 0.4304905
33 0.5034668 0.3777304 0.4586740 0.0156950
19 0.2928767 0.4377076 0.0274954 0.0168160
3 0.3628651 0.4377076 0.0274954 0.0168160
31 0.5728303 0.4377076 0.0274954 0.0168160
26 0.2928767 0.4982453 0.0274954 0.0168160
22 0.5015921 0.4982453 0.0274955 0.0168160
7 0.5728303 0.4982453 0.0274954 0.0168160
6 0.7128070 0.4982453 0.0274955 0.0168160
21 0.2928767 0.5587830 0.0274954 0.0168160
2 0.3628651 0.5587830 0.0274954 0.0168160
10 0.4328535 0.5587830 0.0274954 0.0168160
20 0.6428187 0.5587830 0.0274955 0.0168160
16 0.2928767 0.6193207 0.0274954 0.0168160
14 0.4328535 0.6193207 0.0274954 0.0168160
11 0.5728303 0.6193207 0.0274954 0.0168160
27 0.7128070 0.6193207 0.0274955 0.0168160
34 0.5722054 0.6792980 0.0662390 0.0605377
17 0.5728303 0.6798585 0.0274954 0.0168160
8 0.6428187 0.6798585 0.0274955 0.0168160
4 0.2928767 0.7403962 0.0274954 0.0168160
13 0.4328535 0.7403962 0.0274954 0.0168160
15 0.5015921 0.7403962 0.0274955 0.0168160
12 0.5728303 0.5587830 0.0274954 0.0168160
5 0.6428187 0.4982453 0.0274955 0.0168160
8 0.5728303 0.7403962 0.0274954 0.0168160
3 0.6428187 0.7403962 0.0274955 0.0168160
28 0.4328535 0.4982453 0.0274954 0.0168160
12 0.3628651 0.6798585 0.0274954 0.0168160
4 0.7128070 0.7403962 0.0274955 0.0168160
10 0.4328535 0.4377076 0.0274954 0.0168160
30 0.4328535 0.6798585 0.0274954 0.0168160
5 0.3628651 0.4982453 0.0274954 0.0168160
20 0.6428187 0.6193207 0.0274955 0.0168160
26 0.7128070 0.6798585 0.0274955 0.0168160
8 0.6428187 0.4377076 0.0274955 0.0168160
25 0.5015921 0.4377076 0.0274955 0.0168160
5 0.2928767 0.6798585 0.0274954 0.0168160
5 0.3628651 0.7403962 0.0274954 0.0168160
4 0.5015921 0.6798585 0.0274955 0.0168160
16 0.7128070 0.4377076 0.0274955 0.0168160
25 0.5015921 0.6193207 0.0274955 0.0168160
25 0.7128070 0.5587830 0.0274955 0.0168160
