4 0.6747762 0.3919888 0.0271825 0.0163262
20 0.3288178 0.2156659 0.0271824 0.0163262
32 0.4690545 0.3381124 0.5004041 0.4179507
33 0.4678189 0.1574358 0.4534526 0.0152378
9 0.3980095 0.2156659 0.0271824 0.0163262
30 0.6747762 0.2156659 0.0271825 0.0163262
21 0.3980095 0.2744402 0.0271824 0.0163262
6 0.5363928 0.2744402 0.0271824 0.0163262
34 0.3282000 0.3326703 0.0630139 0.0587743
10 0.3288178 0.3332145 0.0271824 0.0163262
13 0.3980095 0.3332145 0.0271824 0.0163262
4 0.5363928 0.3332145 0.0271824 0.0163262
3 0.2596261 0.3919888 0.0271824 0.0163262
20 0.3288178 0.3919888 0.0271824 0.0163262
14 0.3980095 0.3919888 0.0271824 0.0163262
17 0.5363928 0.3919888 0.0271824 0.0163262
15 0.6055845 0.3919888 0.0271824 0.0163262
19 0.2596261 0.4507631 0.0271824 0.0163262
25 0.3288178 0.4507631 0.0271824 0.0163262
31 0.3980095 0.4507631 0.0271824 0.0163262
16 0.6747762 0.4507631 0.0271825 0.0163262
12 0.2596261 0.5095375 0.0271824 0.0163262
29 0.3288178 0.5095375 0.0271824 0.0163262
5 0.5363928 0.5095375 0.0271824 0.0163262
7 0.6747762 0.5095375 0.0271825 0.0163262
29 0.5363928 0.2156659 0.0271824 0.0163262
19 0.3288178 0.2744402 0.0271824 0.0163262
28 0.4659656 0.2156659 0.0271825 0.0163262
6 0.2596261 0.3332145 0.0271824 0.0163262
8 0.6055845 0.2156659 0.0271824 0.0163262
22 0.2596261 0.2156659 0.0271824 0.0163262
17 0.6055845 0.2744402 0.0271824 0.0163262
3 0.6055845 0.4507631 0.0271824 0.0163262
22 0.4659656 0.2744402 0.0271825 0.0163262
31 0.4659656 0.5095375 0.0271825 0.0163262
1 0.4659656 0.4507631 0.0271825 0.0163262
1 0.6055845 0.3332145 0.0271824 0.0163262
10 0.4659656 0.3919888 0.0271825 0.0163262
9 0.2596261 0.2744402 0.0271824 0.0163262
4 0.6747762 0.2744402 0.0271825 0.0163262
14 0.6747762 0.3332145 0.0271825 0.0163262
27 0.6055845 0.5095375 0.0271824 0.0163262
28 0.5363928 0.4507631 0.0271824 0.0163262
10 0.4659656 0.3332145 0.0271825 0.0163262
27 0.3980095 0.5095375 0.0271824 0.0163262
