10 0.3403524 0.8237661 0.0277448 0.0174729
29 0.6934674 0.8237661 0.0277448 0.0174729
32 0.5541131 0.6403012 0.5107557 0.4473051
33 0.5528520 0.4469350 0.4628329 0.0163080
8 0.3403524 0.5092548 0.0277448 0.0174729
6 0.5509603 0.5092548 0.0277448 0.0174729
34 0.6928369 0.5086723 0.0643173 0.0629023
18 0.6934674 0.5092548 0.0277448 0.0174729
17 0.7640904 0.5092548 0.0277448 0.0174729
26 0.5509603 0.5721571 0.0277448 0.0174729
3 0.6228445 0.5721571 0.0277448 0.0174729
23 0.6934674 0.5721571 0.0277448 0.0174729
18 0.4109754 0.6350593 0.0277448 0.0174727
29 0.4815984 0.6350593 0.0277448 0.0174727
19 0.5509603 0.6350593 0.0277448 0.0174727
22 0.6934674 0.6350593 0.0277448 0.0174727
24 0.7640904 0.6350593 0.0277448 0.0174727
13 0.4815984 0.6979616 0.0277448 0.0174729
9 0.4815984 0.7608639 0.0277448 0.0174729
14 0.5509603 0.7608639 0.0277448 0.0174729
20 0.6228445 0.7608639 0.0277448 0.0174729
7 0.6934674 0.7608639 0.0277448 0.0174729
31 0.4815984 0.8237661 0.0277448 0.0174729
16 0.5509603 0.8237661 0.0277448 0.0174729
2 0.7640904 0.8237661 0.0277448 0.0174729
20 0.3403524 0.6350593 0.0277448 0.0174727
28 0.6228445 0.6350593 0.0277448 0.0174727
25 0.3403524 0.7608639 0.0277448 0.0174729
21 0.4109754 0.7608639 0.0277448 0.0174729
15 0.5509603 0.6979616 0.0277448 0.0174729
10 0.3403524 0.6979616 0.0277448 0.0174729
15 0.6228445 0.8237661 0.0277448 0.0174729
17 0.4109754 0.6979616 0.0277448 0.0174729
4 0.4815984 0.5092548 0.0277448 0.0174729
30 0.4109754 0.5721571 0.0277448 0.0174729
11 0.3403524 0.5721571 0.0277448 0.0174729
21 0.4109754 0.8237661 0.0277448 0.0174729
16 0.7640904 0.5721571 0.0277448 0.0174729
21 0.7640904 0.6979616 0.0277448 0.0174729
30 0.6934674 0.6979616 0.0277448 0.0174729
4 0.6228445 0.5092548 0.0277448 0.0174729
19 0.4815984 0.5721571 0.0277448 0.0174729
17 0.4109754 0.5092548 0.0277448 0.0174729
3 0.7640904 0.7608639 0.0277448 0.0174729
1 0.6228445 0.6979616 0.0277448 0.0174729
