22 0.4933369 0.7934846 0.0281028 0.0165613
17 0.7794746 0.4953796 0.0281028 0.0165614
32 0.6383218 0.6195900 0.5173471 0.4239714
33 0.6370444 0.4363107 0.4688060 0.0154573
11 0.4218025 0.4953796 0.0281028 0.0165614
27 0.4933369 0.4953796 0.0281028 0.0165614
3 0.6351284 0.4953796 0.0281028 0.0165614
22 0.7079402 0.4953796 0.0281028 0.0165614
5 0.8510091 0.4953796 0.0281028 0.0165614
21 0.4218025 0.5550006 0.0281028 0.0165614
14 0.4933369 0.5550006 0.0281028 0.0165614
8 0.6351284 0.5550006 0.0281028 0.0165614
34 0.4926982 0.6140696 0.0651474 0.0596210
2 0.4933369 0.6146216 0.0281028 0.0165613
7 0.5648713 0.6146216 0.0281028 0.0165613
23 0.7079402 0.6146216 0.0281028 0.0165613
20 0.8510091 0.6146216 0.0281028 0.0165613
17 0.4218025 0.6742426 0.0281028 0.0165613
10 0.5648713 0.6742426 0.0281028 0.0165613
30 0.6351284 0.6742426 0.0281028 0.0165613
25 0.4218025 0.7338635 0.0281028 0.0165613
16 0.6351284 0.7338635 0.0281028 0.0165613
9 0.8510091 0.7338635 0.0281028 0.0165613
4 0.7079402 0.7934846 0.0281028 0.0165613
31 0.8510091 0.7934846 0.0281028 0.0165613
7 0.6351284 0.7934846 0.0281028 0.0165613
28 0.4933369 0.7338635 0.0281028 0.0165613
20 0.7794746 0.7338635 0.0281028 0.0165613
1 0.7794746 0.7934846 0.0281028 0.0165613
12 0.4933369 0.6742426 0.0281028 0.0165613
30 0.5648713 0.5550006 0.0281028 0.0165614
17 0.5648713 0.4953796 0.0281028 0.0165614
24 0.5648713 0.7338635 0.0281028 0.0165613
19 0.8510091 0.6742426 0.0281028 0.0165613
1 0.7079402 0.5550006 0.0281028 0.0165614
25 0.4218025 0.7934846 0.0281028 0.0165613
28 0.7079402 0.7338635 0.0281028 0.0165613
10 0.7794746 0.5550006 0.0281028 0.0165614
16 0.8510091 0.5550006 0.0281028 0.0165614
27 0.4218025 0.6146216 0.0281028 0.0165613
2 0.7079402 0.6742426 0.0281028 0.0165613
1 0.7794746 0.6146216 0.0281028 0.0165613
30 0.6351284 0.6146216 0.0281028 0.0165613
5 0.7794746 0.6742426 0.0281028 0.0165613
28 0.5648713 0.7934846 0.0281028 0.0165613
