7 0.4128374 0.4856844 0.0265586 0.0170851
18 0.2788372 0.5471908 0.0265586 0.0170851
32 0.4158555 0.3677972 0.4889197 0.4373785
33 0.4146483 0.1787222 0.4430457 0.0159461
10 0.2112336 0.2396590 0.0265586 0.0170851
19 0.2788372 0.2396590 0.0265586 0.0170851
34 0.6168558 0.2390895 0.0627749 0.0615063
14 0.6168558 0.2396590 0.0265586 0.0170851
2 0.2788372 0.3011654 0.0265586 0.0170851
13 0.3464410 0.3011654 0.0265586 0.0170851
29 0.6168558 0.3011654 0.0265586 0.0170851
21 0.2112336 0.3626717 0.0265586 0.0170851
24 0.4128374 0.3626717 0.0265586 0.0170851
26 0.5492521 0.3626717 0.0265586 0.0170851
31 0.2788372 0.4241781 0.0265586 0.0170851
27 0.4128374 0.4241781 0.0265586 0.0170851
9 0.4816484 0.4241781 0.0265586 0.0170851
20 0.2788372 0.4856844 0.0265586 0.0170851
16 0.4816484 0.4856844 0.0265586 0.0170851
11 0.2112336 0.5471908 0.0265586 0.0170851
18 0.3464410 0.5471908 0.0265586 0.0170851
23 0.4128374 0.5471908 0.0265586 0.0170851
4 0.4816484 0.5471908 0.0265586 0.0170851
25 0.5492521 0.5471908 0.0265586 0.0170851
14 0.6168558 0.5471908 0.0265586 0.0170851
25 0.4128374 0.3011654 0.0265586 0.0170851
3 0.6168558 0.3626717 0.0265586 0.0170851
29 0.4816484 0.2396590 0.0265586 0.0170851
24 0.4816484 0.3626717 0.0265586 0.0170851
16 0.4816484 0.3011654 0.0265586 0.0170851
29 0.5492521 0.4241781 0.0265586 0.0170851
29 0.4128374 0.2396590 0.0265586 0.0170851
13 0.6168558 0.4856844 0.0265586 0.0170851
7 0.3464410 0.4856844 0.0265586 0.0170851
17 0.3464410 0.2396590 0.0265586 0.0170851
17 0.3464410 0.4241781 0.0265586 0.0170851
27 0.3464410 0.3626717 0.0265586 0.0170851
7 0.5492521 0.2396590 0.0265586 0.0170851
29 0.2788372 0.3626717 0.0265586 0.0170851
24 0.5492521 0.3011654 0.0265586 0.0170851
13 0.2112336 0.4241781 0.0265586 0.0170851
5 0.2112336 0.3011654 0.0265586 0.0170851
13 0.5492521 0.4856844 0.0265586 0.0170851
13 0.6168558 0.4241781 0.0265586 0.0170851
14 0.2112336 0.4856844 0.0265586 0.0170851
