11 0.1091931 0.5148321 0.0266048 0.0165483
27 0.3111474 0.3361096 0.0266047 0.0165484
32 0.3141707 0.4006483 0.4897694 0.4236383
33 0.3129614 0.2175130 0.4438157 0.0154451
4 0.1091931 0.2765355 0.0266048 0.0165484
5 0.3800779 0.2765355 0.0266048 0.0165484
2 0.1769143 0.3361096 0.0266047 0.0165484
34 0.3794733 0.3355580 0.0640933 0.0595741
3 0.3800779 0.3361096 0.0266048 0.0165484
12 0.1769143 0.3956838 0.0266047 0.0165483
22 0.2446355 0.3956838 0.0266048 0.0165483
31 0.3111474 0.3956838 0.0266047 0.0165483
13 0.3800779 0.3956838 0.0266048 0.0165483
3 0.4477991 0.3956838 0.0266048 0.0165483
8 0.5155203 0.3956838 0.0266047 0.0165483
10 0.1091931 0.4552579 0.0266048 0.0165484
9 0.3800779 0.4552579 0.0266048 0.0165484
7 0.4477991 0.4552579 0.0266048 0.0165484
16 0.5155203 0.4552579 0.0266047 0.0165484
20 0.3111474 0.5148321 0.0266047 0.0165483
26 0.4477991 0.5148321 0.0266048 0.0165483
6 0.5155203 0.5148321 0.0266047 0.0165483
15 0.1091931 0.5744062 0.0266048 0.0165484
17 0.3800779 0.5744062 0.0266048 0.0165484
30 0.4477991 0.5744062 0.0266048 0.0165484
17 0.1769143 0.5744062 0.0266047 0.0165484
1 0.2446355 0.4552579 0.0266048 0.0165484
2 0.5155203 0.5744062 0.0266047 0.0165484
31 0.3800779 0.5148321 0.0266048 0.0165483
31 0.1769143 0.5148321 0.0266047 0.0165483
15 0.4477991 0.3361096 0.0266048 0.0165484
3 0.5155203 0.3361096 0.0266047 0.0165484
31 0.5155203 0.2765355 0.0266047 0.0165484
9 0.2446355 0.2765355 0.0266048 0.0165484
4 0.2446355 0.3361096 0.0266048 0.0165484
20 0.1769143 0.4552579 0.0266047 0.0165484
1 0.3111474 0.2765355 0.0266047 0.0165484
3 0.1769143 0.2765355 0.0266047 0.0165484
15 0.3111474 0.5744062 0.0266047 0.0165484
12 0.2446355 0.5744062 0.0266048 0.0165484
14 0.4477991 0.2765355 0.0266048 0.0165484
10 0.3111474 0.4552579 0.0266047 0.0165484
13 0.1091931 0.3361096 0.0266048 0.0165484
7 0.2446355 0.5148321 0.0266048 0.0165483
20 0.1091931 0.3956838 0.0266048 0.0165483
