1 0.5691213 0.4462429 0.0285911 0.0174602
13 0.4950444 0.5719565 0.0285911 0.0174603
32 0.4982934 0.5771946 0.5263357 0.4469818
33 0.4969938 0.3839680 0.4769511 0.0162962
9 0.2780122 0.4462429 0.0285911 0.0174602
7 0.4235668 0.4462429 0.0285911 0.0174602
29 0.4950444 0.4462429 0.0285911 0.0174602
16 0.2780122 0.5090997 0.0285911 0.0174603
34 0.4235667 0.5085177 0.0675789 0.0628568
26 0.4235668 0.5090997 0.0285911 0.0174603
10 0.6418987 0.5090997 0.0285911 0.0174603
18 0.7146759 0.5090997 0.0285911 0.0174603
26 0.3507895 0.5719565 0.0285911 0.0174603
8 0.6418987 0.5719565 0.0285911 0.0174603
2 0.7146759 0.5719565 0.0285911 0.0174603
31 0.2780122 0.6348134 0.0285911 0.0174602
24 0.5691213 0.6348134 0.0285911 0.0174602
14 0.7146759 0.6348134 0.0285911 0.0174602
13 0.3507895 0.6976702 0.0285911 0.0174603
15 0.4950444 0.6976702 0.0285911 0.0174603
25 0.5691213 0.6976702 0.0285911 0.0174603
22 0.7146759 0.6976702 0.0285911 0.0174603
12 0.4235668 0.7605269 0.0285911 0.0174602
20 0.5691213 0.7605269 0.0285911 0.0174602
23 0.7146759 0.7605269 0.0285911 0.0174602
16 0.4950444 0.5090997 0.0285911 0.0174603
6 0.4235668 0.6976702 0.0285911 0.0174603
2 0.2780122 0.5719565 0.0285911 0.0174603
19 0.4235668 0.6348134 0.0285911 0.0174602
1 0.3507895 0.7605269 0.0285911 0.0174602
16 0.3507895 0.4462429 0.0285911 0.0174602
19 0.5691213 0.5719565 0.0285911 0.0174603
4 0.5691213 0.5090997 0.0285911 0.0174603
16 0.3507895 0.5090997 0.0285911 0.0174603
10 0.3507895 0.6348134 0.0285911 0.0174602
18 0.4235668 0.5719565 0.0285911 0.0174603
5 0.2780122 0.7605269 0.0285911 0.0174602
12 0.4950444 0.7605269 0.0285911 0.0174602
22 0.6418987 0.6348134 0.0285911 0.0174602
6 0.6418987 0.6976702 0.0285911 0.0174603
18 0.6418987 0.7605269 0.0285911 0.0174602
29 0.6418987 0.4462429 0.0285911 0.0174602
19 0.7146759 0.4462429 0.0285911 0.0174602
3 0.4950444 0.6348134 0.0285911 0.0174602
20 0.2780122 0.6976702 0.0285911 0.0174603
