17 0.4354527 0.5269658 0.0275224 0.0171967
11 0.2252813 0.7745974 0.0275224 0.0171967
32 0.3672721 0.5940327 0.5066633 0.4402340
33 0.3660211 0.4037232 0.4591245 0.0160502
3 0.1552241 0.4650578 0.0275224 0.0171966
22 0.2252813 0.4650578 0.0275224 0.0171966
14 0.2953384 0.4650578 0.0275224 0.0171966
8 0.4354527 0.4650578 0.0275224 0.0171966
29 0.5055099 0.4650578 0.0275224 0.0171966
19 0.2252813 0.5269658 0.0275224 0.0171967
30 0.2953384 0.5269658 0.0275224 0.0171967
5 0.3641445 0.5269658 0.0275225 0.0171967
2 0.5055099 0.5269658 0.0275224 0.0171967
4 0.2953384 0.5888737 0.0275224 0.0171967
9 0.3641445 0.5888737 0.0275225 0.0171967
7 0.5055099 0.5888737 0.0275224 0.0171967
1 0.1552241 0.6507816 0.0275224 0.0171966
13 0.2953384 0.6507816 0.0275224 0.0171966
18 0.3641445 0.6507816 0.0275225 0.0171966
12 0.4354527 0.6507816 0.0275224 0.0171966
34 0.5048843 0.6502083 0.0638021 0.0619079
4 0.5055099 0.6507816 0.0275224 0.0171966
17 0.1552241 0.7126895 0.0275224 0.0171967
11 0.2953384 0.7126895 0.0275224 0.0171967
27 0.5055099 0.7126895 0.0275224 0.0171967
25 0.4354527 0.7745974 0.0275224 0.0171967
10 0.2953384 0.7745974 0.0275224 0.0171967
13 0.3641445 0.4650578 0.0275225 0.0171966
14 0.4354527 0.5888737 0.0275224 0.0171967
15 0.5755670 0.5269658 0.0275224 0.0171967
12 0.3641445 0.7126895 0.0275225 0.0171967
20 0.5755670 0.7126895 0.0275224 0.0171967
6 0.1552241 0.5269658 0.0275224 0.0171967
4 0.1552241 0.7745974 0.0275224 0.0171967
15 0.3641445 0.7745974 0.0275225 0.0171967
22 0.4354527 0.7126895 0.0275224 0.0171967
3 0.1552241 0.5888737 0.0275224 0.0171967
12 0.5755670 0.6507816 0.0275224 0.0171966
15 0.2252813 0.7126895 0.0275224 0.0171967
5 0.5755670 0.5888737 0.0275224 0.0171967
1 0.5055099 0.7745974 0.0275224 0.0171967
7 0.2252813 0.6507816 0.0275224 0.0171966
22 0.5755670 0.4650578 0.0275224 0.0171966
14 0.2252813 0.5888737 0.0275224 0.0171967
9 0.5755670 0.7745974 0.0275224 0.0171967
