28 0.3026419 0.6047129 0.0271730 0.0164445
22 0.5089101 0.4271124 0.0271731 0.0164445
32 0.5119979 0.5504461 0.5002312 0.4209788
33 0.5107628 0.3684604 0.4532959 0.0153482
7 0.3026419 0.4271124 0.0271730 0.0164445
22 0.3718097 0.4271124 0.0271730 0.0164445
25 0.5793130 0.4271124 0.0271731 0.0164445
4 0.6484808 0.4271124 0.0271730 0.0164445
19 0.4409775 0.4863126 0.0271730 0.0164445
34 0.5089101 0.4857644 0.0642272 0.0592002
5 0.5089101 0.4863126 0.0271731 0.0164445
14 0.5793130 0.4863126 0.0271731 0.0164445
13 0.6484808 0.4863126 0.0271730 0.0164445
3 0.7176485 0.4863126 0.0271730 0.0164445
11 0.4409775 0.5455127 0.0271730 0.0164444
23 0.3718097 0.6047129 0.0271730 0.0164445
21 0.4409775 0.6047129 0.0271730 0.0164445
5 0.5089101 0.6047129 0.0271731 0.0164445
6 0.5793130 0.6047129 0.0271731 0.0164445
20 0.6484808 0.6047129 0.0271730 0.0164445
2 0.3026419 0.6639130 0.0271730 0.0164445
18 0.3718097 0.6639130 0.0271730 0.0164445
8 0.5089101 0.6639130 0.0271731 0.0164445
1 0.4409775 0.7231132 0.0271730 0.0164445
17 0.6484808 0.7231132 0.0271730 0.0164445
8 0.3026419 0.7231132 0.0271730 0.0164445
14 0.4409775 0.6639130 0.0271730 0.0164445
31 0.5793130 0.7231132 0.0271731 0.0164445
14 0.5793130 0.5455127 0.0271731 0.0164444
3 0.3718097 0.4863126 0.0271730 0.0164445
18 0.5089101 0.5455127 0.0271731 0.0164444
15 0.3026419 0.4863126 0.0271730 0.0164445
2 0.3718097 0.7231132 0.0271730 0.0164445
8 0.7176485 0.6639130 0.0271730 0.0164445
30 0.7176485 0.6047129 0.0271730 0.0164445
19 0.4409775 0.4271124 0.0271730 0.0164445
17 0.6484808 0.6639130 0.0271730 0.0164445
8 0.7176485 0.4271124 0.0271730 0.0164445
29 0.5793130 0.6639130 0.0271731 0.0164445
19 0.6484808 0.5455127 0.0271730 0.0164444
9 0.7176485 0.7231132 0.0271730 0.0164445
16 0.3026419 0.5455127 0.0271730 0.0164444
19 0.7176485 0.5455127 0.0271730 0.0164444
22 0.3718097 0.5455127 0.0271730 0.0164444
4 0.5089101 0.7231132 0.0271731 0.0164445
