3 0.5913158 0.5399056 0.0262522 0.0162060
13 0.5256854 0.6565888 0.0262522 0.0162060
32 0.5942990 0.4864258 0.4832785 0.4148736
33 0.5931057 0.3070794 0.4379339 0.0151256
17 0.3920380 0.3648808 0.0262522 0.0162060
10 0.4588617 0.3648808 0.0262522 0.0162060
29 0.5256854 0.3648808 0.0262522 0.0162060
13 0.7261565 0.3648808 0.0262521 0.0162060
8 0.7929802 0.3648808 0.0262521 0.0162060
25 0.3920380 0.4232225 0.0262522 0.0162060
18 0.5256854 0.4232225 0.0262522 0.0162060
7 0.7261565 0.4232225 0.0262521 0.0162060
27 0.7929802 0.4232225 0.0262521 0.0162060
23 0.4588617 0.4815640 0.0262522 0.0162060
20 0.5256854 0.4815640 0.0262522 0.0162060
6 0.5256854 0.5399056 0.0262522 0.0162060
34 0.6587362 0.5393654 0.0632439 0.0583416
21 0.6593327 0.5399056 0.0262522 0.0162060
31 0.7261565 0.5399056 0.0262521 0.0162060
3 0.5256854 0.5982472 0.0262522 0.0162060
11 0.5913158 0.5982472 0.0262522 0.0162060
30 0.7261565 0.5982472 0.0262521 0.0162060
15 0.4588617 0.6565888 0.0262522 0.0162060
19 0.6593327 0.6565888 0.0262522 0.0162060
16 0.7261565 0.6565888 0.0262521 0.0162060
4 0.7929802 0.4815640 0.0262521 0.0162060
18 0.7261565 0.4815640 0.0262521 0.0162060
18 0.5913158 0.4232225 0.0262522 0.0162060
17 0.6593327 0.5982472 0.0262522 0.0162060
29 0.4588617 0.4232225 0.0262522 0.0162060
9 0.7929802 0.5982472 0.0262521 0.0162060
13 0.5913158 0.3648808 0.0262522 0.0162060
18 0.3920380 0.4815640 0.0262522 0.0162060
16 0.3920380 0.5399056 0.0262522 0.0162060
20 0.6593327 0.4232225 0.0262522 0.0162060
4 0.7929802 0.5399056 0.0262521 0.0162060
28 0.4588617 0.5399056 0.0262522 0.0162060
31 0.6593327 0.4815640 0.0262522 0.0162060
28 0.5913158 0.6565888 0.0262522 0.0162060
16 0.6593327 0.3648808 0.0262522 0.0162060
30 0.7929802 0.6565888 0.0262521 0.0162060
21 0.4588617 0.5982472 0.0262522 0.0162060
9 0.3920380 0.5982472 0.0262522 0.0162060
27 0.5913158 0.4815640 0.0262522 0.0162060
20 0.3920380 0.6565888 0.0262522 0.0162060
