9 0.3379798 0.2522159 0.0280215 0.0171578
12 0.1252716 0.4992877 0.0280214 0.0171577
32 0.3411640 0.3808991 0.5158491 0.4392387
33 0.3398903 0.1910199 0.4674484 0.0160139
34 0.4812712 0.2516440 0.0649588 0.0617680
19 0.4819080 0.2522159 0.0280214 0.0171578
5 0.1252716 0.3139838 0.0280214 0.0171578
9 0.1965989 0.3139838 0.0280214 0.0171578
23 0.2679262 0.3139838 0.0280214 0.0171578
25 0.3379798 0.3139838 0.0280215 0.0171578
10 0.5532353 0.3139838 0.0280214 0.0171578
24 0.1252716 0.3757518 0.0280214 0.0171577
26 0.1965989 0.3757518 0.0280214 0.0171577
27 0.3379798 0.3757518 0.0280215 0.0171577
1 0.4819080 0.3757518 0.0280214 0.0171577
14 0.1252716 0.4375197 0.0280214 0.0171578
2 0.2679262 0.4992877 0.0280214 0.0171577
30 0.3379798 0.4992877 0.0280215 0.0171577
20 0.4105807 0.4992877 0.0280214 0.0171577
15 0.1252716 0.5610556 0.0280214 0.0171578
11 0.2679262 0.5610556 0.0280214 0.0171578
19 0.3379798 0.5610556 0.0280215 0.0171578
16 0.4105807 0.5610556 0.0280214 0.0171578
4 0.4819080 0.5610556 0.0280214 0.0171578
13 0.5532353 0.5610556 0.0280214 0.0171578
18 0.4105807 0.4375197 0.0280214 0.0171578
19 0.5532353 0.4992877 0.0280214 0.0171577
26 0.5532353 0.3757518 0.0280214 0.0171577
21 0.4105807 0.3757518 0.0280214 0.0171577
11 0.5532353 0.4375197 0.0280214 0.0171578
7 0.1965989 0.5610556 0.0280214 0.0171578
4 0.1965989 0.4992877 0.0280214 0.0171577
26 0.4819080 0.4992877 0.0280214 0.0171577
19 0.1252716 0.2522159 0.0280214 0.0171578
27 0.4819080 0.4375197 0.0280214 0.0171578
18 0.4819080 0.3139838 0.0280214 0.0171578
6 0.1965989 0.4375197 0.0280214 0.0171578
16 0.4105807 0.3139838 0.0280214 0.0171578
10 0.5532353 0.2522159 0.0280214 0.0171578
25 0.3379798 0.4375197 0.0280215 0.0171578
14 0.1965989 0.2522159 0.0280214 0.0171578
20 0.2679262 0.4375197 0.0280214 0.0171578
7 0.2679262 0.2522159 0.0280214 0.0171578
2 0.2679262 0.3757518 0.0280214 0.0171577
12 0.4105807 0.2522159 0.0280214 0.0171578
