10 0.4969601 0.4175103 0.0276940 0.0159263
27 0.2149847 0.3028413 0.0276940 0.0159262
32 0.3578606 0.4222882 0.5098215 0.4077121
33 0.3566018 0.2460377 0.4619865 0.0148645
22 0.1444909 0.3028413 0.0276940 0.0159262
15 0.4969601 0.3028413 0.0276940 0.0159262
34 0.5674539 0.3023105 0.0654586 0.0573345
20 0.5674539 0.3028413 0.0276940 0.0159262
4 0.1444909 0.3601758 0.0276940 0.0159263
23 0.2149847 0.3601758 0.0276940 0.0159263
19 0.4969601 0.3601758 0.0276940 0.0159263
9 0.1444909 0.4175103 0.0276940 0.0159263
24 0.3547136 0.4175103 0.0276940 0.0159263
25 0.5674539 0.4175103 0.0276940 0.0159263
26 0.1444909 0.4748449 0.0276940 0.0159263
1 0.5674539 0.4748449 0.0276940 0.0159263
14 0.2854785 0.5321794 0.0276940 0.0159262
21 0.3547136 0.5321794 0.0276940 0.0159262
12 0.4264662 0.5321794 0.0276940 0.0159262
29 0.4969601 0.5321794 0.0276940 0.0159262
7 0.5674539 0.5321794 0.0276940 0.0159262
8 0.2149847 0.5895139 0.0276940 0.0159262
31 0.3547136 0.5895139 0.0276940 0.0159262
13 0.4264662 0.5895139 0.0276940 0.0159262
10 0.5674539 0.5895139 0.0276940 0.0159262
31 0.4264662 0.4175103 0.0276940 0.0159263
6 0.5674539 0.3601758 0.0276940 0.0159263
7 0.4264662 0.3028413 0.0276940 0.0159262
3 0.4969601 0.4748449 0.0276940 0.0159263
22 0.1444909 0.5321794 0.0276940 0.0159262
5 0.1444909 0.5895139 0.0276940 0.0159262
30 0.2854785 0.4748449 0.0276940 0.0159263
7 0.2149847 0.4175103 0.0276940 0.0159263
24 0.3547136 0.4748449 0.0276940 0.0159263
2 0.2149847 0.5321794 0.0276940 0.0159262
8 0.3547136 0.3028413 0.0276940 0.0159262
25 0.2854785 0.3028413 0.0276940 0.0159262
13 0.4264662 0.4748449 0.0276940 0.0159263
11 0.4264662 0.3601758 0.0276940 0.0159263
30 0.2854785 0.5895139 0.0276940 0.0159262
28 0.2149847 0.4748449 0.0276940 0.0159263
19 0.2854785 0.4175103 0.0276940 0.0159263
24 0.4969601 0.5895139 0.0276940 0.0159262
6 0.2854785 0.3601758 0.0276940 0.0159263
6 0.3547136 0.3601758 0.0276940 0.0159263
