19 0.1452293 0.2606363 0.0265118 0.0164495
7 0.3476827 0.4382908 0.0265117 0.0164494
32 0.2820059 0.3840075 0.4880573 0.4211068
33 0.2808008 0.2019665 0.4422643 0.0153529
23 0.2127138 0.2606363 0.0265118 0.0164495
17 0.2789932 0.2606363 0.0265118 0.0164495
29 0.4826517 0.2606363 0.0265118 0.0164495
8 0.0777449 0.3198545 0.0265118 0.0164495
10 0.2127138 0.3198545 0.0265118 0.0164495
27 0.2789932 0.3198545 0.0265118 0.0164495
25 0.3476827 0.3198545 0.0265117 0.0164495
31 0.1452293 0.3790726 0.0265118 0.0164494
9 0.3476827 0.3790726 0.0265117 0.0164494
3 0.4151672 0.3790726 0.0265118 0.0164494
7 0.0777449 0.4382908 0.0265118 0.0164494
26 0.2127138 0.4382908 0.0265118 0.0164494
13 0.2789932 0.4382908 0.0265118 0.0164494
1 0.4151672 0.4382908 0.0265118 0.0164494
34 0.4826517 0.4377425 0.0626641 0.0592181
31 0.4826517 0.4382908 0.0265118 0.0164494
21 0.2789932 0.4975090 0.0265118 0.0164495
22 0.4151672 0.4975090 0.0265118 0.0164495
6 0.2127138 0.5567271 0.0265118 0.0164495
2 0.2789932 0.5567271 0.0265118 0.0164495
5 0.4826517 0.5567271 0.0265118 0.0164495
12 0.4826517 0.3790726 0.0265118 0.0164494
5 0.1452293 0.3198545 0.0265118 0.0164495
6 0.3476827 0.4975090 0.0265117 0.0164495
5 0.1452293 0.4975090 0.0265118 0.0164495
5 0.3476827 0.2606363 0.0265117 0.0164495
11 0.0777449 0.2606363 0.0265118 0.0164495
17 0.0777449 0.5567271 0.0265118 0.0164495
17 0.0777449 0.3790726 0.0265118 0.0164494
30 0.2127138 0.3790726 0.0265118 0.0164494
17 0.2789932 0.3790726 0.0265118 0.0164494
17 0.4151672 0.5567271 0.0265118 0.0164495
18 0.1452293 0.4382908 0.0265118 0.0164494
22 0.2127138 0.4975090 0.0265118 0.0164495
26 0.0777449 0.4975090 0.0265118 0.0164495
14 0.4826517 0.3198545 0.0265118 0.0164495
30 0.4151672 0.3198545 0.0265118 0.0164495
2 0.4826517 0.4975090 0.0265118 0.0164495
12 0.4151672 0.2606363 0.0265118 0.0164495
6 0.3476827 0.5567271 0.0265117 0.0164495
3 0.1452293 0.5567271 0.0265118 0.0164495
