9 0.2803691 0.7162461 0.0270776 0.0174934
24 0.4169878 0.4013641 0.0270776 0.0174934
32 0.4200647 0.5325649 0.4984734 0.4478321
33 0.4188340 0.3389708 0.4517031 0.0163272
26 0.2803691 0.4013641 0.0270776 0.0174934
1 0.2114444 0.4643405 0.0270776 0.0174935
30 0.3492938 0.4643405 0.0270776 0.0174935
19 0.6249927 0.4643405 0.0270776 0.0174935
14 0.2803691 0.5273169 0.0270776 0.0174934
23 0.4169878 0.5273169 0.0270776 0.0174934
6 0.6249927 0.5273169 0.0270776 0.0174934
10 0.2114444 0.5902932 0.0270776 0.0174934
13 0.3492938 0.5902932 0.0270776 0.0174934
21 0.4169878 0.5902932 0.0270776 0.0174934
5 0.4871433 0.5902932 0.0270776 0.0174934
15 0.5560680 0.5902932 0.0270776 0.0174934
34 0.4169878 0.6526865 0.0640015 0.0629764
11 0.4169878 0.6532697 0.0270776 0.0174935
24 0.6249927 0.6532697 0.0270776 0.0174935
2 0.3492938 0.7162461 0.0270776 0.0174934
7 0.4169878 0.7162461 0.0270776 0.0174934
16 0.4871433 0.7162461 0.0270776 0.0174934
11 0.5560680 0.7162461 0.0270776 0.0174934
22 0.6249927 0.7162461 0.0270776 0.0174934
14 0.2114444 0.5273169 0.0270776 0.0174934
24 0.2803691 0.4643405 0.0270776 0.0174935
16 0.2114444 0.4013641 0.0270776 0.0174934
7 0.4169878 0.4643405 0.0270776 0.0174935
9 0.4871433 0.6532697 0.0270776 0.0174935
2 0.3492938 0.5273169 0.0270776 0.0174934
27 0.3492938 0.6532697 0.0270776 0.0174935
28 0.4871433 0.4013641 0.0270776 0.0174934
10 0.2803691 0.5902932 0.0270776 0.0174934
27 0.5560680 0.6532697 0.0270776 0.0174935
12 0.5560680 0.4643405 0.0270776 0.0174935
9 0.2114444 0.7162461 0.0270776 0.0174934
2 0.2803691 0.6532697 0.0270776 0.0174935
6 0.3492938 0.4013641 0.0270776 0.0174934
6 0.6249927 0.4013641 0.0270776 0.0174934
10 0.4871433 0.5273169 0.0270776 0.0174934
16 0.6249927 0.5902932 0.0270776 0.0174934
11 0.4871433 0.4643405 0.0270776 0.0174935
30 0.5560680 0.4013641 0.0270776 0.0174934
14 0.2114444 0.6532697 0.0270776 0.0174935
13 0.5560680 0.5273169 0.0270776 0.0174934
