4 0.6754194 0.5399636 0.0272217 0.0174047
21 0.6754194 0.6652775 0.0272217 0.0174047
32 0.4694008 0.5451850 0.5011263 0.4455604
33 0.4681635 0.3525730 0.4541071 0.0162444
7 0.2596702 0.4146497 0.0272217 0.0174047
24 0.3982533 0.4146497 0.0272217 0.0174047
12 0.2596702 0.4773067 0.0272217 0.0174047
16 0.5368363 0.4773067 0.0272217 0.0174047
26 0.6754194 0.4773067 0.0272217 0.0174047
10 0.3289617 0.5399636 0.0272217 0.0174047
1 0.3982533 0.5399636 0.0272217 0.0174047
4 0.4663074 0.5399636 0.0272217 0.0174047
27 0.6061279 0.5399636 0.0272217 0.0174047
21 0.2596702 0.6026206 0.0272217 0.0174047
34 0.3283430 0.6020404 0.0631048 0.0626569
18 0.3289617 0.6026206 0.0272217 0.0174047
17 0.3982533 0.6026206 0.0272217 0.0174047
13 0.5368363 0.6026206 0.0272217 0.0174047
23 0.6754194 0.6026206 0.0272217 0.0174047
30 0.3982533 0.6652775 0.0272217 0.0174047
15 0.4663074 0.6652775 0.0272217 0.0174047
22 0.6061279 0.6652775 0.0272217 0.0174047
29 0.6061279 0.7279344 0.0272217 0.0174046
14 0.6754194 0.7279344 0.0272217 0.0174046
20 0.6061279 0.4773067 0.0272217 0.0174047
17 0.3982533 0.4773067 0.0272217 0.0174047
7 0.6061279 0.4146497 0.0272217 0.0174047
28 0.4663074 0.4146497 0.0272217 0.0174047
12 0.2596702 0.7279344 0.0272217 0.0174046
24 0.3289617 0.7279344 0.0272217 0.0174046
2 0.5368363 0.5399636 0.0272217 0.0174047
7 0.6754194 0.4146497 0.0272217 0.0174047
27 0.6061279 0.6026206 0.0272217 0.0174047
3 0.3289617 0.6652775 0.0272217 0.0174047
28 0.2596702 0.5399636 0.0272217 0.0174047
25 0.4663074 0.7279344 0.0272217 0.0174046
4 0.5368363 0.7279344 0.0272217 0.0174046
25 0.3289617 0.4773067 0.0272217 0.0174047
16 0.4663074 0.4773067 0.0272217 0.0174047
14 0.3982533 0.7279344 0.0272217 0.0174046
1 0.4663074 0.6026206 0.0272217 0.0174047
18 0.5368363 0.4146497 0.0272217 0.0174047
18 0.2596702 0.6652775 0.0272217 0.0174047
24 0.5368363 0.6652775 0.0272217 0.0174047
25 0.3289617 0.4146497 0.0272217 0.0174047
