12 0.4955882 0.7906696 0.0268985 0.0169667
5 0.3586502 0.7906696 0.0268985 0.0169667
32 0.4289532 0.6125195 0.4951773 0.4343470
33 0.4277305 0.4247549 0.4487163 0.0158356
34 0.2895699 0.4847039 0.0623557 0.0610801
4 0.2901812 0.4852694 0.0268985 0.0169667
12 0.3586502 0.4852694 0.0268985 0.0169667
23 0.6325261 0.4852694 0.0268985 0.0169667
30 0.2217123 0.5463495 0.0268985 0.0169667
19 0.4258965 0.5463495 0.0268985 0.0169667
22 0.6325261 0.5463495 0.0268985 0.0169667
16 0.2901812 0.6074295 0.0268985 0.0169667
27 0.3586502 0.6074295 0.0268985 0.0169667
24 0.4258965 0.6074295 0.0268985 0.0169667
6 0.5640571 0.6074295 0.0268985 0.0169667
7 0.6325261 0.6074295 0.0268985 0.0169667
31 0.2217123 0.6685095 0.0268985 0.0169667
1 0.2901812 0.6685095 0.0268985 0.0169667
26 0.4258965 0.6685095 0.0268985 0.0169667
17 0.4955882 0.7295896 0.0268985 0.0169667
18 0.5640571 0.7295896 0.0268985 0.0169667
11 0.6325261 0.7295896 0.0268985 0.0169667
9 0.2901812 0.7906696 0.0268985 0.0169667
10 0.5640571 0.7906696 0.0268985 0.0169667
26 0.4955882 0.5463495 0.0268985 0.0169667
3 0.4258965 0.7906696 0.0268985 0.0169667
5 0.3586502 0.7295896 0.0268985 0.0169667
30 0.2901812 0.7295896 0.0268985 0.0169667
17 0.2217123 0.7906696 0.0268985 0.0169667
30 0.4955882 0.6074295 0.0268985 0.0169667
31 0.2217123 0.4852694 0.0268985 0.0169667
19 0.3586502 0.5463495 0.0268985 0.0169667
16 0.4258965 0.4852694 0.0268985 0.0169667
6 0.4955882 0.4852694 0.0268985 0.0169667
17 0.2217123 0.6074295 0.0268985 0.0169667
13 0.6325261 0.7906696 0.0268985 0.0169667
12 0.6325261 0.6685095 0.0268985 0.0169667
17 0.5640571 0.4852694 0.0268985 0.0169667
2 0.4258965 0.7295896 0.0268985 0.0169667
6 0.2217123 0.7295896 0.0268985 0.0169667
29 0.5640571 0.6685095 0.0268985 0.0169667
27 0.5640571 0.5463495 0.0268985 0.0169667
10 0.3586502 0.6685095 0.0268985 0.0169667
16 0.2901812 0.5463495 0.0268985 0.0169667
8 0.4955882 0.6685095 0.0268985 0.0169667
