27 0.1877275 0.2865263 0.0275110 0.0162266
2 0.6078954 0.3449422 0.0275110 0.0162267
32 0.3996872 0.3498102 0.5064523 0.4154023
33 0.3984367 0.1702353 0.4589333 0.0151449
2 0.1877275 0.2281104 0.0275110 0.0162267
19 0.3277834 0.2281104 0.0275110 0.0162267
1 0.5378674 0.2281104 0.0275110 0.0162267
7 0.2577555 0.2865263 0.0275110 0.0162266
25 0.4678394 0.2865263 0.0275110 0.0162266
30 0.6078954 0.2865263 0.0275110 0.0162266
27 0.1877275 0.3449422 0.0275110 0.0162267
23 0.2577555 0.3449422 0.0275110 0.0162267
11 0.5378674 0.3449422 0.0275110 0.0162267
34 0.2571302 0.4028173 0.0637755 0.0584159
21 0.2577555 0.4033582 0.0275110 0.0162266
31 0.3277834 0.4033582 0.0275110 0.0162266
10 0.3965609 0.4033582 0.0275110 0.0162266
15 0.2577555 0.4617741 0.0275110 0.0162266
14 0.4678394 0.4617741 0.0275110 0.0162266
8 0.5378674 0.4617741 0.0275110 0.0162266
17 0.1877275 0.5201901 0.0275110 0.0162267
18 0.3277834 0.5201901 0.0275110 0.0162267
24 0.5378674 0.5201901 0.0275110 0.0162267
16 0.6078954 0.5201901 0.0275110 0.0162267
11 0.4678394 0.3449422 0.0275110 0.0162267
6 0.2577555 0.2281104 0.0275110 0.0162267
14 0.4678394 0.4033582 0.0275110 0.0162266
7 0.6078954 0.2281104 0.0275110 0.0162267
15 0.3277834 0.3449422 0.0275110 0.0162267
19 0.3965609 0.2281104 0.0275110 0.0162267
20 0.6078954 0.4033582 0.0275110 0.0162266
17 0.5378674 0.2865263 0.0275110 0.0162266
15 0.6078954 0.4617741 0.0275110 0.0162266
24 0.3965609 0.2865263 0.0275110 0.0162266
18 0.4678394 0.5201901 0.0275110 0.0162267
28 0.3277834 0.4617741 0.0275110 0.0162266
28 0.4678394 0.2281104 0.0275110 0.0162267
16 0.5378674 0.4033582 0.0275110 0.0162266
9 0.3277834 0.2865263 0.0275110 0.0162266
19 0.3965609 0.4617741 0.0275110 0.0162266
20 0.2577555 0.5201901 0.0275110 0.0162267
28 0.3965609 0.3449422 0.0275110 0.0162267
8 0.1877275 0.4617741 0.0275110 0.0162266
5 0.1877275 0.4033582 0.0275110 0.0162266
25 0.3965609 0.5201901 0.0275110 0.0162267
