26 0.3489897 0.5432545 0.0278711 0.0171136
18 0.4199342 0.4200367 0.0278711 0.0171136
32 0.2799455 0.5483886 0.5130809 0.4381078
33 0.2786786 0.3589983 0.4649400 0.0159727
26 0.0652116 0.4200367 0.0278711 0.0171136
20 0.2071006 0.4200367 0.0278711 0.0171136
10 0.3489897 0.4200367 0.0278711 0.0171136
16 0.4908788 0.4200367 0.0278711 0.0171136
24 0.0652116 0.4816456 0.0278711 0.0171136
12 0.0652116 0.5432545 0.0278711 0.0171136
25 0.1361561 0.5432545 0.0278711 0.0171136
13 0.4908788 0.5432545 0.0278711 0.0171136
27 0.2071006 0.6048635 0.0278711 0.0171136
17 0.4199342 0.6048635 0.0278711 0.0171136
7 0.0652116 0.6664724 0.0278711 0.0171136
31 0.2071006 0.6664724 0.0278711 0.0171136
34 0.3483562 0.6659020 0.0671439 0.0616090
6 0.3489897 0.6664724 0.0278711 0.0171136
18 0.4199342 0.6664724 0.0278711 0.0171136
9 0.4908788 0.6664724 0.0278711 0.0171136
30 0.1361561 0.7280813 0.0278711 0.0171136
4 0.2767783 0.7280813 0.0278711 0.0171136
19 0.3489897 0.7280813 0.0278711 0.0171136
15 0.4908788 0.7280813 0.0278711 0.0171136
31 0.1361561 0.4816456 0.0278711 0.0171136
26 0.2767783 0.6048635 0.0278711 0.0171136
6 0.1361561 0.6048635 0.0278711 0.0171136
18 0.2071006 0.5432545 0.0278711 0.0171136
7 0.2071006 0.7280813 0.0278711 0.0171136
13 0.4199342 0.5432545 0.0278711 0.0171136
4 0.2767783 0.5432545 0.0278711 0.0171136
9 0.1361561 0.4200367 0.0278711 0.0171136
19 0.3489897 0.6048635 0.0278711 0.0171136
30 0.2767783 0.4816456 0.0278711 0.0171136
9 0.0652116 0.7280813 0.0278711 0.0171136
7 0.4908788 0.6048635 0.0278711 0.0171136
14 0.2071006 0.4816456 0.0278711 0.0171136
5 0.1361561 0.6664724 0.0278711 0.0171136
24 0.4199342 0.4816456 0.0278711 0.0171136
8 0.4908788 0.4816456 0.0278711 0.0171136
25 0.3489897 0.4816456 0.0278711 0.0171136
27 0.4199342 0.7280813 0.0278711 0.0171136
11 0.0652116 0.6048635 0.0278711 0.0171136
9 0.2767783 0.6664724 0.0278711 0.0171136
27 0.2767783 0.4200367 0.0278711 0.0171136
