15 0.5394011 0.6613969 0.0282949 0.0174979
8 0.1792842 0.4094276 0.0282949 0.0174979
32 0.3972835 0.5406616 0.5208834 0.4479456
33 0.3959974 0.3470184 0.4720104 0.0163313
18 0.3233310 0.4094276 0.0282949 0.0174979
13 0.3940682 0.4094276 0.0282949 0.0174979
8 0.6114245 0.4094276 0.0282949 0.0174979
15 0.1792842 0.4724199 0.0282949 0.0174979
26 0.2513076 0.4724199 0.0282949 0.0174979
22 0.3233310 0.4724199 0.0282949 0.0174979
17 0.4673777 0.4724199 0.0282949 0.0174979
31 0.6114245 0.4724199 0.0282949 0.0174979
4 0.4673777 0.5354122 0.0282949 0.0174979
19 0.5394011 0.5354122 0.0282949 0.0174979
27 0.6114245 0.5354122 0.0282949 0.0174979
2 0.1792842 0.5984045 0.0282949 0.0174979
23 0.3940682 0.5984045 0.0282949 0.0174979
6 0.6114245 0.5984045 0.0282949 0.0174979
3 0.2513076 0.6613969 0.0282949 0.0174979
9 0.6114245 0.6613969 0.0282949 0.0174979
11 0.1792842 0.7243892 0.0282949 0.0174979
34 0.3233309 0.7238060 0.0668789 0.0629924
4 0.3233310 0.7243892 0.0282949 0.0174979
1 0.3940682 0.7243892 0.0282949 0.0174979
24 0.4673777 0.6613969 0.0282949 0.0174979
9 0.5394011 0.7243892 0.0282949 0.0174979
18 0.3940682 0.4724199 0.0282949 0.0174979
1 0.5394011 0.4094276 0.0282949 0.0174979
8 0.3233310 0.5354122 0.0282949 0.0174979
5 0.1792842 0.5354122 0.0282949 0.0174979
27 0.2513076 0.5354122 0.0282949 0.0174979
20 0.1792842 0.6613969 0.0282949 0.0174979
28 0.2513076 0.5984045 0.0282949 0.0174979
5 0.3233310 0.5984045 0.0282949 0.0174979
18 0.3233310 0.6613969 0.0282949 0.0174979
10 0.3940682 0.6613969 0.0282949 0.0174979
27 0.4673777 0.5984045 0.0282949 0.0174979
15 0.4673777 0.7243892 0.0282949 0.0174979
25 0.3940682 0.5354122 0.0282949 0.0174979
11 0.4673777 0.4094276 0.0282949 0.0174979
22 0.6114245 0.7243892 0.0282949 0.0174979
6 0.5394011 0.5984045 0.0282949 0.0174979
5 0.2513076 0.4094276 0.0282949 0.0174979
20 0.5394011 0.4724199 0.0282949 0.0174979
30 0.2513076 0.7243892 0.0282949 0.0174979
