26 0.6960972 0.3968917 0.0284477 0.0160581
29 0.7685097 0.2234639 0.0284478 0.0160581
32 0.6256243 0.3438999 0.5236975 0.4110881
33 0.6243313 0.1661899 0.4745604 0.0149876
34 0.4782132 0.2229287 0.0659471 0.0578092
5 0.4788597 0.2234639 0.0284478 0.0160581
31 0.6223916 0.2234639 0.0284478 0.0160581
14 0.6960972 0.2234639 0.0284477 0.0160581
6 0.4064472 0.2812732 0.0284478 0.0160581
12 0.4788597 0.2812732 0.0284478 0.0160581
10 0.6223916 0.2812732 0.0284478 0.0160581
24 0.7685097 0.2812732 0.0284478 0.0160581
29 0.4064472 0.3390825 0.0284478 0.0160581
23 0.4788597 0.3390825 0.0284478 0.0160581
7 0.6960972 0.3390825 0.0284477 0.0160581
20 0.7685097 0.3390825 0.0284478 0.0160581
17 0.4064472 0.3968917 0.0284478 0.0160581
27 0.7685097 0.3968917 0.0284478 0.0160581
25 0.8409222 0.3968917 0.0284477 0.0160581
15 0.4064472 0.4547010 0.0284478 0.0160581
3 0.4788597 0.4547010 0.0284478 0.0160581
4 0.4788597 0.5125103 0.0284478 0.0160581
8 0.5512722 0.5125103 0.0284478 0.0160581
5 0.7685097 0.5125103 0.0284478 0.0160581
12 0.5512722 0.2812732 0.0284478 0.0160581
8 0.8409222 0.5125103 0.0284477 0.0160581
12 0.5512722 0.3968917 0.0284478 0.0160581
30 0.7685097 0.4547010 0.0284478 0.0160581
29 0.6223916 0.3390825 0.0284478 0.0160581
21 0.6960972 0.5125103 0.0284477 0.0160581
12 0.6960972 0.2812732 0.0284477 0.0160581
14 0.5512722 0.3390825 0.0284478 0.0160581
4 0.8409222 0.4547010 0.0284477 0.0160581
27 0.8409222 0.3390825 0.0284477 0.0160581
8 0.6223916 0.5125103 0.0284478 0.0160581
30 0.4064472 0.5125103 0.0284478 0.0160581
7 0.6960972 0.4547010 0.0284477 0.0160581
27 0.6223916 0.4547010 0.0284478 0.0160581
31 0.8409222 0.2812732 0.0284477 0.0160581
31 0.4064472 0.2234639 0.0284478 0.0160581
15 0.8409222 0.2234639 0.0284477 0.0160581
14 0.6223916 0.3968917 0.0284478 0.0160581
10 0.5512722 0.4547010 0.0284478 0.0160581
10 0.5512722 0.2234639 0.0284478 0.0160581
28 0.4788597 0.3968917 0.0284478 0.0160581
