8 0.1748103 0.7116269 0.0262444 0.0174325
31 0.1748103 0.5861133 0.0262444 0.0174325
32 0.3102073 0.5285862 0.4831347 0.4462706
33 0.3090143 0.3356672 0.4378035 0.0162703
14 0.3752217 0.3978429 0.0262444 0.0174325
34 0.5088293 0.3972618 0.0620321 0.0627568
15 0.5088293 0.3978429 0.0262444 0.0174325
16 0.1748103 0.4605997 0.0262444 0.0174325
19 0.2416141 0.4605997 0.0262443 0.0174325
29 0.3072250 0.4605997 0.0262444 0.0174325
15 0.4420255 0.4605997 0.0262444 0.0174325
13 0.5088293 0.4605997 0.0262444 0.0174325
24 0.1748103 0.5233565 0.0262444 0.0174325
5 0.2416141 0.5233565 0.0262443 0.0174325
30 0.2416141 0.5861133 0.0262443 0.0174325
21 0.3072250 0.5861133 0.0262444 0.0174325
12 0.3752217 0.5861133 0.0262444 0.0174325
23 0.1080064 0.6488701 0.0262444 0.0174325
27 0.1748103 0.6488701 0.0262444 0.0174325
3 0.5088293 0.6488701 0.0262444 0.0174325
6 0.2416141 0.7116269 0.0262443 0.0174325
1 0.3072250 0.7116269 0.0262444 0.0174325
26 0.4420255 0.7116269 0.0262444 0.0174325
9 0.5088293 0.7116269 0.0262444 0.0174325
27 0.1080064 0.7116269 0.0262444 0.0174325
20 0.1080064 0.5861133 0.0262444 0.0174325
21 0.1080064 0.5233565 0.0262444 0.0174325
6 0.3752217 0.5233565 0.0262444 0.0174325
26 0.4420255 0.5861133 0.0262444 0.0174325
8 0.1080064 0.4605997 0.0262444 0.0174325
3 0.2416141 0.3978429 0.0262443 0.0174325
7 0.5088293 0.5233565 0.0262444 0.0174325
12 0.1080064 0.3978429 0.0262444 0.0174325
27 0.3072250 0.5233565 0.0262444 0.0174325
28 0.3072250 0.6488701 0.0262444 0.0174325
3 0.3752217 0.4605997 0.0262444 0.0174325
21 0.3752217 0.6488701 0.0262444 0.0174325
18 0.4420255 0.6488701 0.0262444 0.0174325
27 0.4420255 0.3978429 0.0262444 0.0174325
21 0.4420255 0.5233565 0.0262444 0.0174325
18 0.3752217 0.7116269 0.0262444 0.0174325
22 0.2416141 0.6488701 0.0262443 0.0174325
18 0.1748103 0.3978429 0.0262444 0.0174325
29 0.5088293 0.5861133 0.0262444 0.0174325
14 0.3072250 0.3978429 0.0262444 0.0174325
