21 0.6447908 0.4495460 0.0262224 0.0169709
3 0.6447908 0.5717363 0.0262224 0.0169709
32 0.6477706 0.3935421 0.4827301 0.4344545
33 0.6465787 0.2057310 0.4374368 0.0158395
18 0.4457392 0.2662605 0.0262224 0.0169709
2 0.5792349 0.2662605 0.0262224 0.0169709
26 0.6447908 0.2662605 0.0262224 0.0169709
3 0.7127306 0.2662605 0.0262224 0.0169709
24 0.5124870 0.3273557 0.0262224 0.0169708
8 0.5792349 0.3273557 0.0262224 0.0169708
6 0.7794785 0.3273557 0.0262224 0.0169708
15 0.4457392 0.3884508 0.0262224 0.0169708
4 0.8462263 0.3884508 0.0262224 0.0169708
31 0.4457392 0.4495460 0.0262224 0.0169709
12 0.7127306 0.4495460 0.0262224 0.0169709
1 0.4457392 0.5106411 0.0262224 0.0169709
29 0.6447908 0.5106411 0.0262224 0.0169709
20 0.7127306 0.5106411 0.0262224 0.0169709
21 0.8462263 0.5106411 0.0262224 0.0169709
34 0.5118911 0.5711707 0.0607882 0.0610952
23 0.5124870 0.5717363 0.0262224 0.0169709
9 0.5792349 0.5717363 0.0262224 0.0169709
17 0.7127306 0.5717363 0.0262224 0.0169709
23 0.8462263 0.5717363 0.0262224 0.0169709
22 0.7794785 0.5717363 0.0262224 0.0169709
16 0.6447908 0.3884508 0.0262224 0.0169708
26 0.8462263 0.3273557 0.0262224 0.0169708
25 0.8462263 0.4495460 0.0262224 0.0169709
29 0.5124870 0.3884508 0.0262224 0.0169708
2 0.5124870 0.4495460 0.0262224 0.0169709
29 0.5792349 0.3884508 0.0262224 0.0169708
15 0.7794785 0.2662605 0.0262224 0.0169709
8 0.5124870 0.5106411 0.0262224 0.0169709
9 0.5124870 0.2662605 0.0262224 0.0169709
10 0.7794785 0.5106411 0.0262224 0.0169709
26 0.7794785 0.4495460 0.0262224 0.0169709
14 0.5792349 0.4495460 0.0262224 0.0169709
28 0.7127306 0.3884508 0.0262224 0.0169708
31 0.6447908 0.3273557 0.0262224 0.0169708
30 0.7127306 0.3273557 0.0262224 0.0169708
8 0.5792349 0.5106411 0.0262224 0.0169709
17 0.4457392 0.5717363 0.0262224 0.0169709
28 0.8462263 0.2662605 0.0262224 0.0169709
9 0.4457392 0.3273557 0.0262224 0.0169708
28 0.7794785 0.3884508 0.0262224 0.0169708
