31 0.5758121 0.3264344 0.0279346 0.0166276
8 0.6481879 0.5060130 0.0279345 0.0166276
32 0.5789865 0.4511418 0.5142496 0.4256677
33 0.5777167 0.2671291 0.4659991 0.0155191
8 0.5059757 0.3264344 0.0279345 0.0166276
1 0.7904002 0.3264344 0.0279346 0.0166276
13 0.3637635 0.3862939 0.0279346 0.0166276
21 0.5059757 0.3862939 0.0279345 0.0166276
34 0.6475531 0.3857397 0.0672968 0.0598595
3 0.6481879 0.3862939 0.0279345 0.0166276
15 0.7904002 0.3862939 0.0279346 0.0166276
4 0.6481879 0.4461535 0.0279345 0.0166277
31 0.7192941 0.4461535 0.0279346 0.0166277
22 0.7904002 0.4461535 0.0279346 0.0166277
30 0.3637635 0.5060130 0.0279346 0.0166276
19 0.4348696 0.5060130 0.0279345 0.0166276
11 0.5059757 0.5060130 0.0279345 0.0166276
2 0.3637635 0.5658725 0.0279346 0.0166277
9 0.4348696 0.5658725 0.0279345 0.0166277
25 0.5758121 0.5658725 0.0279346 0.0166277
5 0.6481879 0.5658725 0.0279345 0.0166277
26 0.7192941 0.5658725 0.0279346 0.0166277
23 0.3637635 0.6257320 0.0279346 0.0166276
24 0.4348696 0.6257320 0.0279345 0.0166276
13 0.5758121 0.3862939 0.0279346 0.0166276
17 0.4348696 0.3862939 0.0279345 0.0166276
21 0.4348696 0.3264344 0.0279345 0.0166276
18 0.5059757 0.6257320 0.0279345 0.0166276
26 0.7904002 0.5060130 0.0279346 0.0166276
7 0.7904002 0.5658725 0.0279346 0.0166277
9 0.4348696 0.4461535 0.0279345 0.0166277
24 0.7192941 0.5060130 0.0279346 0.0166276
28 0.7904002 0.6257320 0.0279346 0.0166276
5 0.7192941 0.3862939 0.0279346 0.0166276
28 0.6481879 0.6257320 0.0279345 0.0166276
16 0.5758121 0.5060130 0.0279346 0.0166276
28 0.3637635 0.3264344 0.0279346 0.0166276
5 0.5059757 0.5658725 0.0279345 0.0166277
12 0.7192941 0.3264344 0.0279346 0.0166276
11 0.3637635 0.4461535 0.0279346 0.0166277
9 0.5059757 0.4461535 0.0279345 0.0166277
8 0.5758121 0.6257320 0.0279346 0.0166276
1 0.7192941 0.6257320 0.0279346 0.0166276
11 0.6481879 0.3264344 0.0279345 0.0166276
20 0.5758121 0.4461535 0.0279346 0.0166277
