3 0.3777437 0.3938726 0.0276794 0.0162197
4 0.3777437 0.4522633 0.0276794 0.0162196
32 0.3808891 0.4571292 0.5095516 0.4152225
33 0.3796309 0.2776320 0.4617419 0.0151383
11 0.1676323 0.3354820 0.0276793 0.0162197
34 0.3085453 0.3349413 0.0654239 0.0583907
30 0.3085453 0.3354820 0.0276794 0.0162197
4 0.1676323 0.3938726 0.0276793 0.0162197
25 0.2380888 0.3938726 0.0276793 0.0162197
14 0.5199149 0.3938726 0.0276794 0.0162197
31 0.5903714 0.3938726 0.0276793 0.0162197
17 0.2380888 0.4522633 0.0276793 0.0162196
16 0.3085453 0.4522633 0.0276794 0.0162196
20 0.4494584 0.4522633 0.0276793 0.0162196
27 0.5903714 0.4522633 0.0276793 0.0162196
23 0.5199149 0.5106540 0.0276794 0.0162196
3 0.1676323 0.5690447 0.0276793 0.0162196
22 0.3777437 0.5690447 0.0276794 0.0162196
10 0.5903714 0.5690447 0.0276793 0.0162196
1 0.1676323 0.6274353 0.0276793 0.0162196
13 0.2380888 0.6274353 0.0276793 0.0162196
8 0.3777437 0.6274353 0.0276794 0.0162196
29 0.4494584 0.6274353 0.0276793 0.0162196
21 0.5903714 0.6274353 0.0276793 0.0162196
7 0.2380888 0.5106540 0.0276793 0.0162196
4 0.4494584 0.3354820 0.0276793 0.0162197
2 0.3777437 0.5106540 0.0276794 0.0162196
9 0.5903714 0.3354820 0.0276793 0.0162197
9 0.3085453 0.3938726 0.0276794 0.0162197
26 0.2380888 0.5690447 0.0276793 0.0162196
13 0.1676323 0.4522633 0.0276793 0.0162196
9 0.4494584 0.5690447 0.0276793 0.0162196
31 0.3085453 0.5106540 0.0276794 0.0162196
22 0.2380888 0.3354820 0.0276793 0.0162197
14 0.3777437 0.3354820 0.0276794 0.0162197
29 0.5199149 0.6274353 0.0276794 0.0162196
17 0.5199149 0.5690447 0.0276794 0.0162196
2 0.5199149 0.4522633 0.0276794 0.0162196
24 0.3085453 0.5690447 0.0276794 0.0162196
2 0.5199149 0.3354820 0.0276794 0.0162197
6 0.3085453 0.6274353 0.0276794 0.0162196
29 0.4494584 0.5106540 0.0276793 0.0162196
21 0.5903714 0.5106540 0.0276793 0.0162196
22 0.1676323 0.5106540 0.0276793 0.0162196
20 0.4494584 0.3938726 0.0276793 0.0162197
