30 0.3286393 0.3033401 0.0287137 0.0169516
20 0.2555500 0.4864181 0.0287137 0.0169516
32 0.4036864 0.4304776 0.5285925 0.4339626
33 0.4023813 0.2428792 0.4789962 0.0158216
27 0.4748180 0.3033401 0.0287137 0.0169516
25 0.1824607 0.3643661 0.0287137 0.0169516
9 0.2555500 0.3643661 0.0287137 0.0169516
24 0.4748180 0.3643661 0.0287137 0.0169516
18 0.5479073 0.3643661 0.0287137 0.0169516
22 0.1824607 0.4253921 0.0287137 0.0169516
26 0.2555500 0.4253921 0.0287137 0.0169516
7 0.6209967 0.4253921 0.0287137 0.0169516
34 0.1824607 0.4858530 0.0678687 0.0610260
31 0.1824607 0.4864181 0.0287137 0.0169516
1 0.3286393 0.4864181 0.0287137 0.0169516
17 0.4004235 0.4864181 0.0287137 0.0169516
3 0.4748180 0.4864181 0.0287137 0.0169516
14 0.1824607 0.5474441 0.0287137 0.0169517
10 0.2555500 0.5474441 0.0287137 0.0169517
13 0.4004235 0.5474441 0.0287137 0.0169517
5 0.5479073 0.5474441 0.0287137 0.0169517
19 0.4004235 0.6084701 0.0287137 0.0169516
29 0.4748180 0.6084701 0.0287137 0.0169516
20 0.6209967 0.6084701 0.0287137 0.0169516
15 0.6209967 0.3643661 0.0287137 0.0169516
8 0.5479073 0.3033401 0.0287137 0.0169516
9 0.4004235 0.3033401 0.0287137 0.0169516
5 0.5479073 0.4253921 0.0287137 0.0169516
24 0.5479073 0.6084701 0.0287137 0.0169516
12 0.3286393 0.4253921 0.0287137 0.0169516
9 0.4004235 0.4253921 0.0287137 0.0169516
6 0.6209967 0.4864181 0.0287137 0.0169516
25 0.4748180 0.5474441 0.0287137 0.0169517
13 0.2555500 0.6084701 0.0287137 0.0169516
28 0.4004235 0.3643661 0.0287137 0.0169516
18 0.1824607 0.3033401 0.0287137 0.0169516
9 0.1824607 0.6084701 0.0287137 0.0169516
21 0.2555500 0.3033401 0.0287137 0.0169516
17 0.3286393 0.5474441 0.0287137 0.0169517
10 0.6209967 0.5474441 0.0287137 0.0169517
8 0.4748180 0.4253921 0.0287137 0.0169516
17 0.3286393 0.3643661 0.0287137 0.0169516
16 0.5479073 0.4864181 0.0287137 0.0169516
19 0.6209967 0.3033401 0.0287137 0.0169516
13 0.3286393 0.6084701 0.0287137 0.0169516
