2 0.2603718 0.6891603 0.0264209 0.0173008
4 0.3288261 0.6268776 0.0264209 0.0173008
32 0.2633742 0.6320679 0.4863853 0.4428989
33 0.2621733 0.4406064 0.4407491 0.0161474
23 0.0598130 0.5023124 0.0264209 0.0173007
10 0.3288261 0.5023124 0.0264209 0.0173007
29 0.4633326 0.5023124 0.0264209 0.0173007
13 0.1943195 0.5645950 0.0264209 0.0173008
19 0.1270662 0.6268776 0.0264209 0.0173008
12 0.2603718 0.6268776 0.0264209 0.0173008
34 0.4633326 0.6263010 0.0624495 0.0622826
23 0.4633326 0.6268776 0.0264209 0.0173008
1 0.1270662 0.6891603 0.0264209 0.0173008
25 0.1943195 0.6891603 0.0264209 0.0173008
31 0.3960793 0.6891603 0.0264209 0.0173008
30 0.0598130 0.7514430 0.0264209 0.0173007
26 0.1943195 0.7514430 0.0264209 0.0173007
16 0.2603718 0.7514430 0.0264209 0.0173007
17 0.3288261 0.7514430 0.0264209 0.0173007
21 0.3960793 0.7514430 0.0264209 0.0173007
20 0.0598130 0.8137257 0.0264209 0.0173008
27 0.1943195 0.8137257 0.0264209 0.0173008
24 0.3288261 0.8137257 0.0264209 0.0173008
3 0.4633326 0.8137257 0.0264209 0.0173008
21 0.3288261 0.6891603 0.0264209 0.0173008
11 0.1270662 0.5645950 0.0264209 0.0173008
19 0.3960793 0.5645950 0.0264209 0.0173008
25 0.4633326 0.6891603 0.0264209 0.0173008
22 0.3960793 0.5023124 0.0264209 0.0173007
22 0.0598130 0.6268776 0.0264209 0.0173008
1 0.2603718 0.8137257 0.0264209 0.0173008
27 0.3960793 0.8137257 0.0264209 0.0173008
19 0.2603718 0.5645950 0.0264209 0.0173008
5 0.3288261 0.5645950 0.0264209 0.0173008
27 0.1270662 0.5023124 0.0264209 0.0173007
29 0.1943195 0.6268776 0.0264209 0.0173008
24 0.1270662 0.7514430 0.0264209 0.0173007
20 0.0598130 0.6891603 0.0264209 0.0173008
6 0.0598130 0.5645950 0.0264209 0.0173008
4 0.3960793 0.6268776 0.0264209 0.0173008
24 0.1270662 0.8137257 0.0264209 0.0173008
25 0.1943195 0.5023124 0.0264209 0.0173007
27 0.2603718 0.5023124 0.0264209 0.0173007
31 0.4633326 0.5645950 0.0264209 0.0173008
2 0.4633326 0.7514430 0.0264209 0.0173007
