12 0.3112432 0.6363029 0.0283636 0.0171958
3 0.3112432 0.5743977 0.0283636 0.0171959
32 0.5297717 0.4557462 0.5221476 0.4402142
33 0.5284824 0.2654453 0.4731560 0.0160495
29 0.3834414 0.3267772 0.0283636 0.0171959
15 0.7444324 0.3267772 0.0283636 0.0171959
9 0.3112432 0.3886824 0.0283636 0.0171958
34 0.3827968 0.3881091 0.0657519 0.0619051
16 0.3834414 0.3886824 0.0283636 0.0171958
16 0.6000360 0.3886824 0.0283636 0.0171958
19 0.7444324 0.3886824 0.0283636 0.0171958
3 0.3834414 0.4505875 0.0283636 0.0171958
22 0.4556396 0.4505875 0.0283636 0.0171958
23 0.5265486 0.4505875 0.0283636 0.0171958
21 0.6000360 0.4505875 0.0283636 0.0171958
25 0.6722342 0.4505875 0.0283636 0.0171958
14 0.7444324 0.4505875 0.0283636 0.0171958
4 0.3112432 0.5124926 0.0283636 0.0171959
26 0.3834414 0.5124926 0.0283636 0.0171959
12 0.4556396 0.5124926 0.0283636 0.0171959
27 0.6722342 0.5124926 0.0283636 0.0171959
5 0.7444324 0.5124926 0.0283636 0.0171959
1 0.4556396 0.5743977 0.0283636 0.0171959
18 0.4556396 0.6363029 0.0283636 0.0171958
22 0.4556396 0.3886824 0.0283636 0.0171958
27 0.6000360 0.5743977 0.0283636 0.0171959
15 0.5265486 0.3886824 0.0283636 0.0171958
2 0.6000360 0.3267772 0.0283636 0.0171959
22 0.5265486 0.3267772 0.0283636 0.0171959
29 0.3834414 0.5743977 0.0283636 0.0171959
27 0.6000360 0.5124926 0.0283636 0.0171959
8 0.3112432 0.4505875 0.0283636 0.0171958
19 0.6000360 0.6363029 0.0283636 0.0171958
15 0.6722342 0.5743977 0.0283636 0.0171959
1 0.6722342 0.3267772 0.0283636 0.0171959
15 0.7444324 0.5743977 0.0283636 0.0171959
14 0.7444324 0.6363029 0.0283636 0.0171958
13 0.5265486 0.6363029 0.0283636 0.0171958
6 0.4556396 0.3267772 0.0283636 0.0171959
30 0.3834414 0.6363029 0.0283636 0.0171958
24 0.3112432 0.3267772 0.0283636 0.0171959
30 0.6722342 0.6363029 0.0283636 0.0171958
28 0.5265486 0.5743977 0.0283636 0.0171959
24 0.5265486 0.5124926 0.0283636 0.0171959
17 0.6722342 0.3886824 0.0283636 0.0171958
