9 0.4819154 0.5334183 0.0274998 0.0163899
7 0.2706666 0.7104297 0.0274998 0.0163900
32 0.2737916 0.5383352 0.5062469 0.4195826
33 0.2725416 0.3569532 0.4587472 0.0152973
9 0.0619179 0.4154106 0.0274998 0.0163899
31 0.3419162 0.4154106 0.0274998 0.0163899
10 0.4119157 0.4154106 0.0274998 0.0163899
15 0.4819154 0.4154106 0.0274998 0.0163899
6 0.0619179 0.4744145 0.0274998 0.0163900
27 0.1319175 0.4744145 0.0274998 0.0163900
5 0.4819154 0.4744145 0.0274998 0.0163900
14 0.0619179 0.5334183 0.0274998 0.0163899
3 0.1319175 0.5334183 0.0274998 0.0163899
30 0.2706666 0.5334183 0.0274998 0.0163899
17 0.0619179 0.5924221 0.0274998 0.0163900
22 0.1319175 0.5924221 0.0274998 0.0163900
21 0.2706666 0.5924221 0.0274998 0.0163900
34 0.1312925 0.6508796 0.0637496 0.0590038
16 0.1319175 0.6514259 0.0274998 0.0163899
7 0.2706666 0.6514259 0.0274998 0.0163899
23 0.4119157 0.6514259 0.0274998 0.0163899
18 0.1319175 0.7104297 0.0274998 0.0163900
26 0.2019170 0.7104297 0.0274998 0.0163900
2 0.4119157 0.7104297 0.0274998 0.0163900
10 0.4119157 0.5334183 0.0274998 0.0163899
12 0.2019170 0.5924221 0.0274998 0.0163900
12 0.2019170 0.4744145 0.0274998 0.0163900
29 0.4119157 0.5924221 0.0274998 0.0163900
21 0.3419162 0.6514259 0.0274998 0.0163899
12 0.3419162 0.7104297 0.0274998 0.0163900
5 0.2019170 0.6514259 0.0274998 0.0163899
30 0.3419162 0.5334183 0.0274998 0.0163899
11 0.4819154 0.5924221 0.0274998 0.0163900
24 0.2706666 0.4154106 0.0274998 0.0163899
13 0.1319175 0.4154106 0.0274998 0.0163899
28 0.2019170 0.5334183 0.0274998 0.0163899
28 0.0619179 0.7104297 0.0274998 0.0163900
3 0.4819154 0.7104297 0.0274998 0.0163900
30 0.3419162 0.4744145 0.0274998 0.0163900
9 0.3419162 0.5924221 0.0274998 0.0163900
30 0.0619179 0.6514259 0.0274998 0.0163899
10 0.4819154 0.6514259 0.0274998 0.0163899
24 0.4119157 0.4744145 0.0274998 0.0163900
4 0.2019170 0.4154106 0.0274998 0.0163899
6 0.2706666 0.4744145 0.0274998 0.0163900
