27 0.6271597 0.6333924 0.0274314 0.0165066
31 0.2780326 0.5145451 0.0274314 0.0165066
32 0.4893792 0.5194971 0.5049874 0.4225682
33 0.4881323 0.3368244 0.4576059 0.0154061
1 0.4176834 0.3956978 0.0274314 0.0165066
30 0.4862620 0.3956978 0.0274314 0.0165066
11 0.5573343 0.3956978 0.0274314 0.0165066
19 0.6969852 0.3956978 0.0274314 0.0165066
23 0.3478580 0.4551215 0.0274314 0.0165066
3 0.4176834 0.4551215 0.0274314 0.0165066
21 0.6271597 0.4551215 0.0274314 0.0165066
15 0.6969852 0.4551215 0.0274314 0.0165066
17 0.4176834 0.5145451 0.0274314 0.0165066
27 0.5573343 0.5145451 0.0274314 0.0165066
9 0.6969852 0.5739688 0.0274314 0.0165066
22 0.4176834 0.6333924 0.0274314 0.0165066
34 0.4862620 0.6328422 0.0648379 0.0594236
10 0.4862620 0.6333924 0.0274314 0.0165066
7 0.5573343 0.6333924 0.0274314 0.0165066
18 0.6969852 0.6333924 0.0274314 0.0165066
8 0.4176834 0.6928160 0.0274314 0.0165066
31 0.4862620 0.6928160 0.0274314 0.0165066
13 0.5573343 0.6928160 0.0274314 0.0165066
12 0.6969852 0.6928160 0.0274314 0.0165066
12 0.2780326 0.3956978 0.0274314 0.0165066
29 0.6969852 0.5145451 0.0274314 0.0165066
22 0.3478580 0.5145451 0.0274314 0.0165066
29 0.4862620 0.5145451 0.0274314 0.0165066
6 0.4862620 0.4551215 0.0274314 0.0165066
15 0.3478580 0.6928160 0.0274314 0.0165066
26 0.2780326 0.5739688 0.0274314 0.0165066
8 0.3478580 0.6333924 0.0274314 0.0165066
31 0.4862620 0.5739688 0.0274314 0.0165066
31 0.2780326 0.4551215 0.0274314 0.0165066
28 0.5573343 0.5739688 0.0274314 0.0165066
4 0.5573343 0.4551215 0.0274314 0.0165066
8 0.2780326 0.6928160 0.0274314 0.0165066
5 0.6271597 0.5145451 0.0274314 0.0165066
2 0.3478580 0.3956978 0.0274314 0.0165066
27 0.3478580 0.5739688 0.0274314 0.0165066
8 0.4176834 0.5739688 0.0274314 0.0165066
19 0.6271597 0.6928160 0.0274314 0.0165066
12 0.6271597 0.3956978 0.0274314 0.0165066
19 0.6271597 0.5739688 0.0274314 0.0165066
19 0.2780326 0.6333924 0.0274314 0.0165066
