22 0.3857532 0.7267704 0.0269233 0.0173180
1 0.7969450 0.6020808 0.0269233 0.0173180
32 0.5931848 0.5449313 0.4956331 0.4433410
33 0.5919610 0.3532787 0.4491293 0.0161635
26 0.3857532 0.4150463 0.0269233 0.0173180
6 0.5228172 0.4150463 0.0269233 0.0173180
22 0.7969450 0.4150463 0.0269233 0.0173180
27 0.3857532 0.4773911 0.0269233 0.0173180
16 0.5228172 0.4773911 0.0269233 0.0173180
9 0.6598811 0.4773911 0.0269233 0.0173180
24 0.3857532 0.5397360 0.0269233 0.0173180
8 0.5901254 0.5397360 0.0269233 0.0173180
10 0.7284131 0.5397360 0.0269232 0.0173180
5 0.7969450 0.5397360 0.0269233 0.0173180
31 0.3857532 0.6020808 0.0269233 0.0173180
29 0.5228172 0.6020808 0.0269233 0.0173180
25 0.3857532 0.6644256 0.0269233 0.0173180
15 0.6598811 0.6644256 0.0269233 0.0173180
13 0.7969450 0.6644256 0.0269233 0.0173180
17 0.5228172 0.7267704 0.0269233 0.0173180
34 0.5901254 0.7261932 0.0636368 0.0623448
4 0.5901254 0.7267704 0.0269233 0.0173180
20 0.7284131 0.7267704 0.0269232 0.0173180
7 0.7969450 0.7267704 0.0269233 0.0173180
26 0.5228172 0.6644256 0.0269233 0.0173180
2 0.5901254 0.6644256 0.0269233 0.0173180
7 0.7969450 0.4773911 0.0269233 0.0173180
20 0.6598811 0.5397360 0.0269233 0.0173180
24 0.5901254 0.6020808 0.0269233 0.0173180
15 0.5228172 0.5397360 0.0269233 0.0173180
12 0.4542852 0.5397360 0.0269233 0.0173180
26 0.5901254 0.4150463 0.0269233 0.0173180
31 0.6598811 0.4150463 0.0269233 0.0173180
13 0.7284131 0.4773911 0.0269232 0.0173180
26 0.4542852 0.4150463 0.0269233 0.0173180
20 0.6598811 0.7267704 0.0269233 0.0173180
10 0.4542852 0.6020808 0.0269233 0.0173180
28 0.7284131 0.4150463 0.0269232 0.0173180
16 0.7284131 0.6020808 0.0269232 0.0173180
4 0.7284131 0.6644256 0.0269232 0.0173180
27 0.4542852 0.4773911 0.0269233 0.0173180
30 0.4542852 0.7267704 0.0269233 0.0173180
22 0.5901254 0.4773911 0.0269233 0.0173180
2 0.6598811 0.6020808 0.0269233 0.0173180
7 0.4542852 0.6644256 0.0269233 0.0173180
