4 0.4778648 0.4717637 0.0281812 0.0172300
12 0.1909291 0.4097357 0.0281812 0.0172300
32 0.4080523 0.4769327 0.5187901 0.4410881
33 0.4067713 0.2862540 0.4701134 0.0160813
34 0.2620225 0.3471333 0.0653291 0.0620280
1 0.2626630 0.3477077 0.0281812 0.0172300
20 0.3343969 0.3477077 0.0281812 0.0172300
5 0.4778648 0.3477077 0.0281812 0.0172300
10 0.5495987 0.3477077 0.0281812 0.0172300
7 0.2626630 0.4097357 0.0281812 0.0172300
24 0.4778648 0.4097357 0.0281812 0.0172300
30 0.1909291 0.4717637 0.0281812 0.0172300
17 0.5495987 0.4717637 0.0281812 0.0172300
15 0.2626630 0.5337917 0.0281812 0.0172300
11 0.4048499 0.5337917 0.0281812 0.0172300
8 0.6213326 0.5337917 0.0281812 0.0172300
14 0.2626630 0.5958198 0.0281812 0.0172300
13 0.4048499 0.5958198 0.0281812 0.0172300
16 0.5495987 0.5958198 0.0281812 0.0172300
27 0.6213326 0.5958198 0.0281812 0.0172300
22 0.2626630 0.6578478 0.0281812 0.0172300
21 0.3343969 0.6578478 0.0281812 0.0172300
26 0.4048499 0.6578478 0.0281812 0.0172300
25 0.6213326 0.6578478 0.0281812 0.0172300
17 0.6213326 0.4097357 0.0281812 0.0172300
28 0.5495987 0.6578478 0.0281812 0.0172300
19 0.4778648 0.5958198 0.0281812 0.0172300
12 0.3343969 0.5337917 0.0281812 0.0172300
1 0.3343969 0.5958198 0.0281812 0.0172300
24 0.3343969 0.4097357 0.0281812 0.0172300
14 0.4778648 0.6578478 0.0281812 0.0172300
30 0.4778648 0.5337917 0.0281812 0.0172300
13 0.1909291 0.5337917 0.0281812 0.0172300
3 0.1909291 0.3477077 0.0281812 0.0172300
4 0.1909291 0.5958198 0.0281812 0.0172300
21 0.4048499 0.4717637 0.0281812 0.0172300
21 0.3343969 0.4717637 0.0281812 0.0172300
19 0.4048499 0.4097357 0.0281812 0.0172300
28 0.1909291 0.6578478 0.0281812 0.0172300
4 0.6213326 0.4717637 0.0281812 0.0172300
17 0.5495987 0.4097357 0.0281812 0.0172300
17 0.2626630 0.4717637 0.0281812 0.0172300
8 0.4048499 0.3477077 0.0281812 0.0172300
24 0.5495987 0.5337917 0.0281812 0.0172300
16 0.6213326 0.3477077 0.0281812 0.0172300
