3 0.3594558 0.3865738 0.0283194 0.0162021
9 0.1431987 0.5032287 0.0283194 0.0162021
32 0.2893010 0.3331069 0.5213342 0.4147730
33 0.2880137 0.1538040 0.4724189 0.0151219
12 0.2152844 0.2115914 0.0283194 0.0162021
17 0.2860828 0.2115914 0.0283194 0.0162021
26 0.0711130 0.2699189 0.0283194 0.0162021
19 0.2152844 0.2699189 0.0283194 0.0162021
13 0.3594558 0.2699189 0.0283194 0.0162021
27 0.0711130 0.3282463 0.0283194 0.0162021
10 0.1431987 0.3282463 0.0283194 0.0162021
31 0.2152844 0.3282463 0.0283194 0.0162021
34 0.2860828 0.3277062 0.0669367 0.0583275
23 0.2860828 0.3282463 0.0283194 0.0162021
29 0.0711130 0.3865738 0.0283194 0.0162021
22 0.2860828 0.3865738 0.0283194 0.0162021
5 0.1431987 0.4449012 0.0283194 0.0162021
1 0.2152844 0.4449012 0.0283194 0.0162021
30 0.4315415 0.4449012 0.0283194 0.0162021
15 0.5036272 0.4449012 0.0283194 0.0162021
21 0.0711130 0.5032287 0.0283194 0.0162021
3 0.2152844 0.5032287 0.0283194 0.0162021
2 0.4315415 0.5032287 0.0283194 0.0162021
24 0.5036272 0.5032287 0.0283194 0.0162021
28 0.0711130 0.4449012 0.0283194 0.0162021
19 0.1431987 0.2115914 0.0283194 0.0162021
31 0.5036272 0.3865738 0.0283194 0.0162021
21 0.5036272 0.2699189 0.0283194 0.0162021
17 0.3594558 0.2115914 0.0283194 0.0162021
12 0.3594558 0.5032287 0.0283194 0.0162021
9 0.0711130 0.2115914 0.0283194 0.0162021
3 0.2152844 0.3865738 0.0283194 0.0162021
31 0.4315415 0.2699189 0.0283194 0.0162021
20 0.5036272 0.2115914 0.0283194 0.0162021
15 0.5036272 0.3282463 0.0283194 0.0162021
11 0.4315415 0.2115914 0.0283194 0.0162021
4 0.4315415 0.3282463 0.0283194 0.0162021
5 0.2860828 0.5032287 0.0283194 0.0162021
19 0.3594558 0.4449012 0.0283194 0.0162021
22 0.2860828 0.4449012 0.0283194 0.0162021
2 0.1431987 0.3865738 0.0283194 0.0162021
21 0.1431987 0.2699189 0.0283194 0.0162021
28 0.3594558 0.3282463 0.0283194 0.0162021
30 0.4315415 0.3865738 0.0283194 0.0162021
14 0.2860828 0.2699189 0.0283194 0.0162021
