2 0.6906812 0.5431559 0.0266554 0.0173204
15 0.4192811 0.4808023 0.0266554 0.0173204
32 0.5567985 0.4859985 0.4907011 0.4434028
33 0.5555869 0.2943191 0.4446599 0.0161657
21 0.3514310 0.3560953 0.0266553 0.0173204
2 0.4192811 0.3560953 0.0266554 0.0173204
17 0.5537695 0.3560953 0.0266553 0.0173204
12 0.7585312 0.3560953 0.0266553 0.0173204
8 0.6906812 0.4184488 0.0266554 0.0173204
23 0.4871311 0.4808023 0.0266553 0.0173204
31 0.5537695 0.4808023 0.0266553 0.0173204
18 0.6228312 0.4808023 0.0266553 0.0173204
30 0.6906812 0.4808023 0.0266554 0.0173204
20 0.3514310 0.5431559 0.0266553 0.0173204
7 0.3514310 0.6055094 0.0266553 0.0173204
10 0.4192811 0.6055094 0.0266554 0.0173204
14 0.4871311 0.6055094 0.0266553 0.0173204
13 0.6228312 0.6055094 0.0266553 0.0173204
24 0.6906812 0.6055094 0.0266554 0.0173204
22 0.3514310 0.6678629 0.0266553 0.0173204
9 0.4192811 0.6678629 0.0266554 0.0173204
34 0.6900754 0.6672856 0.0617920 0.0623535
4 0.6906812 0.6678629 0.0266554 0.0173204
5 0.7585312 0.6678629 0.0266553 0.0173204
25 0.4192811 0.4184488 0.0266554 0.0173204
1 0.6228312 0.3560953 0.0266553 0.0173204
9 0.3514310 0.4808023 0.0266553 0.0173204
3 0.6228312 0.5431559 0.0266553 0.0173204
1 0.3514310 0.4184488 0.0266553 0.0173204
15 0.5537695 0.5431559 0.0266553 0.0173204
4 0.7585312 0.6055094 0.0266553 0.0173204
19 0.4192811 0.5431559 0.0266554 0.0173204
1 0.5537695 0.4184488 0.0266553 0.0173204
8 0.4871311 0.5431559 0.0266553 0.0173204
19 0.6228312 0.4184488 0.0266553 0.0173204
14 0.4871311 0.4184488 0.0266553 0.0173204
24 0.4871311 0.6678629 0.0266553 0.0173204
14 0.6228312 0.6678629 0.0266553 0.0173204
26 0.4871311 0.3560953 0.0266553 0.0173204
26 0.5537695 0.6055094 0.0266553 0.0173204
14 0.5537695 0.6678629 0.0266553 0.0173204
16 0.7585312 0.4808023 0.0266553 0.0173204
13 0.7585312 0.5431559 0.0266553 0.0173204
24 0.6906812 0.3560953 0.0266554 0.0173204
3 0.7585312 0.4184488 0.0266553 0.0173204
