28 0.7511618 0.4362872 0.0267105 0.0172061
31 0.3432190 0.4362872 0.0267105 0.0172061
32 0.5490116 0.5033908 0.4917168 0.4404753
33 0.5477974 0.3129770 0.4455804 0.0160590
8 0.3432190 0.3743454 0.0267105 0.0172060
14 0.4791999 0.3743454 0.0267105 0.0172060
19 0.7511618 0.3743454 0.0267105 0.0172060
25 0.4791999 0.4362872 0.0267105 0.0172061
17 0.6151809 0.4362872 0.0267105 0.0172061
34 0.6825642 0.4357136 0.0619199 0.0619418
9 0.6831714 0.4362872 0.0267106 0.0172061
12 0.4791999 0.4982290 0.0267105 0.0172061
11 0.5459763 0.4982290 0.0267105 0.0172061
1 0.6151809 0.4982290 0.0267105 0.0172061
31 0.7511618 0.4982290 0.0267105 0.0172061
26 0.4112094 0.5601709 0.0267105 0.0172060
22 0.4791999 0.5601709 0.0267105 0.0172060
4 0.6151809 0.5601709 0.0267105 0.0172060
5 0.7511618 0.5601709 0.0267105 0.0172060
10 0.4791999 0.6221127 0.0267105 0.0172061
16 0.3432190 0.6840546 0.0267105 0.0172061
15 0.4112094 0.6840546 0.0267105 0.0172061
27 0.5459763 0.6840546 0.0267105 0.0172061
24 0.6831714 0.6840546 0.0267106 0.0172061
4 0.5459763 0.3743454 0.0267105 0.0172060
26 0.6151809 0.3743454 0.0267105 0.0172060
2 0.7511618 0.6221127 0.0267105 0.0172061
10 0.5459763 0.6221127 0.0267105 0.0172061
1 0.4791999 0.6840546 0.0267105 0.0172061
3 0.3432190 0.6221127 0.0267105 0.0172061
24 0.4112094 0.6221127 0.0267105 0.0172061
16 0.4112094 0.4982290 0.0267105 0.0172061
27 0.4112094 0.3743454 0.0267105 0.0172060
6 0.6151809 0.6221127 0.0267105 0.0172061
29 0.4112094 0.4362872 0.0267105 0.0172061
28 0.7511618 0.6840546 0.0267105 0.0172061
11 0.3432190 0.5601709 0.0267105 0.0172060
21 0.6831714 0.6221127 0.0267106 0.0172061
2 0.6831714 0.3743454 0.0267106 0.0172060
24 0.6831714 0.4982290 0.0267106 0.0172061
28 0.5459763 0.4362872 0.0267105 0.0172061
22 0.6831714 0.5601709 0.0267106 0.0172060
30 0.6151809 0.6840546 0.0267105 0.0172061
20 0.3432190 0.4982290 0.0267105 0.0172061
11 0.5459763 0.5601709 0.0267105 0.0172060
