27 0.5993919 0.3724366 0.0276574 0.0172635
29 0.4573335 0.4967338 0.0276574 0.0172635
32 0.4604764 0.5019129 0.5091471 0.4419458
33 0.4592192 0.3108634 0.4613754 0.0161126
9 0.2473889 0.3724366 0.0276574 0.0172635
1 0.3177895 0.3724366 0.0276574 0.0172635
22 0.3881901 0.3724366 0.0276574 0.0172635
10 0.5289912 0.3724366 0.0276574 0.0172635
14 0.3177895 0.4345852 0.0276574 0.0172635
5 0.5993919 0.4967338 0.0276574 0.0172635
24 0.6697925 0.4967338 0.0276574 0.0172635
4 0.2473889 0.5588825 0.0276574 0.0172635
34 0.3171609 0.6204556 0.0641148 0.0621486
8 0.3177895 0.6210311 0.0276574 0.0172635
8 0.3881901 0.6210311 0.0276574 0.0172635
7 0.5289912 0.6210311 0.0276574 0.0172635
18 0.5993919 0.6210311 0.0276574 0.0172635
16 0.6697925 0.6210311 0.0276574 0.0172635
25 0.2473889 0.6831797 0.0276574 0.0172635
12 0.3881901 0.6831797 0.0276574 0.0172635
20 0.4573335 0.6831797 0.0276574 0.0172635
6 0.5289912 0.6831797 0.0276574 0.0172635
19 0.5993919 0.6831797 0.0276574 0.0172635
27 0.6697925 0.6831797 0.0276574 0.0172635
13 0.6697925 0.4345852 0.0276574 0.0172635
10 0.3881901 0.4345852 0.0276574 0.0172635
10 0.3177895 0.4967338 0.0276574 0.0172635
2 0.5993919 0.4345852 0.0276574 0.0172635
29 0.2473889 0.6210311 0.0276574 0.0172635
21 0.4573335 0.6210311 0.0276574 0.0172635
15 0.4573335 0.5588825 0.0276574 0.0172635
18 0.3177895 0.6831797 0.0276574 0.0172635
18 0.5289912 0.5588825 0.0276574 0.0172635
17 0.4573335 0.4345852 0.0276574 0.0172635
1 0.3177895 0.5588825 0.0276574 0.0172635
7 0.6697925 0.3724366 0.0276574 0.0172635
22 0.3881901 0.4967338 0.0276574 0.0172635
16 0.5289912 0.4345852 0.0276574 0.0172635
17 0.2473889 0.4345852 0.0276574 0.0172635
30 0.5993919 0.5588825 0.0276574 0.0172635
21 0.4573335 0.3724366 0.0276574 0.0172635
16 0.6697925 0.5588825 0.0276574 0.0172635
8 0.3881901 0.5588825 0.0276574 0.0172635
27 0.5289912 0.4967338 0.0276574 0.0172635
16 0.2473889 0.4967338 0.0276574 0.0172635
