24 0.5456549 0.6036804 0.0270658 0.0158432
7 0.5456549 0.4896089 0.0270658 0.0158433
32 0.4786056 0.4943619 0.4982564 0.4055873
33 0.4773753 0.3190299 0.4515064 0.0147870
13 0.2700760 0.3755375 0.0270658 0.0158432
1 0.5456549 0.3755375 0.0270658 0.0158432
12 0.6834442 0.3755375 0.0270658 0.0158432
10 0.3389708 0.4325732 0.0270658 0.0158433
16 0.6834442 0.4325732 0.0270658 0.0158433
21 0.2700760 0.4896089 0.0270658 0.0158433
11 0.4078654 0.4896089 0.0270658 0.0158433
2 0.6834442 0.4896089 0.0270658 0.0158433
4 0.2700760 0.5466446 0.0270658 0.0158432
5 0.4078654 0.5466446 0.0270658 0.0158432
31 0.5456549 0.5466446 0.0270658 0.0158432
7 0.2700760 0.6036804 0.0270658 0.0158432
18 0.4078654 0.6036804 0.0270658 0.0158432
23 0.6145496 0.6036804 0.0270658 0.0158432
20 0.6834442 0.6036804 0.0270658 0.0158432
29 0.2700760 0.6607161 0.0270658 0.0158432
24 0.3389708 0.6607161 0.0270658 0.0158432
34 0.4755299 0.6601880 0.0639736 0.0570357
13 0.4755299 0.6607161 0.0270658 0.0158432
15 0.5456549 0.6607161 0.0270658 0.0158432
20 0.4078654 0.6607161 0.0270658 0.0158432
9 0.4078654 0.3755375 0.0270658 0.0158432
7 0.4078654 0.4325732 0.0270658 0.0158433
6 0.3389708 0.4896089 0.0270658 0.0158433
18 0.4755299 0.4896089 0.0270658 0.0158433
22 0.4755299 0.6036804 0.0270658 0.0158432
29 0.6834442 0.6607161 0.0270658 0.0158432
12 0.3389708 0.5466446 0.0270658 0.0158432
10 0.6145496 0.6607161 0.0270658 0.0158432
25 0.6145496 0.3755375 0.0270658 0.0158432
16 0.6145496 0.5466446 0.0270658 0.0158432
9 0.5456549 0.4325732 0.0270658 0.0158433
21 0.6145496 0.4896089 0.0270658 0.0158433
1 0.4755299 0.3755375 0.0270658 0.0158432
14 0.6145496 0.4325732 0.0270658 0.0158433
12 0.4755299 0.5466446 0.0270658 0.0158432
7 0.6834442 0.5466446 0.0270658 0.0158432
26 0.3389708 0.6036804 0.0270658 0.0158432
8 0.4755299 0.4325732 0.0270658 0.0158433
11 0.3389708 0.3755375 0.0270658 0.0158432
30 0.2700760 0.4325732 0.0270658 0.0158433
