15 0.3313663 0.6960119 0.0265000 0.0159829
12 0.6011842 0.6960119 0.0265000 0.0159829
32 0.4006276 0.5857298 0.4878405 0.4091624
33 0.3994231 0.4088523 0.4420677 0.0149174
14 0.2639118 0.4658580 0.0265000 0.0159829
15 0.4662753 0.4658580 0.0265000 0.0159829
10 0.6011842 0.4658580 0.0265000 0.0159829
27 0.1964573 0.5233965 0.0265000 0.0159829
5 0.2639118 0.5233965 0.0265000 0.0159829
6 0.3976163 0.5233965 0.0265000 0.0159829
21 0.4662753 0.5233965 0.0265000 0.0159829
9 0.6011842 0.5233965 0.0265000 0.0159829
24 0.3313663 0.5809350 0.0265000 0.0159829
18 0.4662753 0.5809350 0.0265000 0.0159829
8 0.5337298 0.5809350 0.0265000 0.0159829
7 0.6011842 0.5809350 0.0265000 0.0159829
12 0.5337298 0.6384734 0.0265000 0.0159829
34 0.6011842 0.6379407 0.0626363 0.0575385
16 0.6011842 0.6384734 0.0265000 0.0159829
29 0.5337298 0.6960119 0.0265000 0.0159829
13 0.1964573 0.7535503 0.0265000 0.0159828
31 0.2639118 0.7535503 0.0265000 0.0159828
25 0.5337298 0.7535503 0.0265000 0.0159828
17 0.6011842 0.7535503 0.0265000 0.0159828
17 0.1964573 0.4658580 0.0265000 0.0159829
19 0.2639118 0.6960119 0.0265000 0.0159829
1 0.3313663 0.5233965 0.0265000 0.0159829
18 0.4662753 0.7535503 0.0265000 0.0159828
25 0.3976163 0.6384734 0.0265000 0.0159829
1 0.5337298 0.4658580 0.0265000 0.0159829
19 0.3976163 0.7535503 0.0265000 0.0159828
18 0.1964573 0.5809350 0.0265000 0.0159829
14 0.3313663 0.6384734 0.0265000 0.0159829
19 0.3313663 0.7535503 0.0265000 0.0159828
29 0.4662753 0.6384734 0.0265000 0.0159829
1 0.3976163 0.4658580 0.0265000 0.0159829
29 0.3976163 0.6960119 0.0265000 0.0159829
28 0.4662753 0.6960119 0.0265000 0.0159829
16 0.3313663 0.4658580 0.0265000 0.0159829
27 0.1964573 0.6384734 0.0265000 0.0159829
2 0.1964573 0.6960119 0.0265000 0.0159829
28 0.2639118 0.5809350 0.0265000 0.0159829
6 0.5337298 0.5233965 0.0265000 0.0159829
1 0.3976163 0.5809350 0.0265000 0.0159829
1 0.2639118 0.6384734 0.0265000 0.0159829
