2 0.5952691 0.3889096 0.0263880 0.0160704
7 0.5280996 0.2732029 0.0263880 0.0160704
32 0.4627293 0.3358774 0.4857796 0.4114016
33 0.4615298 0.1580319 0.4402003 0.0149990
7 0.3265910 0.2153496 0.0263880 0.0160704
19 0.3937606 0.2153496 0.0263880 0.0160704
30 0.4597306 0.2153496 0.0263881 0.0160704
13 0.5952691 0.2153496 0.0263880 0.0160704
3 0.6624387 0.2153496 0.0263880 0.0160704
14 0.2594215 0.2732029 0.0263880 0.0160704
27 0.4597306 0.2732029 0.0263881 0.0160704
4 0.3265910 0.3310563 0.0263880 0.0160704
16 0.4597306 0.3310563 0.0263881 0.0160704
34 0.5274998 0.3305206 0.0635712 0.0578534
25 0.5280996 0.3310563 0.0263880 0.0160704
20 0.5952691 0.3310563 0.0263880 0.0160704
10 0.6624387 0.3310563 0.0263880 0.0160704
12 0.2594215 0.3889096 0.0263880 0.0160704
31 0.4597306 0.3889096 0.0263881 0.0160704
21 0.2594215 0.4467630 0.0263880 0.0160704
6 0.5280996 0.4467630 0.0263880 0.0160704
9 0.3265910 0.5046163 0.0263880 0.0160704
23 0.3937606 0.5046163 0.0263880 0.0160704
22 0.5952691 0.5046163 0.0263880 0.0160704
4 0.2594215 0.3310563 0.0263880 0.0160704
21 0.4597306 0.5046163 0.0263881 0.0160704
6 0.3265910 0.2732029 0.0263880 0.0160704
1 0.2594215 0.2153496 0.0263880 0.0160704
29 0.5280996 0.2153496 0.0263880 0.0160704
30 0.3937606 0.3889096 0.0263880 0.0160704
3 0.3937606 0.4467630 0.0263880 0.0160704
13 0.5952691 0.2732029 0.0263880 0.0160704
21 0.6624387 0.5046163 0.0263880 0.0160704
28 0.6624387 0.4467630 0.0263880 0.0160704
26 0.3937606 0.3310563 0.0263880 0.0160704
1 0.3937606 0.2732029 0.0263880 0.0160704
19 0.6624387 0.2732029 0.0263880 0.0160704
26 0.4597306 0.4467630 0.0263881 0.0160704
29 0.6624387 0.3889096 0.0263880 0.0160704
14 0.5280996 0.3889096 0.0263880 0.0160704
26 0.2594215 0.5046163 0.0263880 0.0160704
24 0.5280996 0.5046163 0.0263880 0.0160704
5 0.3265910 0.4467630 0.0263880 0.0160704
6 0.3265910 0.3889096 0.0263880 0.0160704
6 0.5952691 0.4467630 0.0263880 0.0160704
