13 0.3804440 0.4549508 0.0286936 0.0170007
27 0.2343674 0.5161533 0.0286936 0.0170007
32 0.3093621 0.3988484 0.5282234 0.4352180
33 0.3080578 0.2107073 0.4786617 0.0158673
26 0.1613291 0.2713431 0.0286936 0.0170007
8 0.3804440 0.2713431 0.0286936 0.0170007
10 0.0882908 0.3325457 0.0286936 0.0170007
34 0.5265206 0.3319790 0.0678213 0.0612025
9 0.5265206 0.3325457 0.0286936 0.0170007
29 0.0882908 0.3937482 0.0286936 0.0170007
27 0.1613291 0.3937482 0.0286936 0.0170007
16 0.3061015 0.3937482 0.0286936 0.0170007
2 0.5265206 0.3937482 0.0286936 0.0170007
4 0.1613291 0.4549508 0.0286936 0.0170007
3 0.2343674 0.4549508 0.0286936 0.0170007
23 0.1613291 0.5161533 0.0286936 0.0170007
15 0.3804440 0.5161533 0.0286936 0.0170007
11 0.5265206 0.5161533 0.0286936 0.0170007
22 0.0882908 0.5773558 0.0286936 0.0170007
21 0.1613291 0.5773558 0.0286936 0.0170007
24 0.2343674 0.5773558 0.0286936 0.0170007
18 0.3061015 0.5773558 0.0286936 0.0170007
25 0.3804440 0.5773558 0.0286936 0.0170007
5 0.5265206 0.5773558 0.0286936 0.0170007
1 0.0882908 0.2713431 0.0286936 0.0170007
29 0.3804440 0.3937482 0.0286936 0.0170007
27 0.4534823 0.5773558 0.0286936 0.0170007
2 0.4534823 0.3325457 0.0286936 0.0170007
31 0.3061015 0.2713431 0.0286936 0.0170007
4 0.4534823 0.3937482 0.0286936 0.0170007
29 0.4534823 0.2713431 0.0286936 0.0170007
13 0.2343674 0.2713431 0.0286936 0.0170007
25 0.4534823 0.4549508 0.0286936 0.0170007
4 0.0882908 0.4549508 0.0286936 0.0170007
1 0.2343674 0.3937482 0.0286936 0.0170007
1 0.2343674 0.3325457 0.0286936 0.0170007
31 0.4534823 0.5161533 0.0286936 0.0170007
20 0.3804440 0.3325457 0.0286936 0.0170007
31 0.5265206 0.2713431 0.0286936 0.0170007
7 0.5265206 0.4549508 0.0286936 0.0170007
13 0.3061015 0.3325457 0.0286936 0.0170007
21 0.0882908 0.5161533 0.0286936 0.0170007
12 0.1613291 0.3325457 0.0286936 0.0170007
4 0.3061015 0.4549508 0.0286936 0.0170007
25 0.3061015 0.5161533 0.0286936 0.0170007
