6 0.3905393 0.4518558 0.0282354 0.0170360
24 0.6780269 0.5131856 0.0282353 0.0170361
32 0.4643364 0.4569666 0.5197878 0.4361229
33 0.4630529 0.2684344 0.4710176 0.0159003
31 0.2467955 0.3291962 0.0282354 0.0170360
21 0.3186674 0.3291962 0.0282354 0.0170360
8 0.3905393 0.3291962 0.0282354 0.0170360
22 0.3186674 0.3905260 0.0282354 0.0170361
2 0.3905393 0.3905260 0.0282354 0.0170361
5 0.4611278 0.3905260 0.0282354 0.0170361
27 0.5342831 0.3905260 0.0282354 0.0170361
11 0.6061550 0.3905260 0.0282354 0.0170361
1 0.6780269 0.3905260 0.0282353 0.0170361
17 0.2467955 0.4518558 0.0282354 0.0170360
6 0.3186674 0.4518558 0.0282354 0.0170360
7 0.4611278 0.4518558 0.0282354 0.0170360
30 0.2467955 0.5131856 0.0282354 0.0170361
16 0.3905393 0.5131856 0.0282354 0.0170361
9 0.5342831 0.5131856 0.0282354 0.0170361
14 0.3905393 0.5745154 0.0282354 0.0170361
34 0.6055133 0.5739475 0.0654548 0.0613298
8 0.6061550 0.5745154 0.0282354 0.0170361
26 0.3186674 0.6358451 0.0282354 0.0170360
19 0.3905393 0.6358451 0.0282354 0.0170360
17 0.2467955 0.5745154 0.0282354 0.0170361
11 0.2467955 0.6358451 0.0282354 0.0170360
9 0.6061550 0.6358451 0.0282354 0.0170360
18 0.4611278 0.5131856 0.0282354 0.0170361
27 0.6780269 0.4518558 0.0282353 0.0170360
10 0.6061550 0.3291962 0.0282354 0.0170360
27 0.4611278 0.3291962 0.0282354 0.0170360
5 0.4611278 0.5745154 0.0282354 0.0170361
12 0.6061550 0.5131856 0.0282354 0.0170361
19 0.6061550 0.4518558 0.0282354 0.0170360
8 0.6780269 0.6358451 0.0282353 0.0170360
2 0.3186674 0.5745154 0.0282354 0.0170361
3 0.5342831 0.5745154 0.0282354 0.0170361
7 0.5342831 0.4518558 0.0282354 0.0170360
1 0.2467955 0.3905260 0.0282354 0.0170361
15 0.6780269 0.5745154 0.0282353 0.0170361
30 0.3186674 0.5131856 0.0282354 0.0170361
31 0.4611278 0.6358451 0.0282354 0.0170360
8 0.6780269 0.3291962 0.0282353 0.0170360
13 0.5342831 0.3291962 0.0282354 0.0170360
10 0.5342831 0.6358451 0.0282354 0.0170360
