6 0.3647887 0.6473526 0.0285211 0.0163579
30 0.8003838 0.5295757 0.0285210 0.0163580
32 0.5845308 0.5344830 0.5250476 0.4187622
33 0.5832344 0.3534556 0.4757839 0.0152674
24 0.3647887 0.4117988 0.0285211 0.0163579
20 0.5812897 0.4117988 0.0285211 0.0163579
30 0.6551854 0.4117988 0.0285211 0.0163579
14 0.7277846 0.4117988 0.0285210 0.0163579
16 0.4373878 0.4706872 0.0285211 0.0163579
25 0.5099870 0.4706872 0.0285211 0.0163579
12 0.8003838 0.4706872 0.0285210 0.0163579
27 0.5099870 0.5295757 0.0285211 0.0163580
13 0.5812897 0.5295757 0.0285211 0.0163580
34 0.3647887 0.5879188 0.0674135 0.0588885
3 0.3647887 0.5884641 0.0285211 0.0163579
22 0.4373878 0.5884641 0.0285211 0.0163579
4 0.6551854 0.5884641 0.0285211 0.0163579
11 0.7277846 0.5884641 0.0285210 0.0163579
3 0.8003838 0.5884641 0.0285210 0.0163579
2 0.8003838 0.6473526 0.0285210 0.0163579
17 0.3647887 0.7062409 0.0285211 0.0163579
26 0.4373878 0.7062409 0.0285211 0.0163579
18 0.7277846 0.7062409 0.0285210 0.0163579
31 0.8003838 0.7062409 0.0285210 0.0163579
15 0.3647887 0.4706872 0.0285211 0.0163579
14 0.6551854 0.6473526 0.0285211 0.0163579
5 0.6551854 0.5295757 0.0285211 0.0163580
24 0.5812897 0.6473526 0.0285211 0.0163579
9 0.5812897 0.7062409 0.0285211 0.0163579
18 0.3647887 0.5295757 0.0285211 0.0163580
13 0.5099870 0.5884641 0.0285211 0.0163579
31 0.7277846 0.5295757 0.0285210 0.0163580
6 0.4373878 0.6473526 0.0285211 0.0163579
25 0.6551854 0.4706872 0.0285211 0.0163579
30 0.5099870 0.6473526 0.0285211 0.0163579
22 0.5812897 0.5884641 0.0285211 0.0163579
28 0.5812897 0.4706872 0.0285211 0.0163579
29 0.7277846 0.4706872 0.0285210 0.0163579
17 0.6551854 0.7062409 0.0285211 0.0163579
29 0.8003838 0.4117988 0.0285210 0.0163579
9 0.4373878 0.5295757 0.0285211 0.0163580
2 0.5099870 0.7062409 0.0285211 0.0163579
9 0.5099870 0.4117988 0.0285211 0.0163579
30 0.7277846 0.6473526 0.0285210 0.0163579
25 0.4373878 0.4117988 0.0285211 0.0163579
