13 0.5954572 0.4262272 0.0270424 0.0173164
31 0.4590159 0.3638881 0.0270424 0.0173164
32 0.5985302 0.3690830 0.4978264 0.4433006
33 0.5973010 0.1774479 0.4511167 0.0161620
14 0.6655216 0.2392098 0.0270424 0.0173164
9 0.8031921 0.2392098 0.0270425 0.0173164
22 0.3901807 0.3015490 0.0270424 0.0173164
34 0.5278511 0.3009717 0.0639184 0.0623392
17 0.5278511 0.3015490 0.0270424 0.0173164
24 0.5954572 0.3015490 0.0270424 0.0173164
21 0.7343569 0.3015490 0.0270424 0.0173164
1 0.8031921 0.3015490 0.0270425 0.0173164
10 0.3901807 0.3638881 0.0270424 0.0173164
15 0.5278511 0.3638881 0.0270424 0.0173164
5 0.7343569 0.3638881 0.0270424 0.0173164
31 0.3901807 0.4262272 0.0270424 0.0173164
19 0.5278511 0.4262272 0.0270424 0.0173164
6 0.6655216 0.4262272 0.0270424 0.0173164
23 0.8031921 0.4262272 0.0270425 0.0173164
2 0.3901807 0.4885664 0.0270424 0.0173164
4 0.5278511 0.4885664 0.0270424 0.0173164
17 0.7343569 0.4885664 0.0270424 0.0173164
8 0.3901807 0.5509055 0.0270424 0.0173164
12 0.6655216 0.5509055 0.0270424 0.0173164
13 0.4590159 0.2392098 0.0270424 0.0173164
22 0.7343569 0.4262272 0.0270424 0.0173164
26 0.8031921 0.5509055 0.0270425 0.0173164
18 0.6655216 0.3015490 0.0270424 0.0173164
1 0.5954572 0.3638881 0.0270424 0.0173164
2 0.7343569 0.5509055 0.0270424 0.0173164
20 0.4590159 0.4885664 0.0270424 0.0173164
3 0.5954572 0.4885664 0.0270424 0.0173164
19 0.6655216 0.3638881 0.0270424 0.0173164
1 0.8031921 0.3638881 0.0270425 0.0173164
1 0.5278511 0.5509055 0.0270424 0.0173164
6 0.7343569 0.2392098 0.0270424 0.0173164
4 0.5278511 0.2392098 0.0270424 0.0173164
19 0.8031921 0.4885664 0.0270425 0.0173164
7 0.4590159 0.5509055 0.0270424 0.0173164
9 0.5954572 0.2392098 0.0270424 0.0173164
8 0.6655216 0.4885664 0.0270424 0.0173164
3 0.4590159 0.4262272 0.0270424 0.0173164
29 0.3901807 0.2392098 0.0270424 0.0173164
1 0.5954572 0.5509055 0.0270424 0.0173164
31 0.4590159 0.3015490 0.0270424 0.0173164
