11 0.2125924 0.3727621 0.0273850 0.0168800
29 0.2125924 0.5550664 0.0273850 0.0168800
32 0.2841669 0.4385942 0.5041334 0.4321288
33 0.2829221 0.2517886 0.4568320 0.0157547
5 0.2810550 0.3119940 0.0273850 0.0168800
9 0.3520071 0.3119940 0.0273850 0.0168800
30 0.0731777 0.3727621 0.0273850 0.0168800
20 0.1428851 0.3727621 0.0273850 0.0168800
11 0.2810550 0.3727621 0.0273850 0.0168800
4 0.3520071 0.3727621 0.0273850 0.0168800
7 0.4217144 0.3727621 0.0273850 0.0168800
22 0.4914217 0.3727621 0.0273850 0.0168800
12 0.0731777 0.4335302 0.0273850 0.0168800
21 0.1428851 0.4335302 0.0273850 0.0168800
1 0.2810550 0.4335302 0.0273850 0.0168800
34 0.3513847 0.4329675 0.0659730 0.0607681
30 0.3520071 0.4335302 0.0273850 0.0168800
13 0.1428851 0.4942983 0.0273850 0.0168800
14 0.2810550 0.4942983 0.0273850 0.0168800
27 0.4914217 0.4942983 0.0273850 0.0168800
19 0.4914217 0.5550664 0.0273850 0.0168800
10 0.1428851 0.6158345 0.0273850 0.0168800
8 0.2810550 0.6158345 0.0273850 0.0168800
29 0.4217144 0.6158345 0.0273850 0.0168800
31 0.0731777 0.6158345 0.0273850 0.0168800
29 0.0731777 0.4942983 0.0273850 0.0168800
28 0.4217144 0.5550664 0.0273850 0.0168800
14 0.2125924 0.4335302 0.0273850 0.0168800
20 0.2810550 0.5550664 0.0273850 0.0168800
25 0.4914217 0.3119940 0.0273850 0.0168800
9 0.4217144 0.3119940 0.0273850 0.0168800
5 0.3520071 0.5550664 0.0273850 0.0168800
25 0.2125924 0.4942983 0.0273850 0.0168800
1 0.2125924 0.6158345 0.0273850 0.0168800
1 0.4914217 0.6158345 0.0273850 0.0168800
10 0.4914217 0.4335302 0.0273850 0.0168800
1 0.2125924 0.3119940 0.0273850 0.0168800
19 0.0731777 0.3119940 0.0273850 0.0168800
14 0.1428851 0.5550664 0.0273850 0.0168800
26 0.1428851 0.3119940 0.0273850 0.0168800
16 0.4217144 0.4942983 0.0273850 0.0168800
31 0.3520071 0.6158345 0.0273850 0.0168800
24 0.3520071 0.4942983 0.0273850 0.0168800
1 0.4217144 0.4335302 0.0273850 0.0168800
9 0.0731777 0.5550664 0.0273850 0.0168800
