7 0.4296846 0.4461139 0.0263653 0.0169802
21 0.5627094 0.7517577 0.0263653 0.0169803
32 0.5657054 0.5734655 0.4853607 0.4346934
33 0.5645071 0.3855511 0.4398207 0.0158482
15 0.3625730 0.4461139 0.0263653 0.0169802
5 0.4967962 0.4461139 0.0263653 0.0169802
12 0.7652426 0.4461139 0.0263654 0.0169802
25 0.3625730 0.5072427 0.0263653 0.0169802
9 0.5627094 0.5072427 0.0263653 0.0169802
24 0.6310194 0.5072427 0.0263653 0.0169802
31 0.6981310 0.5072427 0.0263652 0.0169802
8 0.7652426 0.5072427 0.0263654 0.0169802
20 0.4296846 0.6295002 0.0263653 0.0169802
17 0.4967962 0.6295002 0.0263653 0.0169802
30 0.5627094 0.6295002 0.0263653 0.0169802
6 0.3625730 0.6906289 0.0263653 0.0169802
10 0.4296846 0.6906289 0.0263653 0.0169802
34 0.4967962 0.6900629 0.0623179 0.0611287
17 0.4967962 0.6906289 0.0263653 0.0169802
22 0.6981310 0.6906289 0.0263652 0.0169802
21 0.4296846 0.7517577 0.0263653 0.0169803
26 0.6310194 0.7517577 0.0263653 0.0169803
23 0.6981310 0.7517577 0.0263652 0.0169803
2 0.7652426 0.7517577 0.0263654 0.0169803
31 0.3625730 0.6295002 0.0263653 0.0169802
17 0.6981310 0.5683714 0.0263652 0.0169802
5 0.7652426 0.6295002 0.0263654 0.0169802
8 0.5627094 0.5683714 0.0263653 0.0169802
12 0.4296846 0.5072427 0.0263653 0.0169802
15 0.3625730 0.5683714 0.0263653 0.0169802
18 0.4967962 0.7517577 0.0263653 0.0169803
19 0.7652426 0.5683714 0.0263654 0.0169802
5 0.5627094 0.4461139 0.0263653 0.0169802
29 0.5627094 0.6906289 0.0263653 0.0169802
18 0.4967962 0.5683714 0.0263653 0.0169802
30 0.6310194 0.4461139 0.0263653 0.0169802
7 0.4967962 0.5072427 0.0263653 0.0169802
20 0.6310194 0.6295002 0.0263653 0.0169802
16 0.6981310 0.6295002 0.0263652 0.0169802
8 0.6981310 0.4461139 0.0263652 0.0169802
29 0.4296846 0.5683714 0.0263653 0.0169802
19 0.3625730 0.7517577 0.0263653 0.0169803
8 0.7652426 0.6906289 0.0263654 0.0169802
7 0.6310194 0.6906289 0.0263653 0.0169802
25 0.6310194 0.5683714 0.0263653 0.0169802
