28 0.3674217 0.3003497 0.0270608 0.0160895
7 0.5740676 0.4161941 0.0270608 0.0160895
32 0.4381487 0.3630987 0.4981643 0.4118913
33 0.4369187 0.1850415 0.4514230 0.0150169
9 0.2296577 0.2424275 0.0270608 0.0160895
24 0.3674217 0.2424275 0.0270608 0.0160895
17 0.4350736 0.2424275 0.0270608 0.0160895
10 0.5051856 0.2424275 0.0270608 0.0160895
31 0.6429495 0.2424275 0.0270608 0.0160895
29 0.2296577 0.3003497 0.0270608 0.0160895
8 0.2296577 0.3582719 0.0270608 0.0160895
34 0.2979247 0.3577356 0.0627318 0.0579222
25 0.2985397 0.3582719 0.0270608 0.0160895
13 0.4350736 0.3582719 0.0270608 0.0160895
7 0.6429495 0.3582719 0.0270608 0.0160895
23 0.2296577 0.4161941 0.0270608 0.0160895
5 0.3674217 0.4161941 0.0270608 0.0160895
14 0.5051856 0.4161941 0.0270608 0.0160895
21 0.2296577 0.4741163 0.0270608 0.0160895
25 0.2985397 0.4741163 0.0270608 0.0160895
3 0.4350736 0.4741163 0.0270608 0.0160895
4 0.5740676 0.4741163 0.0270608 0.0160895
2 0.2985397 0.5320385 0.0270608 0.0160895
15 0.5740676 0.5320385 0.0270608 0.0160895
2 0.3674217 0.3582719 0.0270608 0.0160895
1 0.2985397 0.2424275 0.0270608 0.0160895
26 0.5740676 0.2424275 0.0270608 0.0160895
8 0.5051856 0.4741163 0.0270608 0.0160895
26 0.2985397 0.3003497 0.0270608 0.0160895
21 0.3674217 0.5320385 0.0270608 0.0160895
12 0.5740676 0.3582719 0.0270608 0.0160895
17 0.5740676 0.3003497 0.0270608 0.0160895
3 0.6429495 0.5320385 0.0270608 0.0160895
20 0.3674217 0.4741163 0.0270608 0.0160895
26 0.4350736 0.3003497 0.0270608 0.0160895
7 0.5051856 0.5320385 0.0270608 0.0160895
17 0.6429495 0.4741163 0.0270608 0.0160895
8 0.5051856 0.3003497 0.0270608 0.0160895
20 0.6429495 0.3003497 0.0270608 0.0160895
6 0.6429495 0.4161941 0.0270608 0.0160895
16 0.4350736 0.4161941 0.0270608 0.0160895
16 0.2985397 0.4161941 0.0270608 0.0160895
31 0.4350736 0.5320385 0.0270608 0.0160895
22 0.2296577 0.5320385 0.0270608 0.0160895
3 0.5051856 0.3582719 0.0270608 0.0160895
