16 0.4449897 0.5759732 0.0269036 0.0171215
14 0.4449897 0.4526983 0.0269036 0.0171215
32 0.4480470 0.3961973 0.4952707 0.4383108
33 0.4468240 0.2067192 0.4488009 0.0159801
2 0.2407669 0.2677859 0.0269036 0.0171215
17 0.3777307 0.2677859 0.0269036 0.0171215
5 0.4449897 0.2677859 0.0269036 0.0171215
18 0.5146945 0.2677859 0.0269036 0.0171215
31 0.2407669 0.3294234 0.0269036 0.0171215
26 0.3092488 0.3294234 0.0269036 0.0171215
23 0.5831763 0.3294234 0.0269036 0.0171215
11 0.3777307 0.3910608 0.0269036 0.0171215
29 0.6516582 0.3910608 0.0269036 0.0171215
6 0.3092488 0.4526983 0.0269036 0.0171215
25 0.3777307 0.4526983 0.0269036 0.0171215
34 0.5825649 0.4521276 0.0623674 0.0616374
8 0.5831763 0.4526983 0.0269036 0.0171215
3 0.2407669 0.5143358 0.0269036 0.0171215
20 0.3777307 0.5143358 0.0269036 0.0171215
13 0.4449897 0.5143358 0.0269036 0.0171215
8 0.2407669 0.5759732 0.0269036 0.0171215
19 0.3092488 0.5759732 0.0269036 0.0171215
22 0.3777307 0.5759732 0.0269036 0.0171215
12 0.5146945 0.5759732 0.0269036 0.0171215
22 0.6516582 0.2677859 0.0269036 0.0171215
26 0.6516582 0.3294234 0.0269036 0.0171215
7 0.5831763 0.5143358 0.0269036 0.0171215
8 0.6516582 0.4526983 0.0269036 0.0171215
12 0.5831763 0.5759732 0.0269036 0.0171215
22 0.4449897 0.3910608 0.0269036 0.0171215
10 0.5146945 0.3294234 0.0269036 0.0171215
9 0.5146945 0.5143358 0.0269036 0.0171215
19 0.5146945 0.3910608 0.0269036 0.0171215
19 0.3092488 0.2677859 0.0269036 0.0171215
6 0.2407669 0.4526983 0.0269036 0.0171215
24 0.3092488 0.3910608 0.0269036 0.0171215
31 0.4449897 0.3294234 0.0269036 0.0171215
17 0.3092488 0.5143358 0.0269036 0.0171215
15 0.5831763 0.3910608 0.0269036 0.0171215
30 0.3777307 0.3294234 0.0269036 0.0171215
20 0.5831763 0.2677859 0.0269036 0.0171215
27 0.6516582 0.5759732 0.0269036 0.0171215
30 0.2407669 0.3910608 0.0269036 0.0171215
16 0.6516582 0.5143358 0.0269036 0.0171215
16 0.5146945 0.4526983 0.0269036 0.0171215
