7 0.1062821 0.5149397 0.0263245 0.0163503
31 0.3061089 0.6326623 0.0263245 0.0163504
32 0.3091003 0.4609836 0.4846098 0.4185691
33 0.3079037 0.2800396 0.4391402 0.0152603
30 0.1732899 0.3383559 0.0263245 0.0163504
6 0.2402976 0.3383559 0.0263245 0.0163504
27 0.4413210 0.3383559 0.0263245 0.0163504
22 0.1062821 0.3972172 0.0263245 0.0163504
29 0.2402976 0.3972172 0.0263245 0.0163504
16 0.3743132 0.3972172 0.0263245 0.0163504
24 0.5083287 0.3972172 0.0263245 0.0163504
12 0.1062821 0.4560785 0.0263245 0.0163503
13 0.5083287 0.4560785 0.0263245 0.0163503
10 0.1732899 0.5149397 0.0263245 0.0163503
21 0.3061089 0.5149397 0.0263245 0.0163503
26 0.3743132 0.5149397 0.0263245 0.0163503
31 0.5083287 0.5149397 0.0263245 0.0163503
20 0.1062821 0.5738010 0.0263245 0.0163503
11 0.3061089 0.5738010 0.0263245 0.0163503
17 0.4413210 0.5738010 0.0263245 0.0163503
9 0.5083287 0.5738010 0.0263245 0.0163503
34 0.1062821 0.6321172 0.0622215 0.0588613
28 0.1062821 0.6326623 0.0263245 0.0163504
4 0.5083287 0.6326623 0.0263245 0.0163504
4 0.1062821 0.3383559 0.0263245 0.0163504
22 0.2402976 0.5738010 0.0263245 0.0163503
18 0.1732899 0.4560785 0.0263245 0.0163503
30 0.4413210 0.6326623 0.0263245 0.0163504
4 0.3743132 0.5738010 0.0263245 0.0163503
11 0.3743132 0.6326623 0.0263245 0.0163504
5 0.4413210 0.5149397 0.0263245 0.0163503
27 0.3743132 0.3383559 0.0263245 0.0163504
2 0.5083287 0.3383559 0.0263245 0.0163504
29 0.1732899 0.5738010 0.0263245 0.0163503
18 0.3061089 0.3972172 0.0263245 0.0163504
28 0.3061089 0.3383559 0.0263245 0.0163504
10 0.3061089 0.4560785 0.0263245 0.0163503
5 0.2402976 0.5149397 0.0263245 0.0163503
17 0.2402976 0.4560785 0.0263245 0.0163503
27 0.4413210 0.4560785 0.0263245 0.0163503
31 0.3743132 0.4560785 0.0263245 0.0163503
30 0.1732899 0.6326623 0.0263245 0.0163504
15 0.1732899 0.3972172 0.0263245 0.0163504
7 0.4413210 0.3972172 0.0263245 0.0163504
22 0.2402976 0.6326623 0.0263245 0.0163504
