30 0.2189882 0.2237851 0.0270800 0.0166276
26 0.1500572 0.5230828 0.0270800 0.0166277
32 0.2897656 0.3484925 0.4985189 0.4256678
33 0.2885347 0.1644798 0.4517443 0.0155191
8 0.0811262 0.2237851 0.0270800 0.0166276
22 0.2866883 0.2237851 0.0270801 0.0166276
3 0.4257812 0.2237851 0.0270800 0.0166276
13 0.0811262 0.2836446 0.0270800 0.0166277
9 0.1500572 0.2836446 0.0270800 0.0166277
34 0.2866883 0.2830904 0.0640074 0.0598596
31 0.2866883 0.2836446 0.0270801 0.0166277
20 0.4257812 0.2836446 0.0270800 0.0166277
24 0.4947123 0.3435042 0.0270800 0.0166277
26 0.0811262 0.4033637 0.0270800 0.0166276
30 0.1500572 0.4033637 0.0270800 0.0166276
10 0.2866883 0.4033637 0.0270801 0.0166276
15 0.3568502 0.4033637 0.0270800 0.0166276
17 0.4257812 0.4033637 0.0270800 0.0166276
4 0.4947123 0.4033637 0.0270800 0.0166276
5 0.1500572 0.4632233 0.0270800 0.0166276
14 0.2189882 0.4632233 0.0270800 0.0166276
6 0.3568502 0.4632233 0.0270800 0.0166276
31 0.4947123 0.4632233 0.0270800 0.0166276
1 0.0811262 0.5230828 0.0270800 0.0166277
29 0.3568502 0.3435042 0.0270800 0.0166277
4 0.2866883 0.3435042 0.0270801 0.0166277
4 0.0811262 0.3435042 0.0270800 0.0166277
28 0.2189882 0.5230828 0.0270800 0.0166277
17 0.3568502 0.5230828 0.0270800 0.0166277
22 0.2866883 0.5230828 0.0270801 0.0166277
10 0.4257812 0.5230828 0.0270800 0.0166277
20 0.4257812 0.3435042 0.0270800 0.0166277
7 0.4947123 0.5230828 0.0270800 0.0166277
31 0.2189882 0.4033637 0.0270800 0.0166276
6 0.3568502 0.2237851 0.0270800 0.0166276
22 0.2189882 0.3435042 0.0270800 0.0166277
14 0.3568502 0.2836446 0.0270800 0.0166277
15 0.4947123 0.2836446 0.0270800 0.0166277
19 0.1500572 0.2237851 0.0270800 0.0166276
21 0.4947123 0.2237851 0.0270800 0.0166276
28 0.0811262 0.4632233 0.0270800 0.0166276
7 0.2189882 0.2836446 0.0270800 0.0166277
10 0.1500572 0.3435042 0.0270800 0.0166277
9 0.2866883 0.4632233 0.0270801 0.0166276
22 0.4257812 0.4632233 0.0270800 0.0166276
