5 0.7650626 0.5546708 0.0283136 0.0163458
6 0.4047074 0.6135156 0.0283136 0.0163458
32 0.5507800 0.4418850 0.5212280 0.4184518
33 0.5494930 0.2609918 0.4723227 0.0152561
11 0.4767784 0.3192917 0.0283136 0.0163458
5 0.6209205 0.3192917 0.0283136 0.0163458
23 0.6929915 0.3192917 0.0283137 0.0163458
1 0.7650626 0.3192917 0.0283136 0.0163458
6 0.3326364 0.3781365 0.0283136 0.0163458
19 0.4047074 0.3781365 0.0283136 0.0163458
26 0.5475625 0.3781365 0.0283136 0.0163458
34 0.6202770 0.3775916 0.0682101 0.0588448
18 0.6209205 0.3781365 0.0283136 0.0163458
15 0.7650626 0.3781365 0.0283136 0.0163458
3 0.3326364 0.4369813 0.0283136 0.0163458
24 0.4047074 0.4369813 0.0283136 0.0163458
14 0.6929915 0.4369813 0.0283137 0.0163458
27 0.4047074 0.4958260 0.0283136 0.0163458
22 0.4767784 0.5546708 0.0283136 0.0163458
20 0.3326364 0.6135156 0.0283136 0.0163458
4 0.5475625 0.6135156 0.0283136 0.0163458
16 0.6929915 0.6135156 0.0283137 0.0163458
25 0.7650626 0.6135156 0.0283136 0.0163458
1 0.6929915 0.5546708 0.0283137 0.0163458
4 0.6209205 0.6135156 0.0283136 0.0163458
3 0.7650626 0.4958260 0.0283136 0.0163458
8 0.5475625 0.4369813 0.0283136 0.0163458
15 0.6209205 0.4958260 0.0283136 0.0163458
26 0.4767784 0.4369813 0.0283136 0.0163458
8 0.4767784 0.3781365 0.0283136 0.0163458
16 0.3326364 0.4958260 0.0283136 0.0163458
29 0.4047074 0.5546708 0.0283136 0.0163458
24 0.6929915 0.3781365 0.0283137 0.0163458
30 0.5475625 0.3192917 0.0283136 0.0163458
3 0.4047074 0.3192917 0.0283136 0.0163458
20 0.4767784 0.4958260 0.0283136 0.0163458
6 0.3326364 0.3192917 0.0283136 0.0163458
11 0.7650626 0.4369813 0.0283136 0.0163458
16 0.4767784 0.6135156 0.0283136 0.0163458
31 0.6209205 0.4369813 0.0283136 0.0163458
5 0.5475625 0.4958260 0.0283136 0.0163458
17 0.5475625 0.5546708 0.0283136 0.0163458
17 0.3326364 0.5546708 0.0283136 0.0163458
11 0.6209205 0.5546708 0.0283136 0.0163458
31 0.6929915 0.4958260 0.0283137 0.0163458
