12 0.4775959 0.5938458 0.0267149 0.0171142
4 0.2748056 0.5322348 0.0267149 0.0171141
32 0.4806316 0.5373691 0.4917967 0.4381218
33 0.4794173 0.3479727 0.4456528 0.0159732
4 0.2748056 0.4090131 0.0267149 0.0171141
16 0.6828148 0.4090131 0.0267149 0.0171141
15 0.2748056 0.4706240 0.0267149 0.0171141
7 0.6828148 0.4706240 0.0267149 0.0171141
14 0.3428072 0.5322348 0.0267149 0.0171141
17 0.4108087 0.5322348 0.0267149 0.0171141
13 0.6828148 0.5322348 0.0267149 0.0171141
19 0.3428072 0.5938458 0.0267149 0.0171142
8 0.6148132 0.5938458 0.0267149 0.0171142
6 0.6828148 0.5938458 0.0267149 0.0171142
31 0.2748056 0.6554566 0.0267149 0.0171141
29 0.4108087 0.6554566 0.0267149 0.0171141
1 0.4775959 0.6554566 0.0267149 0.0171141
21 0.5468117 0.6554566 0.0267149 0.0171141
10 0.2748056 0.7170675 0.0267149 0.0171141
3 0.3428072 0.7170675 0.0267149 0.0171141
23 0.4108087 0.7170675 0.0267149 0.0171141
34 0.6828148 0.7164970 0.0631443 0.0616109
16 0.6828148 0.7170675 0.0267149 0.0171141
13 0.4775959 0.7170675 0.0267149 0.0171141
15 0.5468117 0.4090131 0.0267149 0.0171141
30 0.4108087 0.5938458 0.0267149 0.0171142
3 0.4108087 0.4706240 0.0267149 0.0171141
26 0.5468117 0.4706240 0.0267149 0.0171141
4 0.6148132 0.4706240 0.0267149 0.0171141
19 0.4108087 0.4090131 0.0267149 0.0171141
21 0.3428072 0.4706240 0.0267149 0.0171141
5 0.6828148 0.6554566 0.0267149 0.0171141
8 0.6148132 0.5322348 0.0267149 0.0171141
2 0.6148132 0.7170675 0.0267149 0.0171141
2 0.5468117 0.5322348 0.0267149 0.0171141
20 0.5468117 0.7170675 0.0267149 0.0171141
3 0.3428072 0.4090131 0.0267149 0.0171141
26 0.4775959 0.4706240 0.0267149 0.0171141
18 0.3428072 0.6554566 0.0267149 0.0171141
18 0.5468117 0.5938458 0.0267149 0.0171142
9 0.4775959 0.4090131 0.0267149 0.0171141
8 0.4775959 0.5322348 0.0267149 0.0171141
24 0.6148132 0.6554566 0.0267149 0.0171141
30 0.6148132 0.4090131 0.0267149 0.0171141
8 0.2748056 0.5938458 0.0267149 0.0171142
