29 0.2261507 0.3966577 0.0269275 0.0168102
1 0.2946933 0.4571745 0.0269275 0.0168102
32 0.3650719 0.5227344 0.4957103 0.4303420
33 0.3638480 0.3367012 0.4491992 0.0156896
22 0.2946933 0.3966577 0.0269275 0.0168102
12 0.4317787 0.3966577 0.0269275 0.0168102
6 0.1576080 0.4571745 0.0269275 0.0168102
20 0.2261507 0.5176913 0.0269275 0.0168102
25 0.2946933 0.5176913 0.0269275 0.0168102
14 0.3620120 0.5176913 0.0269275 0.0168102
4 0.1576080 0.5782083 0.0269275 0.0168102
16 0.2946933 0.5782083 0.0269275 0.0168102
29 0.3620120 0.5782083 0.0269275 0.0168102
9 0.4317787 0.5782083 0.0269275 0.0168102
2 0.5003214 0.5782083 0.0269275 0.0168102
34 0.2946933 0.6381647 0.0636468 0.0605168
31 0.2946933 0.6387250 0.0269275 0.0168102
10 0.3620120 0.6387250 0.0269275 0.0168102
1 0.5688640 0.6387250 0.0269275 0.0168102
26 0.2261507 0.6992419 0.0269275 0.0168102
23 0.3620120 0.6992419 0.0269275 0.0168102
15 0.5003214 0.6992419 0.0269275 0.0168102
5 0.5688640 0.6992419 0.0269275 0.0168102
9 0.5003214 0.3966577 0.0269275 0.0168102
9 0.4317787 0.6387250 0.0269275 0.0168102
30 0.3620120 0.3966577 0.0269275 0.0168102
26 0.1576080 0.3966577 0.0269275 0.0168102
11 0.5688640 0.5176913 0.0269275 0.0168102
10 0.2946933 0.6992419 0.0269275 0.0168102
15 0.3620120 0.4571745 0.0269275 0.0168102
16 0.5003214 0.5176913 0.0269275 0.0168102
8 0.1576080 0.6387250 0.0269275 0.0168102
7 0.1576080 0.5176913 0.0269275 0.0168102
27 0.5688640 0.3966577 0.0269275 0.0168102
4 0.5688640 0.5782083 0.0269275 0.0168102
26 0.5003214 0.6387250 0.0269275 0.0168102
18 0.5003214 0.4571745 0.0269275 0.0168102
24 0.4317787 0.5176913 0.0269275 0.0168102
14 0.1576080 0.6992419 0.0269275 0.0168102
18 0.5688640 0.4571745 0.0269275 0.0168102
16 0.4317787 0.4571745 0.0269275 0.0168102
13 0.2261507 0.6387250 0.0269275 0.0168102
29 0.4317787 0.6992419 0.0269275 0.0168102
18 0.2261507 0.4571745 0.0269275 0.0168102
6 0.2261507 0.5782083 0.0269275 0.0168102
