28 0.4566104 0.6751885 0.0271893 0.0163950
12 0.3861655 0.6751885 0.0271893 0.0163950
32 0.3892551 0.6210846 0.5005302 0.4197147
33 0.3880193 0.4396454 0.4535669 0.0153021
34 0.2483651 0.4975748 0.0630297 0.0590224
11 0.2489831 0.4981213 0.0271893 0.0163951
23 0.3861655 0.4981213 0.0271893 0.0163951
1 0.4566104 0.4981213 0.0271893 0.0163951
17 0.5258195 0.4981213 0.0271893 0.0163951
30 0.5950287 0.4981213 0.0271893 0.0163951
26 0.2489831 0.5571437 0.0271893 0.0163951
25 0.1797740 0.6161660 0.0271893 0.0163951
15 0.5258195 0.6161660 0.0271893 0.0163951
10 0.5950287 0.6161660 0.0271893 0.0163951
24 0.1797740 0.6751885 0.0271893 0.0163950
31 0.3181922 0.6751885 0.0271893 0.0163950
19 0.5258195 0.6751885 0.0271893 0.0163950
20 0.2489831 0.7342109 0.0271893 0.0163951
9 0.4566104 0.7342109 0.0271893 0.0163951
18 0.1797740 0.7932332 0.0271893 0.0163951
16 0.4566104 0.7932332 0.0271893 0.0163951
3 0.5258195 0.7932332 0.0271893 0.0163951
22 0.5950287 0.7932332 0.0271893 0.0163951
22 0.5950287 0.7342109 0.0271893 0.0163951
9 0.3181922 0.5571437 0.0271893 0.0163951
9 0.3181922 0.7932332 0.0271893 0.0163951
22 0.4566104 0.5571437 0.0271893 0.0163951
25 0.3861655 0.6161660 0.0271893 0.0163951
16 0.1797740 0.5571437 0.0271893 0.0163951
9 0.4566104 0.6161660 0.0271893 0.0163951
25 0.5950287 0.6751885 0.0271893 0.0163950
1 0.5258195 0.5571437 0.0271893 0.0163951
14 0.1797740 0.7342109 0.0271893 0.0163951
25 0.1797740 0.4981213 0.0271893 0.0163951
22 0.3181922 0.6161660 0.0271893 0.0163951
2 0.5258195 0.7342109 0.0271893 0.0163951
31 0.2489831 0.7932332 0.0271893 0.0163951
19 0.2489831 0.6751885 0.0271893 0.0163950
11 0.3861655 0.7932332 0.0271893 0.0163951
6 0.3181922 0.7342109 0.0271893 0.0163951
26 0.3181922 0.4981213 0.0271893 0.0163951
28 0.3861655 0.7342109 0.0271893 0.0163951
6 0.2489831 0.6161660 0.0271893 0.0163951
28 0.5950287 0.5571437 0.0271893 0.0163951
27 0.3861655 0.5571437 0.0271893 0.0163951
