21 0.6628148 0.7505088 0.0275233 0.0173711
15 0.7328741 0.6254371 0.0275233 0.0173711
32 0.5946321 0.5681126 0.5066787 0.4446992
33 0.5933810 0.3758728 0.4591385 0.0162130
7 0.5226963 0.4378296 0.0275233 0.0173711
19 0.5915045 0.5003654 0.0275233 0.0173711
30 0.6628148 0.5003654 0.0275233 0.0173711
23 0.4526370 0.5629013 0.0275233 0.0173710
2 0.5915045 0.5629013 0.0275233 0.0173710
16 0.6628148 0.5629013 0.0275233 0.0173710
10 0.7328741 0.5629013 0.0275233 0.0173710
20 0.5226963 0.6254371 0.0275233 0.0173711
11 0.6628148 0.6254371 0.0275233 0.0173711
24 0.3825777 0.6879730 0.0275233 0.0173711
12 0.4526370 0.6879730 0.0275233 0.0173711
34 0.5915045 0.6873939 0.0650550 0.0625358
27 0.5915045 0.6879730 0.0275233 0.0173711
17 0.7328741 0.6879730 0.0275233 0.0173711
29 0.3825777 0.7505088 0.0275233 0.0173711
27 0.5226963 0.7505088 0.0275233 0.0173711
9 0.5915045 0.7505088 0.0275233 0.0173711
6 0.7328741 0.7505088 0.0275233 0.0173711
15 0.8029333 0.7505088 0.0275233 0.0173711
27 0.6628148 0.4378296 0.0275233 0.0173711
3 0.3825777 0.6254371 0.0275233 0.0173711
17 0.5226963 0.5629013 0.0275233 0.0173710
6 0.6628148 0.6879730 0.0275233 0.0173711
9 0.5915045 0.6254371 0.0275233 0.0173711
28 0.4526370 0.4378296 0.0275233 0.0173711
17 0.8029333 0.6254371 0.0275233 0.0173711
18 0.8029333 0.6879730 0.0275233 0.0173711
9 0.4526370 0.5003654 0.0275233 0.0173711
18 0.8029333 0.4378296 0.0275233 0.0173711
31 0.7328741 0.4378296 0.0275233 0.0173711
31 0.3825777 0.5629013 0.0275233 0.0173710
30 0.8029333 0.5629013 0.0275233 0.0173710
15 0.3825777 0.5003654 0.0275233 0.0173711
25 0.3825777 0.4378296 0.0275233 0.0173711
22 0.5915045 0.4378296 0.0275233 0.0173711
7 0.7328741 0.5003654 0.0275233 0.0173711
1 0.4526370 0.7505088 0.0275233 0.0173711
2 0.5226963 0.6879730 0.0275233 0.0173711
18 0.4526370 0.6254371 0.0275233 0.0173711
30 0.8029333 0.5003654 0.0275233 0.0173711
18 0.5226963 0.5003654 0.0275233 0.0173711
