2 0.4923151 0.4078400 0.0272992 0.0164745
24 0.2143604 0.4078400 0.0272991 0.0164745
32 0.2857103 0.3534741 0.5025521 0.4217476
33 0.2844695 0.1711562 0.4553991 0.0153762
21 0.2143604 0.2299152 0.0272991 0.0164745
7 0.3533377 0.2299152 0.0272991 0.0164745
3 0.0753830 0.2892235 0.0272991 0.0164745
25 0.3533377 0.2892235 0.0272991 0.0164745
24 0.4923151 0.2892235 0.0272992 0.0164745
18 0.0753830 0.3485318 0.0272991 0.0164745
12 0.2143604 0.3485318 0.0272991 0.0164745
19 0.3533377 0.3485318 0.0272991 0.0164745
34 0.0753830 0.4072909 0.0645252 0.0593083
3 0.0753830 0.4078400 0.0272991 0.0164745
17 0.1448717 0.4078400 0.0272991 0.0164745
22 0.3533377 0.4078400 0.0272991 0.0164745
6 0.4228264 0.4078400 0.0272991 0.0164745
26 0.2143604 0.4671483 0.0272991 0.0164745
9 0.2826081 0.4671483 0.0272991 0.0164745
4 0.4228264 0.4671483 0.0272991 0.0164745
29 0.2143604 0.5264565 0.0272991 0.0164745
14 0.2826081 0.5264565 0.0272991 0.0164745
16 0.4923151 0.5264565 0.0272992 0.0164745
11 0.2826081 0.4078400 0.0272991 0.0164745
22 0.3533377 0.5264565 0.0272991 0.0164745
29 0.3533377 0.4671483 0.0272991 0.0164745
10 0.0753830 0.4671483 0.0272991 0.0164745
24 0.2143604 0.2892235 0.0272991 0.0164745
12 0.2826081 0.2892235 0.0272991 0.0164745
31 0.1448717 0.3485318 0.0272991 0.0164745
31 0.4923151 0.4671483 0.0272992 0.0164745
1 0.4923151 0.2299152 0.0272992 0.0164745
20 0.4228264 0.2299152 0.0272991 0.0164745
19 0.0753830 0.5264565 0.0272991 0.0164745
18 0.2826081 0.2299152 0.0272991 0.0164745
14 0.4228264 0.2892235 0.0272991 0.0164745
22 0.0753830 0.2299152 0.0272991 0.0164745
27 0.1448717 0.4671483 0.0272991 0.0164745
28 0.1448717 0.2892235 0.0272991 0.0164745
9 0.1448717 0.5264565 0.0272991 0.0164745
9 0.4228264 0.5264565 0.0272991 0.0164745
15 0.1448717 0.2299152 0.0272991 0.0164745
3 0.2826081 0.3485318 0.0272991 0.0164745
31 0.4923151 0.3485318 0.0272992 0.0164745
10 0.4228264 0.3485318 0.0272991 0.0164745
