8 0.3253197 0.6955745 0.0274326 0.0159650
12 0.6744615 0.6955745 0.0274326 0.0159650
32 0.5366752 0.5279412 0.5050087 0.4087059
33 0.5354283 0.3512611 0.4576252 0.0149007
26 0.3951481 0.4082031 0.0274326 0.0159651
25 0.4649764 0.4082031 0.0274326 0.0159651
30 0.5335579 0.4082031 0.0274326 0.0159651
34 0.6738380 0.4076710 0.0635937 0.0574743
28 0.6744615 0.4082031 0.0274326 0.0159651
3 0.3253197 0.4656774 0.0274326 0.0159651
11 0.3951481 0.4656774 0.0274326 0.0159651
19 0.4649764 0.4656774 0.0274326 0.0159651
17 0.6046332 0.4656774 0.0274326 0.0159651
21 0.3951481 0.5231517 0.0274326 0.0159651
23 0.5335579 0.5231517 0.0274326 0.0159651
2 0.6744615 0.5231517 0.0274326 0.0159651
31 0.3253197 0.5806259 0.0274326 0.0159650
16 0.3951481 0.5806259 0.0274326 0.0159650
9 0.4649764 0.5806259 0.0274326 0.0159650
13 0.6046332 0.5806259 0.0274326 0.0159650
12 0.3253197 0.6381002 0.0274326 0.0159651
8 0.5335579 0.6381002 0.0274326 0.0159651
18 0.7442899 0.6955745 0.0274326 0.0159650
9 0.7442899 0.4082031 0.0274326 0.0159651
2 0.5335579 0.6955745 0.0274326 0.0159650
26 0.7442899 0.5231517 0.0274326 0.0159651
10 0.5335579 0.4656774 0.0274326 0.0159651
26 0.7442899 0.6381002 0.0274326 0.0159651
31 0.4649764 0.6955745 0.0274326 0.0159650
26 0.5335579 0.5806259 0.0274326 0.0159650
15 0.6046332 0.6955745 0.0274326 0.0159650
10 0.3253197 0.5231517 0.0274326 0.0159651
3 0.6744615 0.6381002 0.0274326 0.0159651
22 0.6744615 0.5806259 0.0274326 0.0159650
19 0.6046332 0.6381002 0.0274326 0.0159651
10 0.6046332 0.4082031 0.0274326 0.0159651
15 0.4649764 0.5231517 0.0274326 0.0159651
1 0.4649764 0.6381002 0.0274326 0.0159651
13 0.3951481 0.6955745 0.0274326 0.0159650
24 0.6046332 0.5231517 0.0274326 0.0159651
28 0.7442899 0.4656774 0.0274326 0.0159651
7 0.3951481 0.6381002 0.0274326 0.0159651
1 0.6744615 0.4656774 0.0274326 0.0159651
18 0.3253197 0.4082031 0.0274326 0.0159651
20 0.7442899 0.5806259 0.0274326 0.0159650
