20 0.3740435 0.4161658 0.0275473 0.0164925
2 0.5844049 0.3567927 0.0275473 0.0164925
32 0.4460422 0.4211136 0.5071212 0.4222093
33 0.4447901 0.2385960 0.4595394 0.0153930
17 0.2338026 0.2974195 0.0275473 0.0164925
16 0.3039231 0.2974195 0.0275473 0.0164925
15 0.4429118 0.2974195 0.0275473 0.0164925
29 0.5142844 0.2974195 0.0275473 0.0164925
3 0.5844049 0.2974195 0.0275473 0.0164925
1 0.6545253 0.2974195 0.0275474 0.0164925
2 0.5142844 0.4161658 0.0275473 0.0164925
10 0.6545253 0.4161658 0.0275474 0.0164925
34 0.3032970 0.4749893 0.0638597 0.0593732
28 0.3039231 0.4755390 0.0275473 0.0164925
24 0.4429118 0.4755390 0.0275473 0.0164925
25 0.2338026 0.5349122 0.0275473 0.0164926
14 0.6545253 0.5349122 0.0275474 0.0164926
19 0.2338026 0.5942853 0.0275473 0.0164926
9 0.3039231 0.5942853 0.0275473 0.0164926
21 0.3740435 0.5942853 0.0275473 0.0164926
5 0.4429118 0.5942853 0.0275473 0.0164926
30 0.5844049 0.5942853 0.0275473 0.0164926
11 0.6545253 0.5942853 0.0275474 0.0164926
16 0.5844049 0.4755390 0.0275473 0.0164925
6 0.3740435 0.4755390 0.0275473 0.0164925
28 0.3039231 0.5349122 0.0275473 0.0164926
21 0.5142844 0.5349122 0.0275473 0.0164926
9 0.5844049 0.4161658 0.0275473 0.0164925
29 0.3740435 0.3567927 0.0275473 0.0164925
22 0.4429118 0.4161658 0.0275473 0.0164925
3 0.3740435 0.5349122 0.0275473 0.0164926
30 0.6545253 0.3567927 0.0275474 0.0164925
22 0.2338026 0.4161658 0.0275473 0.0164925
14 0.3740435 0.2974195 0.0275473 0.0164925
1 0.5142844 0.5942853 0.0275473 0.0164926
30 0.4429118 0.3567927 0.0275473 0.0164925
6 0.2338026 0.3567927 0.0275473 0.0164925
10 0.3039231 0.4161658 0.0275473 0.0164925
12 0.2338026 0.4755390 0.0275473 0.0164925
31 0.5844049 0.5349122 0.0275473 0.0164926
30 0.3039231 0.3567927 0.0275473 0.0164925
17 0.5142844 0.3567927 0.0275473 0.0164925
12 0.6545253 0.4755390 0.0275474 0.0164925
14 0.5142844 0.4755390 0.0275473 0.0164925
24 0.4429118 0.5349122 0.0275473 0.0164926
