11 0.4413638 0.5946067 0.0279837 0.0166760
27 0.6550572 0.4745392 0.0279837 0.0166761
32 0.5145029 0.5395757 0.5151538 0.4269068
33 0.5132309 0.3550275 0.4668183 0.0155643
2 0.5113230 0.4145054 0.0279836 0.0166761
16 0.5838261 0.4145054 0.0279836 0.0166761
7 0.6550572 0.4145054 0.0279837 0.0166761
22 0.7262884 0.4145054 0.0279837 0.0166761
29 0.4413638 0.4745392 0.0279837 0.0166761
31 0.5838261 0.4745392 0.0279836 0.0166761
10 0.7262884 0.4745392 0.0279837 0.0166761
23 0.2989016 0.5345730 0.0279836 0.0166760
11 0.4413638 0.5345730 0.0279837 0.0166760
18 0.5113230 0.5345730 0.0279836 0.0166760
5 0.5838261 0.5345730 0.0279836 0.0166760
12 0.7262884 0.5345730 0.0279837 0.0166760
6 0.2989016 0.5946067 0.0279836 0.0166760
26 0.5113230 0.5946067 0.0279836 0.0166760
34 0.3694967 0.6540846 0.0648712 0.0600338
8 0.3701327 0.6546405 0.0279837 0.0166760
30 0.5838261 0.6546405 0.0279836 0.0166760
8 0.3701327 0.7146743 0.0279837 0.0166760
20 0.4413638 0.7146743 0.0279837 0.0166760
20 0.4413638 0.4145054 0.0279837 0.0166761
12 0.7262884 0.7146743 0.0279837 0.0166760
24 0.3701327 0.4745392 0.0279837 0.0166761
22 0.7262884 0.5946067 0.0279837 0.0166760
31 0.5838261 0.5946067 0.0279836 0.0166760
6 0.2989016 0.7146743 0.0279836 0.0166760
29 0.2989016 0.4745392 0.0279836 0.0166761
5 0.5113230 0.6546405 0.0279836 0.0166760
22 0.5838261 0.7146743 0.0279836 0.0166760
24 0.6550572 0.5345730 0.0279837 0.0166760
16 0.2989016 0.4145054 0.0279836 0.0166761
21 0.6550572 0.5946067 0.0279837 0.0166760
28 0.4413638 0.6546405 0.0279837 0.0166760
6 0.3701327 0.5946067 0.0279837 0.0166760
6 0.6550572 0.7146743 0.0279837 0.0166760
10 0.6550572 0.6546405 0.0279837 0.0166760
17 0.5113230 0.4745392 0.0279836 0.0166761
20 0.5113230 0.7146743 0.0279836 0.0166760
18 0.2989016 0.6546405 0.0279836 0.0166760
6 0.3701327 0.4145054 0.0279837 0.0166761
12 0.3701327 0.5345730 0.0279837 0.0166760
30 0.7262884 0.6546405 0.0279837 0.0166760
