13 0.3808418 0.5079284 0.0264544 0.0167780
3 0.5143165 0.5683293 0.0264545 0.0167780
32 0.5173227 0.6337637 0.4870020 0.4295178
33 0.5161202 0.4480868 0.4413081 0.0156595
34 0.3135033 0.5073691 0.0625286 0.0604010
24 0.3135033 0.5079284 0.0264544 0.0167780
15 0.6501961 0.5079284 0.0264545 0.0167780
7 0.4481804 0.5683293 0.0264544 0.0167780
25 0.5828575 0.5683293 0.0264545 0.0167780
4 0.6501961 0.5683293 0.0264545 0.0167780
3 0.3135033 0.6287303 0.0264544 0.0167781
19 0.3808418 0.6287303 0.0264544 0.0167781
23 0.5828575 0.6287303 0.0264545 0.0167781
14 0.3135033 0.6891313 0.0264544 0.0167781
12 0.3808418 0.6891313 0.0264544 0.0167781
13 0.4481804 0.6891313 0.0264544 0.0167781
29 0.5143165 0.6891313 0.0264545 0.0167781
2 0.5828575 0.6891313 0.0264545 0.0167781
30 0.5828575 0.7495322 0.0264545 0.0167780
9 0.7175346 0.7495322 0.0264545 0.0167780
10 0.3135033 0.8099331 0.0264544 0.0167780
27 0.4481804 0.8099331 0.0264544 0.0167780
11 0.6501961 0.8099331 0.0264545 0.0167780
4 0.3808418 0.7495322 0.0264544 0.0167780
26 0.5143165 0.7495322 0.0264545 0.0167780
15 0.5143165 0.5079284 0.0264545 0.0167780
8 0.4481804 0.7495322 0.0264544 0.0167780
29 0.4481804 0.6287303 0.0264544 0.0167781
18 0.7175346 0.5683293 0.0264545 0.0167780
18 0.6501961 0.6287303 0.0264545 0.0167781
26 0.5143165 0.8099331 0.0264545 0.0167780
4 0.7175346 0.5079284 0.0264545 0.0167780
14 0.6501961 0.7495322 0.0264545 0.0167780
14 0.3135033 0.5683293 0.0264544 0.0167780
3 0.4481804 0.5079284 0.0264544 0.0167780
11 0.5143165 0.6287303 0.0264545 0.0167781
4 0.6501961 0.6891313 0.0264545 0.0167781
28 0.3808418 0.8099331 0.0264544 0.0167780
17 0.7175346 0.8099331 0.0264545 0.0167780
6 0.5828575 0.8099331 0.0264545 0.0167780
1 0.3135033 0.7495322 0.0264544 0.0167780
21 0.7175346 0.6287303 0.0264545 0.0167781
4 0.3808418 0.5683293 0.0264544 0.0167780
18 0.5828575 0.5079284 0.0264545 0.0167780
30 0.7175346 0.6891313 0.0264545 0.0167781
