28 0.4008747 0.5489900 0.0286280 0.0161740
8 0.4737461 0.4907637 0.0286280 0.0161740
32 0.3299552 0.3791631 0.5270164 0.4140543
33 0.3286539 0.2001708 0.4775680 0.0150957
10 0.1822605 0.2578581 0.0286281 0.0161740
12 0.2551319 0.2578581 0.0286280 0.0161740
19 0.3267020 0.2578581 0.0286280 0.0161740
5 0.5466175 0.2578581 0.0286280 0.0161740
15 0.1093891 0.3160845 0.0286281 0.0161740
18 0.2551319 0.3160845 0.0286280 0.0161740
22 0.3267020 0.3160845 0.0286280 0.0161740
8 0.4008747 0.3160845 0.0286280 0.0161740
23 0.2551319 0.3743109 0.0286280 0.0161740
1 0.4008747 0.3743109 0.0286280 0.0161740
34 0.5466175 0.3737717 0.0676663 0.0582264
4 0.5466175 0.3743109 0.0286280 0.0161740
25 0.1093891 0.4325373 0.0286281 0.0161740
2 0.1093891 0.4907637 0.0286281 0.0161740
24 0.3267020 0.4907637 0.0286280 0.0161740
11 0.4008747 0.4907637 0.0286280 0.0161740
7 0.1093891 0.5489900 0.0286281 0.0161740
27 0.3267020 0.5489900 0.0286280 0.0161740
9 0.4737461 0.5489900 0.0286280 0.0161740
18 0.2551319 0.5489900 0.0286280 0.0161740
17 0.1822605 0.4907637 0.0286281 0.0161740
11 0.1093891 0.3743109 0.0286281 0.0161740
11 0.1093891 0.2578581 0.0286281 0.0161740
15 0.1822605 0.4325373 0.0286281 0.0161740
12 0.4008747 0.4325373 0.0286280 0.0161740
27 0.5466175 0.3160845 0.0286280 0.0161740
8 0.5466175 0.4325373 0.0286280 0.0161740
29 0.1822605 0.5489900 0.0286281 0.0161740
14 0.5466175 0.4907637 0.0286280 0.0161740
18 0.3267020 0.3743109 0.0286280 0.0161740
14 0.1822605 0.3743109 0.0286281 0.0161740
5 0.1822605 0.3160845 0.0286281 0.0161740
17 0.4737461 0.3160845 0.0286280 0.0161740
2 0.4737461 0.4325373 0.0286280 0.0161740
12 0.2551319 0.4907637 0.0286280 0.0161740
2 0.4737461 0.2578581 0.0286280 0.0161740
22 0.4737461 0.3743109 0.0286280 0.0161740
16 0.3267020 0.4325373 0.0286280 0.0161740
3 0.5466175 0.5489900 0.0286280 0.0161740
21 0.4008747 0.2578581 0.0286280 0.0161740
20 0.2551319 0.4325373 0.0286280 0.0161740
