5 0.1794139 0.3437273 0.0273310 0.0165822
19 0.2489838 0.4034233 0.0273310 0.0165822
32 0.3204173 0.4680939 0.5031398 0.4245046
33 0.3191749 0.2845841 0.4559316 0.0154767
3 0.3881237 0.3437273 0.0273311 0.0165822
27 0.3881237 0.4034233 0.0273311 0.0165822
16 0.4576936 0.4034233 0.0273310 0.0165822
10 0.1794139 0.4631192 0.0273310 0.0165822
34 0.3173114 0.4625665 0.0646007 0.0596959
17 0.3173114 0.4631192 0.0273310 0.0165822
9 0.4576936 0.4631192 0.0273310 0.0165822
14 0.1098439 0.5228152 0.0273311 0.0165822
8 0.2489838 0.5228152 0.0273310 0.0165822
6 0.3173114 0.5228152 0.0273310 0.0165822
18 0.5272636 0.5228152 0.0273310 0.0165822
26 0.1794139 0.5825111 0.0273310 0.0165822
2 0.2489838 0.5825111 0.0273310 0.0165822
25 0.3173114 0.5825111 0.0273310 0.0165822
11 0.5272636 0.5825111 0.0273310 0.0165822
19 0.1098439 0.6422070 0.0273311 0.0165822
23 0.3173114 0.6422070 0.0273310 0.0165822
29 0.3881237 0.6422070 0.0273311 0.0165822
24 0.4576936 0.6422070 0.0273310 0.0165822
12 0.1098439 0.4631192 0.0273311 0.0165822
8 0.1098439 0.5825111 0.0273311 0.0165822
6 0.1098439 0.3437273 0.0273311 0.0165822
4 0.4576936 0.5228152 0.0273310 0.0165822
14 0.2489838 0.3437273 0.0273310 0.0165822
31 0.4576936 0.5825111 0.0273310 0.0165822
16 0.3173114 0.3437273 0.0273310 0.0165822
28 0.1794139 0.5228152 0.0273310 0.0165822
15 0.2489838 0.4631192 0.0273310 0.0165822
18 0.1794139 0.6422070 0.0273310 0.0165822
25 0.3881237 0.5825111 0.0273311 0.0165822
25 0.5272636 0.4034233 0.0273310 0.0165822
2 0.5272636 0.4631192 0.0273310 0.0165822
12 0.1794139 0.4034233 0.0273310 0.0165822
21 0.1098439 0.4034233 0.0273311 0.0165822
22 0.3173114 0.4034233 0.0273310 0.0165822
5 0.5272636 0.6422070 0.0273310 0.0165822
7 0.4576936 0.3437273 0.0273310 0.0165822
22 0.3881237 0.4631192 0.0273311 0.0165822
14 0.5272636 0.3437273 0.0273310 0.0165822
25 0.3881237 0.5228152 0.0273311 0.0165822
14 0.2489838 0.6422070 0.0273310 0.0165822
