26 0.7141630 0.7905695 0.0273799 0.0174841
31 0.6444686 0.5387981 0.0273799 0.0174841
32 0.5766411 0.6069862 0.5040395 0.4475936
33 0.5753965 0.4134953 0.4567469 0.0163185
1 0.3656912 0.4758553 0.0273799 0.0174841
26 0.4353856 0.4758553 0.0273799 0.0174841
16 0.7141630 0.4758553 0.0273799 0.0174841
31 0.3656912 0.5387981 0.0273799 0.0174841
17 0.5050799 0.5387981 0.0273799 0.0174841
10 0.5735297 0.5387981 0.0273799 0.0174841
12 0.7141630 0.5387981 0.0273799 0.0174841
22 0.6444686 0.6017409 0.0273799 0.0174841
29 0.7141630 0.6017409 0.0273799 0.0174841
9 0.7838573 0.6017409 0.0273799 0.0174841
14 0.4353856 0.6646838 0.0273799 0.0174841
34 0.5735297 0.6641010 0.0647162 0.0629428
9 0.5735297 0.6646838 0.0273799 0.0174841
27 0.3656912 0.7276266 0.0273799 0.0174841
24 0.4353856 0.7276266 0.0273799 0.0174841
20 0.5050799 0.7276266 0.0273799 0.0174841
7 0.7141630 0.7276266 0.0273799 0.0174841
18 0.5050799 0.7905695 0.0273799 0.0174841
11 0.6444686 0.7905695 0.0273799 0.0174841
14 0.3656912 0.6017409 0.0273799 0.0174841
5 0.7838573 0.5387981 0.0273799 0.0174841
12 0.6444686 0.6646838 0.0273799 0.0174841
17 0.3656912 0.6646838 0.0273799 0.0174841
14 0.7141630 0.6646838 0.0273799 0.0174841
13 0.7838573 0.7905695 0.0273799 0.0174841
29 0.4353856 0.5387981 0.0273799 0.0174841
14 0.6444686 0.7276266 0.0273799 0.0174841
8 0.3656912 0.7905695 0.0273799 0.0174841
10 0.5735297 0.6017409 0.0273799 0.0174841
9 0.6444686 0.4758553 0.0273799 0.0174841
11 0.4353856 0.7905695 0.0273799 0.0174841
3 0.5735297 0.7905695 0.0273799 0.0174841
19 0.5735297 0.7276266 0.0273799 0.0174841
11 0.5050799 0.4758553 0.0273799 0.0174841
10 0.7838573 0.7276266 0.0273799 0.0174841
31 0.4353856 0.6017409 0.0273799 0.0174841
26 0.5735297 0.4758553 0.0273799 0.0174841
16 0.7838573 0.4758553 0.0273799 0.0174841
13 0.5050799 0.6017409 0.0273799 0.0174841
13 0.5050799 0.6646838 0.0273799 0.0174841
21 0.7838573 0.6646838 0.0273799 0.0174841
