21 0.4566653 0.5394996 0.0267615 0.0170216
29 0.3885452 0.7846106 0.0267615 0.0170216
32 0.5266101 0.6058838 0.4926545 0.4357528
33 0.5253937 0.4175115 0.4464301 0.0158868
7 0.4566653 0.4782218 0.0267615 0.0170216
18 0.5235690 0.4782218 0.0267615 0.0170216
22 0.5929056 0.4782218 0.0267615 0.0170216
25 0.6610257 0.4782218 0.0267615 0.0170216
20 0.7291458 0.4782218 0.0267615 0.0170216
24 0.3204251 0.5394996 0.0267615 0.0170216
21 0.3885452 0.5394996 0.0267615 0.0170216
9 0.3885452 0.6007773 0.0267615 0.0170216
6 0.6610257 0.6007773 0.0267615 0.0170216
2 0.3204251 0.6620551 0.0267615 0.0170216
10 0.5929056 0.6620551 0.0267615 0.0170216
34 0.6604175 0.6614878 0.0620379 0.0612777
16 0.6610257 0.6620551 0.0267615 0.0170216
17 0.7291458 0.6620551 0.0267615 0.0170216
13 0.3885452 0.7233329 0.0267615 0.0170216
19 0.4566653 0.7233329 0.0267615 0.0170216
16 0.7291458 0.7233329 0.0267615 0.0170216
26 0.6610257 0.7846106 0.0267615 0.0170216
14 0.7291458 0.7846106 0.0267615 0.0170216
15 0.7291458 0.6007773 0.0267615 0.0170216
12 0.7291458 0.5394996 0.0267615 0.0170216
3 0.5929056 0.7233329 0.0267615 0.0170216
3 0.6610257 0.5394996 0.0267615 0.0170216
8 0.3885452 0.6620551 0.0267615 0.0170216
11 0.3204251 0.7846106 0.0267615 0.0170216
9 0.3204251 0.4782218 0.0267615 0.0170216
31 0.5929056 0.7846106 0.0267615 0.0170216
21 0.5929056 0.6007773 0.0267615 0.0170216
17 0.5235690 0.7233329 0.0267615 0.0170216
25 0.5235690 0.5394996 0.0267615 0.0170216
11 0.4566653 0.6620551 0.0267615 0.0170216
22 0.5235690 0.6620551 0.0267615 0.0170216
6 0.3204251 0.7233329 0.0267615 0.0170216
30 0.4566653 0.7846106 0.0267615 0.0170216
27 0.3885452 0.4782218 0.0267615 0.0170216
26 0.5235690 0.6007773 0.0267615 0.0170216
16 0.5929056 0.5394996 0.0267615 0.0170216
6 0.3204251 0.6007773 0.0267615 0.0170216
12 0.5235690 0.7846106 0.0267615 0.0170216
26 0.6610257 0.7233329 0.0267615 0.0170216
26 0.4566653 0.6007773 0.0267615 0.0170216
