19 0.4902311 0.2386073 0.0281568 0.0159510
28 0.1318722 0.5257254 0.0281568 0.0159511
32 0.2771355 0.3582399 0.5183406 0.4083457
33 0.2758557 0.1817154 0.4697062 0.0148876
21 0.0602004 0.2386073 0.0281568 0.0159510
9 0.2035440 0.2386073 0.0281568 0.0159510
12 0.2739359 0.2386073 0.0281568 0.0159510
18 0.0602004 0.2960310 0.0281568 0.0159510
14 0.1318722 0.3534546 0.0281568 0.0159510
4 0.2035440 0.3534546 0.0281568 0.0159510
7 0.2739359 0.3534546 0.0281568 0.0159510
13 0.3468875 0.3534546 0.0281568 0.0159510
34 0.2739359 0.4103465 0.0665524 0.0574236
5 0.2739359 0.4108782 0.0281568 0.0159510
27 0.3468875 0.4108782 0.0281568 0.0159510
2 0.4185593 0.4108782 0.0281568 0.0159510
19 0.4902311 0.4108782 0.0281568 0.0159510
8 0.1318722 0.4683018 0.0281568 0.0159510
25 0.2035440 0.4683018 0.0281568 0.0159510
11 0.2739359 0.4683018 0.0281568 0.0159510
3 0.3468875 0.4683018 0.0281568 0.0159510
1 0.2739359 0.5257254 0.0281568 0.0159511
23 0.4902311 0.5257254 0.0281568 0.0159511
28 0.0602004 0.4683018 0.0281568 0.0159510
1 0.4185593 0.2960310 0.0281568 0.0159510
19 0.4185593 0.2386073 0.0281568 0.0159510
10 0.3468875 0.2386073 0.0281568 0.0159510
29 0.3468875 0.5257254 0.0281568 0.0159511
24 0.4185593 0.4683018 0.0281568 0.0159510
10 0.2739359 0.2960310 0.0281568 0.0159510
20 0.4902311 0.2960310 0.0281568 0.0159510
6 0.1318722 0.4108782 0.0281568 0.0159510
17 0.1318722 0.2960310 0.0281568 0.0159510
19 0.2035440 0.5257254 0.0281568 0.0159511
6 0.0602004 0.5257254 0.0281568 0.0159511
28 0.4185593 0.5257254 0.0281568 0.0159511
4 0.3468875 0.2960310 0.0281568 0.0159510
13 0.4185593 0.3534546 0.0281568 0.0159510
9 0.2035440 0.2960310 0.0281568 0.0159510
2 0.1318722 0.2386073 0.0281568 0.0159510
7 0.4902311 0.3534546 0.0281568 0.0159510
17 0.4902311 0.4683018 0.0281568 0.0159510
11 0.0602004 0.4108782 0.0281568 0.0159510
10 0.2035440 0.4108782 0.0281568 0.0159510
6 0.0602004 0.3534546 0.0281568 0.0159510
