30 0.4209321 0.5225609 0.0280189 0.0161737
30 0.4922529 0.3478846 0.0280188 0.0161737
32 0.2802010 0.4691876 0.5158018 0.4140476
33 0.2789274 0.2901983 0.4674056 0.0150955
26 0.0643284 0.3478846 0.0280189 0.0161737
27 0.2770170 0.3478846 0.0280189 0.0161737
20 0.4209321 0.3478846 0.0280189 0.0161737
10 0.0643284 0.4061100 0.0280189 0.0161737
29 0.1356491 0.4061100 0.0280189 0.0161737
25 0.3496114 0.4061100 0.0280188 0.0161737
24 0.4209321 0.4061100 0.0280189 0.0161737
17 0.4922529 0.4061100 0.0280188 0.0161737
16 0.0643284 0.5225609 0.0280189 0.0161737
5 0.1356491 0.5225609 0.0280189 0.0161737
12 0.2069699 0.5225609 0.0280189 0.0161737
3 0.4922529 0.5225609 0.0280188 0.0161737
34 0.0643284 0.5802473 0.0662264 0.0582254
16 0.0643284 0.5807863 0.0280189 0.0161737
7 0.1356491 0.5807863 0.0280189 0.0161737
19 0.2770170 0.5807863 0.0280189 0.0161737
31 0.1356491 0.6390118 0.0280189 0.0161738
18 0.2770170 0.6390118 0.0280189 0.0161738
14 0.3496114 0.6390118 0.0280188 0.0161738
9 0.2069699 0.3478846 0.0280189 0.0161737
21 0.2069699 0.4061100 0.0280189 0.0161737
11 0.3496114 0.3478846 0.0280188 0.0161737
28 0.2069699 0.4643354 0.0280189 0.0161737
5 0.2770170 0.4061100 0.0280189 0.0161737
14 0.1356491 0.4643354 0.0280189 0.0161737
16 0.2069699 0.6390118 0.0280189 0.0161738
12 0.4922529 0.4643354 0.0280188 0.0161737
22 0.3496114 0.4643354 0.0280188 0.0161737
25 0.3496114 0.5225609 0.0280188 0.0161737
15 0.3496114 0.5807863 0.0280188 0.0161737
17 0.4922529 0.5807863 0.0280188 0.0161737
22 0.2770170 0.5225609 0.0280189 0.0161737
13 0.4209321 0.5807863 0.0280189 0.0161737
9 0.0643284 0.4643354 0.0280189 0.0161737
1 0.4209321 0.4643354 0.0280189 0.0161737
21 0.2069699 0.5807863 0.0280189 0.0161737
7 0.0643284 0.6390118 0.0280189 0.0161738
14 0.1356491 0.3478846 0.0280189 0.0161737
17 0.4922529 0.6390118 0.0280188 0.0161738
20 0.2770170 0.4643354 0.0280189 0.0161737
2 0.4209321 0.6390118 0.0280189 0.0161738
