21 0.2855875 0.3832524 0.0268422 0.0169714
12 0.4210185 0.5665436 0.0268422 0.0169714
32 0.4240688 0.5105380 0.4941403 0.4344682
33 0.4228487 0.3227210 0.4477765 0.0158400
9 0.2172619 0.3832524 0.0268422 0.0169714
12 0.4210185 0.3832524 0.0268422 0.0169714
24 0.6272153 0.3832524 0.0268422 0.0169714
16 0.2172619 0.4443495 0.0268422 0.0169714
8 0.4210185 0.4443495 0.0268422 0.0169714
31 0.2855875 0.5054465 0.0268422 0.0169714
30 0.3539130 0.5054465 0.0268422 0.0169714
34 0.4899541 0.5048808 0.0646653 0.0610971
5 0.4905642 0.5054465 0.0268422 0.0169714
3 0.5588898 0.5054465 0.0268422 0.0169714
14 0.6272153 0.5054465 0.0268422 0.0169714
2 0.2172619 0.6276407 0.0268422 0.0169714
19 0.2855875 0.6276407 0.0268422 0.0169714
10 0.3539130 0.6276407 0.0268422 0.0169714
7 0.6272153 0.6276407 0.0268422 0.0169714
11 0.4210185 0.6887378 0.0268422 0.0169714
22 0.4905642 0.6887378 0.0268422 0.0169714
25 0.5588898 0.6887378 0.0268422 0.0169714
1 0.6272153 0.6887378 0.0268422 0.0169714
29 0.3539130 0.5665436 0.0268422 0.0169714
13 0.6272153 0.5665436 0.0268422 0.0169714
22 0.5588898 0.3832524 0.0268422 0.0169714
31 0.5588898 0.5665436 0.0268422 0.0169714
21 0.5588898 0.6276407 0.0268422 0.0169714
4 0.4905642 0.4443495 0.0268422 0.0169714
21 0.4905642 0.3832524 0.0268422 0.0169714
25 0.3539130 0.3832524 0.0268422 0.0169714
17 0.4210185 0.5054465 0.0268422 0.0169714
30 0.2855875 0.4443495 0.0268422 0.0169714
30 0.4905642 0.5665436 0.0268422 0.0169714
4 0.2855875 0.5665436 0.0268422 0.0169714
11 0.3539130 0.4443495 0.0268422 0.0169714
26 0.5588898 0.4443495 0.0268422 0.0169714
24 0.2172619 0.5665436 0.0268422 0.0169714
10 0.4210185 0.6276407 0.0268422 0.0169714
14 0.4905642 0.6276407 0.0268422 0.0169714
20 0.3539130 0.6887378 0.0268422 0.0169714
7 0.2855875 0.6887378 0.0268422 0.0169714
26 0.2172619 0.5054465 0.0268422 0.0169714
11 0.2172619 0.6887378 0.0268422 0.0169714
14 0.6272153 0.4443495 0.0268422 0.0169714
