24 0.2349308 0.4089260 0.0275081 0.0162512
25 0.3737218 0.5259340 0.0275081 0.0162511
32 0.3768476 0.4138013 0.5063992 0.4160282
33 0.3755973 0.2339558 0.4588852 0.0151677
26 0.2349308 0.3504220 0.0275081 0.0162511
13 0.3737218 0.3504220 0.0275081 0.0162511
7 0.4449928 0.3504220 0.0275081 0.0162511
22 0.5850340 0.3504220 0.0275081 0.0162511
19 0.3049515 0.4089260 0.0275081 0.0162512
34 0.5143882 0.4083843 0.0637688 0.0585040
12 0.5150134 0.4089260 0.0275081 0.0162512
25 0.5850340 0.4089260 0.0275081 0.0162512
24 0.2349308 0.4674300 0.0275081 0.0162512
20 0.3049515 0.4674300 0.0275081 0.0162512
18 0.5150134 0.4674300 0.0275081 0.0162512
9 0.1649102 0.5259340 0.0275081 0.0162511
21 0.2349308 0.5259340 0.0275081 0.0162511
12 0.3049515 0.5259340 0.0275081 0.0162511
11 0.5850340 0.5259340 0.0275081 0.0162511
1 0.2349308 0.5844379 0.0275081 0.0162511
31 0.3049515 0.5844379 0.0275081 0.0162511
6 0.5150134 0.5844379 0.0275081 0.0162511
3 0.5850340 0.5844379 0.0275081 0.0162511
27 0.4449928 0.2919181 0.0275081 0.0162511
25 0.1649102 0.3504220 0.0275081 0.0162511
12 0.5150134 0.3504220 0.0275081 0.0162511
4 0.5150134 0.5259340 0.0275081 0.0162511
27 0.1649102 0.2919181 0.0275081 0.0162511
3 0.1649102 0.5844379 0.0275081 0.0162511
29 0.4449928 0.4674300 0.0275081 0.0162512
7 0.4449928 0.5844379 0.0275081 0.0162511
9 0.3737218 0.4674300 0.0275081 0.0162512
22 0.3049515 0.3504220 0.0275081 0.0162511
25 0.1649102 0.4089260 0.0275081 0.0162512
6 0.3049515 0.2919181 0.0275081 0.0162511
25 0.5850340 0.2919181 0.0275081 0.0162511
6 0.1649102 0.4674300 0.0275081 0.0162512
10 0.3737218 0.4089260 0.0275081 0.0162512
12 0.4449928 0.5259340 0.0275081 0.0162511
9 0.5150134 0.2919181 0.0275081 0.0162511
19 0.4449928 0.4089260 0.0275081 0.0162512
21 0.3737218 0.2919181 0.0275081 0.0162511
19 0.2349308 0.2919181 0.0275081 0.0162511
14 0.3737218 0.5844379 0.0275081 0.0162511
22 0.5850340 0.4674300 0.0275081 0.0162512
