30 0.2258978 0.4456119 0.0285191 0.0158535
30 0.0807094 0.3314667 0.0285191 0.0158535
32 0.3004364 0.3362228 0.5250116 0.4058493
33 0.2991401 0.1607775 0.4757512 0.0147966
15 0.1533036 0.2173216 0.0285192 0.0158535
5 0.2258978 0.2173216 0.0285191 0.0158535
3 0.3710861 0.2173216 0.0285192 0.0158535
34 0.4430322 0.2167932 0.0661126 0.0570726
12 0.4436803 0.2173216 0.0285192 0.0158535
30 0.0807094 0.2743942 0.0285191 0.0158535
23 0.2971956 0.2743942 0.0285192 0.0158535
22 0.2258978 0.3314667 0.0285191 0.0158535
17 0.3710861 0.3314667 0.0285192 0.0158535
7 0.4436803 0.3314667 0.0285192 0.0158535
24 0.2971956 0.3885393 0.0285192 0.0158535
1 0.4436803 0.3885393 0.0285192 0.0158535
26 0.5162745 0.3885393 0.0285191 0.0158535
2 0.2971956 0.4456119 0.0285192 0.0158535
29 0.3710861 0.4456119 0.0285192 0.0158535
25 0.5162745 0.4456119 0.0285191 0.0158535
9 0.1533036 0.5026844 0.0285192 0.0158535
10 0.2258978 0.5026844 0.0285191 0.0158535
31 0.3710861 0.5026844 0.0285192 0.0158535
29 0.2971956 0.3314667 0.0285192 0.0158535
16 0.4436803 0.4456119 0.0285192 0.0158535
1 0.5162745 0.2743942 0.0285191 0.0158535
27 0.0807094 0.2173216 0.0285191 0.0158535
3 0.2258978 0.3885393 0.0285191 0.0158535
27 0.0807094 0.5026844 0.0285191 0.0158535
24 0.5162745 0.2173216 0.0285191 0.0158535
6 0.1533036 0.2743942 0.0285192 0.0158535
16 0.3710861 0.2743942 0.0285192 0.0158535
22 0.2971956 0.2173216 0.0285192 0.0158535
30 0.2971956 0.5026844 0.0285192 0.0158535
5 0.0807094 0.4456119 0.0285191 0.0158535
3 0.2258978 0.2743942 0.0285191 0.0158535
3 0.1533036 0.3885393 0.0285192 0.0158535
17 0.4436803 0.5026844 0.0285192 0.0158535
19 0.3710861 0.3885393 0.0285192 0.0158535
17 0.5162745 0.5026844 0.0285191 0.0158535
10 0.5162745 0.3314667 0.0285191 0.0158535
1 0.1533036 0.3314667 0.0285192 0.0158535
28 0.4436803 0.2743942 0.0285192 0.0158535
27 0.0807094 0.3885393 0.0285191 0.0158535
22 0.1533036 0.4456119 0.0285192 0.0158535
