20 0.3810635 0.3538156 0.0266234 0.0164737
19 0.4488322 0.5317310 0.0266234 0.0164737
32 0.5184161 0.4180628 0.4901128 0.4217256
33 0.5172059 0.2357544 0.4441268 0.0153754
23 0.3810635 0.2945104 0.0266234 0.0164737
18 0.4488322 0.2945104 0.0266234 0.0164737
24 0.3132948 0.3538156 0.0266234 0.0164737
14 0.4488322 0.3538156 0.0266234 0.0164737
29 0.6521381 0.3538156 0.0266234 0.0164737
12 0.3132948 0.4131207 0.0266234 0.0164737
30 0.3810635 0.4131207 0.0266234 0.0164737
25 0.4488322 0.4131207 0.0266234 0.0164737
9 0.5843695 0.4131207 0.0266234 0.0164737
17 0.3132948 0.4724259 0.0266234 0.0164737
15 0.5153906 0.4724259 0.0266234 0.0164737
16 0.6521381 0.4724259 0.0266234 0.0164737
6 0.7199068 0.4724259 0.0266234 0.0164737
13 0.3810635 0.5317310 0.0266234 0.0164737
8 0.7199068 0.5317310 0.0266234 0.0164737
27 0.3132948 0.5910362 0.0266234 0.0164737
34 0.3804584 0.5904871 0.0617179 0.0593052
5 0.3810635 0.5910362 0.0266234 0.0164737
3 0.5843695 0.5910362 0.0266234 0.0164737
19 0.5153906 0.5910362 0.0266234 0.0164737
30 0.5843695 0.3538156 0.0266234 0.0164737
28 0.7199068 0.4131207 0.0266234 0.0164737
2 0.6521381 0.5317310 0.0266234 0.0164737
12 0.5843695 0.5317310 0.0266234 0.0164737
1 0.6521381 0.4131207 0.0266234 0.0164737
28 0.6521381 0.2945104 0.0266234 0.0164737
4 0.7199068 0.5910362 0.0266234 0.0164737
1 0.3132948 0.5317310 0.0266234 0.0164737
14 0.7199068 0.3538156 0.0266234 0.0164737
15 0.5153906 0.2945104 0.0266234 0.0164737
11 0.3810635 0.4724259 0.0266234 0.0164737
21 0.6521381 0.5910362 0.0266234 0.0164737
16 0.5153906 0.4131207 0.0266234 0.0164737
8 0.5153906 0.5317310 0.0266234 0.0164737
14 0.5843695 0.2945104 0.0266234 0.0164737
24 0.5153906 0.3538156 0.0266234 0.0164737
27 0.4488322 0.5910362 0.0266234 0.0164737
2 0.7199068 0.2945104 0.0266234 0.0164737
8 0.5843695 0.4724259 0.0266234 0.0164737
9 0.4488322 0.4724259 0.0266234 0.0164737
27 0.3132948 0.2945104 0.0266234 0.0164737
