20 0.1659860 0.4545629 0.0265125 0.0168388
5 0.2334723 0.5758023 0.0265125 0.0168388
32 0.3027662 0.4596145 0.4880705 0.4310736
33 0.3015611 0.2732650 0.4422762 0.0157162
20 0.0984997 0.3333234 0.0265125 0.0168388
27 0.1659860 0.3333234 0.0265125 0.0168388
14 0.2997535 0.3333234 0.0265125 0.0168388
34 0.5034174 0.3327621 0.0626659 0.0606197
11 0.5034174 0.3333234 0.0265125 0.0168388
8 0.0984997 0.3939431 0.0265125 0.0168388
3 0.1659860 0.3939431 0.0265125 0.0168388
11 0.2334723 0.3939431 0.0265125 0.0168388
4 0.5034174 0.3939431 0.0265125 0.0168388
2 0.2334723 0.4545629 0.0265125 0.0168388
12 0.2997535 0.4545629 0.0265125 0.0168388
13 0.3684448 0.4545629 0.0265125 0.0168388
25 0.4359312 0.4545629 0.0265125 0.0168388
23 0.5034174 0.4545629 0.0265125 0.0168388
1 0.1659860 0.5151826 0.0265125 0.0168388
24 0.2997535 0.5151826 0.0265125 0.0168388
30 0.4359312 0.5151826 0.0265125 0.0168388
16 0.5034174 0.5758023 0.0265125 0.0168388
10 0.0984997 0.6364220 0.0265125 0.0168389
26 0.3684448 0.3939431 0.0265125 0.0168388
6 0.2334723 0.6364220 0.0265125 0.0168389
30 0.5034174 0.6364220 0.0265125 0.0168389
11 0.3684448 0.5758023 0.0265125 0.0168388
21 0.1659860 0.6364220 0.0265125 0.0168389
8 0.3684448 0.6364220 0.0265125 0.0168389
12 0.2334723 0.3333234 0.0265125 0.0168388
7 0.0984997 0.5758023 0.0265125 0.0168388
21 0.2334723 0.5151826 0.0265125 0.0168388
30 0.3684448 0.5151826 0.0265125 0.0168388
9 0.0984997 0.4545629 0.0265125 0.0168388
6 0.3684448 0.3333234 0.0265125 0.0168388
28 0.4359312 0.6364220 0.0265125 0.0168389
26 0.4359312 0.5758023 0.0265125 0.0168388
21 0.1659860 0.5758023 0.0265125 0.0168388
19 0.2997535 0.5758023 0.0265125 0.0168388
14 0.4359312 0.3939431 0.0265125 0.0168388
16 0.4359312 0.3333234 0.0265125 0.0168388
1 0.5034174 0.5151826 0.0265125 0.0168388
15 0.2997535 0.6364220 0.0265125 0.0168389
22 0.2997535 0.3939431 0.0265125 0.0168388
30 0.0984997 0.5151826 0.0265125 0.0168388
