3 0.3882703 0.5416803 0.0284250 0.0167349
8 0.0988520 0.2404517 0.0284250 0.0167349
32 0.2541943 0.3659636 0.5058886 0.4284140
33 0.2442072 0.1807638 0.4741810 0.0156193
11 0.0264974 0.2404517 0.0284250 0.0167349
6 0.3882703 0.2404517 0.0284250 0.0167349
24 0.4606249 0.2404517 0.0284250 0.0167349
12 0.1712066 0.3006974 0.0284250 0.0167349
1 0.2422691 0.3006974 0.0284250 0.0167349
18 0.3159158 0.3006974 0.0284250 0.0167349
31 0.3882703 0.3006974 0.0284250 0.0167349
23 0.0264974 0.3609431 0.0284250 0.0167349
16 0.0988520 0.3609431 0.0284250 0.0167349
27 0.3882703 0.3609431 0.0284250 0.0167349
26 0.1712066 0.4211888 0.0284250 0.0167349
17 0.3159158 0.4211888 0.0284250 0.0167349
34 0.3876244 0.4206310 0.0658944 0.0602457
20 0.3882703 0.4211888 0.0284250 0.0167349
13 0.1712066 0.4814346 0.0284250 0.0167350
9 0.2422691 0.4814346 0.0284250 0.0167350
21 0.0264974 0.5416803 0.0284250 0.0167349
4 0.0988520 0.5416803 0.0284250 0.0167349
3 0.1712066 0.5416803 0.0284250 0.0167349
31 0.4606249 0.4211888 0.0284250 0.0167349
8 0.4606249 0.4814346 0.0284250 0.0167350
17 0.2422691 0.4211888 0.0284250 0.0167349
5 0.4606249 0.3006974 0.0284250 0.0167349
12 0.4606249 0.3609431 0.0284250 0.0167349
26 0.3159158 0.3609431 0.0284250 0.0167349
17 0.1712066 0.2404517 0.0284250 0.0167349
12 0.3159158 0.5416803 0.0284250 0.0167349
22 0.0988520 0.3006974 0.0284250 0.0167349
26 0.2422691 0.2404517 0.0284250 0.0167349
9 0.1712066 0.3609431 0.0284250 0.0167349
19 0.3159158 0.2404517 0.0284250 0.0167349
11 0.0264974 0.4211888 0.0284250 0.0167349
17 0.0988520 0.4814346 0.0284250 0.0167350
11 0.2422691 0.5416803 0.0284250 0.0167349
5 0.4606249 0.5416803 0.0284250 0.0167349
12 0.3159158 0.4814346 0.0284250 0.0167350
30 0.0264974 0.4814346 0.0284250 0.0167350
21 0.3882703 0.4814346 0.0284250 0.0167350
7 0.0264974 0.3006974 0.0284250 0.0167349
3 0.2422691 0.3609431 0.0284250 0.0167349
6 0.0988520 0.4211888 0.0284250 0.0167349
