19 0.3338102 0.5713758 0.0287053 0.0161911
18 0.4799464 0.6296639 0.0287053 0.0161911
32 0.2640843 0.4596568 0.5256687 0.4144934
33 0.2613945 0.2804748 0.4788569 0.0151117
29 0.1146059 0.3382233 0.0287053 0.0161912
9 0.1876740 0.3382233 0.0287053 0.0161912
7 0.4068783 0.3382233 0.0287053 0.0161912
1 0.0415378 0.3965114 0.0287053 0.0161912
15 0.4068783 0.3965114 0.0287053 0.0161912
13 0.0415378 0.4547995 0.0287053 0.0161911
34 0.1876740 0.4542598 0.0678489 0.0582881
27 0.1876740 0.4547995 0.0287053 0.0161911
12 0.2594373 0.4547995 0.0287053 0.0161911
31 0.1876740 0.5130876 0.0287053 0.0161911
6 0.2594373 0.5130876 0.0287053 0.0161911
4 0.4068783 0.5130876 0.0287053 0.0161911
21 0.4799464 0.5130876 0.0287053 0.0161911
26 0.2594373 0.5713758 0.0287053 0.0161911
18 0.4068783 0.5713758 0.0287053 0.0161911
20 0.4799464 0.5713758 0.0287053 0.0161911
17 0.0415378 0.6296639 0.0287053 0.0161911
19 0.2594373 0.6296639 0.0287053 0.0161911
10 0.3338102 0.6296639 0.0287053 0.0161911
30 0.2594373 0.3382233 0.0287053 0.0161912
16 0.3338102 0.3965114 0.0287053 0.0161912
4 0.3338102 0.3382233 0.0287053 0.0161912
10 0.4068783 0.4547995 0.0287053 0.0161911
28 0.2594373 0.3965114 0.0287053 0.0161912
9 0.4799464 0.3382233 0.0287053 0.0161912
26 0.1146059 0.3965114 0.0287053 0.0161912
12 0.0415378 0.3382233 0.0287053 0.0161912
13 0.1876740 0.5713758 0.0287053 0.0161911
9 0.0415378 0.5130876 0.0287053 0.0161911
13 0.4068783 0.6296639 0.0287053 0.0161911
2 0.4799464 0.3965114 0.0287053 0.0161912
14 0.1876740 0.6296639 0.0287053 0.0161911
3 0.0415378 0.5713758 0.0287053 0.0161911
3 0.4799464 0.4547995 0.0287053 0.0161911
18 0.1146059 0.5130876 0.0287053 0.0161911
27 0.3338102 0.4547995 0.0287053 0.0161911
9 0.1146059 0.6296639 0.0287053 0.0161911
7 0.1146059 0.5713758 0.0287053 0.0161911
7 0.1876740 0.3965114 0.0287053 0.0161912
10 0.1146059 0.4547995 0.0287053 0.0161911
16 0.3338102 0.5130876 0.0287053 0.0161911
