27 0.4846222 0.6244092 0.0288607 0.0174079
2 0.5593977 0.4364038 0.0288607 0.0174080
32 0.4879018 0.4416261 0.5312999 0.4456426
33 0.4865900 0.2489786 0.4814496 0.0162474
10 0.2655430 0.3110668 0.0288607 0.0174079
23 0.3390067 0.3110668 0.0288607 0.0174079
19 0.4846222 0.3110668 0.0288607 0.0174079
2 0.6328614 0.3110668 0.0288607 0.0174079
27 0.2655430 0.3737353 0.0288607 0.0174079
16 0.4846222 0.3737353 0.0288607 0.0174079
24 0.5593977 0.3737353 0.0288607 0.0174079
5 0.7063251 0.3737353 0.0288608 0.0174079
34 0.2655430 0.4358235 0.0682163 0.0626685
6 0.2655430 0.4364038 0.0288607 0.0174080
9 0.3390067 0.4364038 0.0288607 0.0174080
7 0.6328614 0.4364038 0.0288607 0.0174080
15 0.7063251 0.4364038 0.0288608 0.0174080
21 0.2655430 0.4990723 0.0288607 0.0174079
22 0.4124703 0.4990723 0.0288607 0.0174079
31 0.3390067 0.5617408 0.0288607 0.0174080
3 0.7063251 0.5617408 0.0288608 0.0174080
18 0.4124703 0.6244092 0.0288607 0.0174079
12 0.5593977 0.6244092 0.0288607 0.0174079
26 0.7063251 0.3110668 0.0288608 0.0174079
19 0.6328614 0.4990723 0.0288607 0.0174079
11 0.7063251 0.4990723 0.0288608 0.0174079
28 0.6328614 0.5617408 0.0288607 0.0174080
13 0.4124703 0.4364038 0.0288607 0.0174080
17 0.4846222 0.5617408 0.0288607 0.0174080
12 0.4124703 0.3110668 0.0288607 0.0174079
7 0.2655430 0.6244092 0.0288607 0.0174079
5 0.5593977 0.4990723 0.0288607 0.0174079
2 0.3390067 0.6244092 0.0288607 0.0174079
16 0.3390067 0.3737353 0.0288607 0.0174079
28 0.2655430 0.5617408 0.0288607 0.0174080
11 0.5593977 0.5617408 0.0288607 0.0174080
8 0.6328614 0.3737353 0.0288607 0.0174079
27 0.7063251 0.6244092 0.0288608 0.0174079
5 0.4124703 0.5617408 0.0288607 0.0174080
31 0.3390067 0.4990723 0.0288607 0.0174079
26 0.4846222 0.4364038 0.0288607 0.0174080
11 0.4124703 0.3737353 0.0288607 0.0174079
20 0.6328614 0.6244092 0.0288607 0.0174079
14 0.4846222 0.4990723 0.0288607 0.0174079
18 0.5593977 0.3110668 0.0288607 0.0174079
