30 0.5514059 0.4076248 0.0285623 0.0169340
21 0.4774036 0.7124371 0.0285623 0.0169341
32 0.4806493 0.5346299 0.5258057 0.4335109
33 0.4793510 0.3472268 0.4764709 0.0158051
34 0.2605899 0.4070603 0.0675109 0.0609625
16 0.2605899 0.4076248 0.0285623 0.0169340
11 0.6968140 0.4076248 0.0285622 0.0169340
3 0.2605899 0.4685872 0.0285623 0.0169340
26 0.5514059 0.4685872 0.0285623 0.0169340
4 0.6241099 0.4685872 0.0285623 0.0169340
29 0.6968140 0.4685872 0.0285622 0.0169340
31 0.3332939 0.5295497 0.0285623 0.0169340
14 0.4774036 0.5295497 0.0285623 0.0169340
18 0.6968140 0.5295497 0.0285622 0.0169340
30 0.3332939 0.5905122 0.0285623 0.0169341
24 0.4774036 0.5905122 0.0285623 0.0169341
5 0.6241099 0.5905122 0.0285623 0.0169341
15 0.4059979 0.6514746 0.0285623 0.0169341
12 0.4774036 0.6514746 0.0285623 0.0169341
6 0.5514059 0.6514746 0.0285623 0.0169341
27 0.6241099 0.6514746 0.0285623 0.0169341
22 0.6968140 0.6514746 0.0285622 0.0169341
7 0.6241099 0.7124371 0.0285623 0.0169341
30 0.6241099 0.5295497 0.0285623 0.0169340
14 0.4774036 0.4076248 0.0285623 0.0169340
4 0.2605899 0.7124371 0.0285623 0.0169341
6 0.6968140 0.7124371 0.0285622 0.0169341
12 0.3332939 0.4076248 0.0285623 0.0169340
31 0.4059979 0.4076248 0.0285623 0.0169340
24 0.5514059 0.7124371 0.0285623 0.0169341
2 0.4059979 0.5295497 0.0285623 0.0169340
10 0.3332939 0.6514746 0.0285623 0.0169341
29 0.2605899 0.6514746 0.0285623 0.0169341
31 0.2605899 0.5295497 0.0285623 0.0169340
9 0.4059979 0.5905122 0.0285623 0.0169341
4 0.4059979 0.4685872 0.0285623 0.0169340
15 0.5514059 0.5295497 0.0285623 0.0169340
8 0.3332939 0.7124371 0.0285623 0.0169341
22 0.4059979 0.7124371 0.0285623 0.0169341
17 0.3332939 0.4685872 0.0285623 0.0169340
24 0.6968140 0.5905122 0.0285622 0.0169341
1 0.4774036 0.4685872 0.0285623 0.0169340
27 0.6241099 0.4076248 0.0285623 0.0169340
1 0.2605899 0.5905122 0.0285623 0.0169341
18 0.5514059 0.5905122 0.0285623 0.0169341
