28 0.5126311 0.4857976 0.0277076 0.0161435
22 0.6536881 0.5439143 0.0277077 0.0161435
32 0.5850488 0.4906407 0.5100721 0.4132746
33 0.5837894 0.3119855 0.4622135 0.0150673
13 0.5819002 0.3695641 0.0277076 0.0161435
31 0.3715742 0.4276809 0.0277076 0.0161435
14 0.5126311 0.4276809 0.0277076 0.0161435
11 0.6536881 0.4276809 0.0277077 0.0161435
12 0.3715742 0.4857976 0.0277076 0.0161435
17 0.4421027 0.4857976 0.0277076 0.0161435
8 0.6536881 0.4857976 0.0277077 0.0161435
9 0.7242166 0.4857976 0.0277076 0.0161435
29 0.4421027 0.5439143 0.0277076 0.0161435
20 0.5819002 0.5439143 0.0277076 0.0161435
18 0.5126311 0.6020311 0.0277076 0.0161436
16 0.5819002 0.6020311 0.0277076 0.0161436
2 0.6536881 0.6020311 0.0277077 0.0161436
26 0.3715742 0.6601478 0.0277076 0.0161435
25 0.4421027 0.6601478 0.0277076 0.0161435
3 0.6536881 0.6601478 0.0277077 0.0161435
21 0.7242166 0.6601478 0.0277076 0.0161435
34 0.7947450 0.6596097 0.0654907 0.0581167
26 0.7947450 0.6601478 0.0277076 0.0161435
1 0.4421027 0.4276809 0.0277076 0.0161435
29 0.7242166 0.6020311 0.0277076 0.0161436
12 0.7947450 0.3695641 0.0277076 0.0161435
7 0.7242166 0.3695641 0.0277076 0.0161435
24 0.5126311 0.3695641 0.0277076 0.0161435
9 0.3715742 0.6020311 0.0277076 0.0161436
22 0.7242166 0.5439143 0.0277076 0.0161435
21 0.6536881 0.3695641 0.0277077 0.0161435
2 0.5126311 0.6601478 0.0277076 0.0161435
30 0.5819002 0.6601478 0.0277076 0.0161435
26 0.7947450 0.4857976 0.0277076 0.0161435
4 0.7947450 0.6020311 0.0277076 0.0161436
6 0.5126311 0.5439143 0.0277076 0.0161435
31 0.3715742 0.3695641 0.0277076 0.0161435
9 0.4421027 0.3695641 0.0277076 0.0161435
16 0.7947450 0.5439143 0.0277076 0.0161435
13 0.4421027 0.6020311 0.0277076 0.0161436
12 0.5819002 0.4857976 0.0277076 0.0161435
24 0.7242166 0.4276809 0.0277076 0.0161435
26 0.3715742 0.5439143 0.0277076 0.0161435
5 0.5819002 0.4276809 0.0277076 0.0161435
31 0.7947450 0.4276809 0.0277076 0.0161435
