5 0.5302101 0.6945194 0.0285713 0.0162429
16 0.3847559 0.5190968 0.0285714 0.0162428
32 0.3139770 0.5824438 0.5259725 0.4158168
33 0.3126782 0.4026898 0.4766220 0.0151600
8 0.1665748 0.4606226 0.0285713 0.0162428
15 0.3847559 0.4606226 0.0285714 0.0162428
13 0.5302101 0.4606226 0.0285713 0.0162428
29 0.1665748 0.5190968 0.0285713 0.0162428
16 0.2393018 0.5190968 0.0285713 0.0162428
19 0.4574830 0.5190968 0.0285714 0.0162428
10 0.5302101 0.5190968 0.0285713 0.0162428
4 0.2393018 0.5775710 0.0285713 0.0162428
34 0.3841066 0.5770296 0.0688310 0.0584742
3 0.3847559 0.5775710 0.0285714 0.0162428
20 0.4574830 0.5775710 0.0285714 0.0162428
31 0.5302101 0.5775710 0.0285713 0.0162428
25 0.0938477 0.6360453 0.0285713 0.0162428
17 0.3847559 0.6360453 0.0285714 0.0162428
11 0.5302101 0.6360453 0.0285713 0.0162428
14 0.0938477 0.6945194 0.0285713 0.0162429
9 0.3107302 0.6945194 0.0285713 0.0162429
3 0.1665748 0.7529937 0.0285713 0.0162428
1 0.4574830 0.7529937 0.0285714 0.0162428
21 0.2393018 0.4606226 0.0285713 0.0162428
8 0.3107302 0.6360453 0.0285713 0.0162428
26 0.1665748 0.6360453 0.0285713 0.0162428
24 0.0938477 0.7529937 0.0285713 0.0162428
10 0.3847559 0.7529937 0.0285714 0.0162428
21 0.4574830 0.4606226 0.0285714 0.0162428
7 0.2393018 0.7529937 0.0285713 0.0162428
5 0.3107302 0.5190968 0.0285713 0.0162428
17 0.5302101 0.7529937 0.0285713 0.0162428
26 0.2393018 0.6360453 0.0285713 0.0162428
24 0.0938477 0.4606226 0.0285713 0.0162428
3 0.0938477 0.5190968 0.0285713 0.0162428
20 0.4574830 0.6945194 0.0285714 0.0162429
7 0.3107302 0.5775710 0.0285713 0.0162428
8 0.3107302 0.4606226 0.0285713 0.0162428
31 0.4574830 0.6360453 0.0285714 0.0162428
21 0.1665748 0.6945194 0.0285713 0.0162429
16 0.3847559 0.6945194 0.0285714 0.0162429
17 0.3107302 0.7529937 0.0285713 0.0162428
1 0.0938477 0.5775710 0.0285713 0.0162428
31 0.2393018 0.6945194 0.0285713 0.0162429
15 0.1665748 0.5775710 0.0285713 0.0162428
