20 0.4272572 0.4781306 0.0281892 0.0160819
4 0.4990114 0.5939202 0.0281891 0.0160819
32 0.5726875 0.4829551 0.5189363 0.4116963
33 0.5714062 0.3049823 0.4702460 0.0150098
29 0.3555030 0.3623410 0.0281892 0.0160819
22 0.6425197 0.3623410 0.0281891 0.0160819
19 0.7860280 0.3623410 0.0281891 0.0160819
34 0.4266165 0.4196997 0.0653476 0.0578948
3 0.4272572 0.4202358 0.0281892 0.0160819
27 0.4990114 0.4202358 0.0281891 0.0160819
12 0.6425197 0.4202358 0.0281891 0.0160819
21 0.4990114 0.4781306 0.0281891 0.0160819
13 0.5694842 0.4781306 0.0281892 0.0160819
5 0.6425197 0.4781306 0.0281891 0.0160819
16 0.7860280 0.4781306 0.0281891 0.0160819
18 0.4272572 0.5360254 0.0281892 0.0160819
11 0.5694842 0.5360254 0.0281892 0.0160819
15 0.6425197 0.5360254 0.0281891 0.0160819
1 0.7860280 0.5360254 0.0281891 0.0160819
26 0.3555030 0.5939202 0.0281892 0.0160819
10 0.5694842 0.5939202 0.0281892 0.0160819
30 0.7142738 0.6518149 0.0281891 0.0160819
17 0.7860280 0.6518149 0.0281891 0.0160819
6 0.5694842 0.4202358 0.0281892 0.0160819
7 0.7860280 0.5939202 0.0281891 0.0160819
12 0.4990114 0.3623410 0.0281891 0.0160819
31 0.4990114 0.5360254 0.0281891 0.0160819
2 0.4272572 0.5939202 0.0281892 0.0160819
26 0.7142738 0.4781306 0.0281891 0.0160819
28 0.6425197 0.5939202 0.0281891 0.0160819
27 0.4272572 0.6518149 0.0281892 0.0160819
12 0.3555030 0.4202358 0.0281892 0.0160819
14 0.7860280 0.4202358 0.0281891 0.0160819
22 0.3555030 0.4781306 0.0281892 0.0160819
14 0.6425197 0.6518149 0.0281891 0.0160819
25 0.3555030 0.6518149 0.0281892 0.0160819
24 0.7142738 0.3623410 0.0281891 0.0160819
4 0.7142738 0.4202358 0.0281891 0.0160819
26 0.3555030 0.5360254 0.0281892 0.0160819
6 0.4272572 0.3623410 0.0281892 0.0160819
18 0.5694842 0.6518149 0.0281892 0.0160819
30 0.4990114 0.6518149 0.0281891 0.0160819
20 0.7142738 0.5939202 0.0281891 0.0160819
2 0.5694842 0.3623410 0.0281892 0.0160819
22 0.7142738 0.5360254 0.0281891 0.0160819
