24 0.0618616 0.5855699 0.0282257 0.0166581
28 0.1337089 0.5256010 0.0282257 0.0166580
32 0.2793281 0.5305984 0.5196103 0.4264457
33 0.2780451 0.3462495 0.4708568 0.0155475
6 0.0618616 0.4056631 0.0282257 0.0166581
24 0.4210983 0.4056631 0.0282257 0.0166581
17 0.1337089 0.4656321 0.0282257 0.0166581
8 0.2055563 0.4656321 0.0282257 0.0166581
16 0.3492509 0.4656321 0.0282257 0.0166581
11 0.0618616 0.5256010 0.0282257 0.0166580
34 0.2055563 0.5250457 0.0667154 0.0599689
23 0.2055563 0.5256010 0.0282257 0.0166580
20 0.2761206 0.5256010 0.0282257 0.0166580
22 0.4210983 0.5256010 0.0282257 0.0166580
31 0.3492509 0.5855699 0.0282257 0.0166581
7 0.4929457 0.5855699 0.0282257 0.0166581
25 0.3492509 0.6455389 0.0282257 0.0166581
21 0.4210983 0.6455389 0.0282257 0.0166581
14 0.4929457 0.6455389 0.0282257 0.0166581
26 0.0618616 0.7055078 0.0282257 0.0166581
19 0.1337089 0.7055078 0.0282257 0.0166581
2 0.2761206 0.7055078 0.0282257 0.0166581
15 0.4210983 0.7055078 0.0282257 0.0166581
29 0.4210983 0.5855699 0.0282257 0.0166581
27 0.2055563 0.6455389 0.0282257 0.0166581
30 0.3492509 0.7055078 0.0282257 0.0166581
5 0.3492509 0.5256010 0.0282257 0.0166580
1 0.2055563 0.4056631 0.0282257 0.0166581
20 0.4929457 0.7055078 0.0282257 0.0166581
18 0.0618616 0.4656321 0.0282257 0.0166581
15 0.1337089 0.6455389 0.0282257 0.0166581
16 0.3492509 0.4056631 0.0282257 0.0166581
24 0.4929457 0.5256010 0.0282257 0.0166580
29 0.1337089 0.4056631 0.0282257 0.0166581
20 0.2055563 0.7055078 0.0282257 0.0166581
28 0.4929457 0.4656321 0.0282257 0.0166581
31 0.2761206 0.6455389 0.0282257 0.0166581
11 0.2055563 0.5855699 0.0282257 0.0166581
31 0.2761206 0.4056631 0.0282257 0.0166581
5 0.4210983 0.4656321 0.0282257 0.0166581
1 0.1337089 0.5855699 0.0282257 0.0166581
26 0.4929457 0.4056631 0.0282257 0.0166581
30 0.2761206 0.4656321 0.0282257 0.0166581
12 0.2761206 0.5855699 0.0282257 0.0166581
16 0.0618616 0.6455389 0.0282257 0.0166581
