7 0.0957041 0.3947601 0.0276294 0.0170560
31 0.4473515 0.5789653 0.0276294 0.0170561
32 0.3085764 0.3998769 0.5086329 0.4366346
33 0.3073205 0.2111234 0.4609093 0.0159190
26 0.1660336 0.2719566 0.0276294 0.0170560
18 0.5176810 0.2719566 0.0276294 0.0170560
10 0.0957041 0.3333584 0.0276294 0.0170561
4 0.1660336 0.3333584 0.0276294 0.0170561
15 0.4473515 0.3333584 0.0276294 0.0170561
19 0.5176810 0.3333584 0.0276294 0.0170561
29 0.4473515 0.3947601 0.0276294 0.0170560
11 0.2363631 0.4561618 0.0276294 0.0170561
31 0.3054367 0.4561618 0.0276294 0.0170561
6 0.4473515 0.4561618 0.0276294 0.0170561
20 0.5176810 0.4561618 0.0276294 0.0170561
24 0.2363631 0.5175636 0.0276294 0.0170560
13 0.3054367 0.5175636 0.0276294 0.0170560
8 0.3770221 0.5175636 0.0276295 0.0170560
23 0.4473515 0.5175636 0.0276294 0.0170560
25 0.0957041 0.5789653 0.0276294 0.0170561
34 0.3054367 0.5783968 0.0653059 0.0614017
27 0.3054367 0.5789653 0.0276294 0.0170561
21 0.3770221 0.5789653 0.0276295 0.0170561
25 0.1660336 0.3947601 0.0276294 0.0170560
19 0.5176810 0.3947601 0.0276294 0.0170560
31 0.3054367 0.2719566 0.0276294 0.0170560
8 0.4473515 0.2719566 0.0276294 0.0170560
8 0.1660336 0.4561618 0.0276294 0.0170561
24 0.2363631 0.5789653 0.0276294 0.0170561
13 0.5176810 0.5175636 0.0276294 0.0170560
1 0.0957041 0.4561618 0.0276294 0.0170561
31 0.2363631 0.3333584 0.0276294 0.0170561
4 0.3770221 0.4561618 0.0276295 0.0170561
11 0.3054367 0.3333584 0.0276294 0.0170561
16 0.3770221 0.3947601 0.0276295 0.0170560
19 0.1660336 0.5175636 0.0276294 0.0170560
26 0.3770221 0.3333584 0.0276295 0.0170561
9 0.0957041 0.2719566 0.0276294 0.0170560
31 0.2363631 0.2719566 0.0276294 0.0170560
6 0.3054367 0.3947601 0.0276294 0.0170560
28 0.5176810 0.5789653 0.0276294 0.0170561
22 0.2363631 0.3947601 0.0276294 0.0170560
27 0.3770221 0.2719566 0.0276295 0.0170560
7 0.0957041 0.5175636 0.0276294 0.0170560
26 0.1660336 0.5789653 0.0276294 0.0170561
