6 0.6537775 0.6677235 0.0271929 0.0170208
25 0.7229958 0.5451737 0.0271930 0.0170208
32 0.5171949 0.6115549 0.5005968 0.4357325
33 0.5159588 0.4231913 0.4536272 0.0158861
4 0.5141047 0.4838989 0.0271929 0.0170208
27 0.5845591 0.4838989 0.0271929 0.0170208
2 0.3769041 0.5451737 0.0271929 0.0170208
8 0.5141047 0.5451737 0.0271929 0.0170208
21 0.5845591 0.5451737 0.0271929 0.0170208
18 0.4461225 0.6064486 0.0271929 0.0170208
13 0.5141047 0.6064486 0.0271929 0.0170208
26 0.7229958 0.6064486 0.0271930 0.0170208
12 0.4461225 0.6677235 0.0271929 0.0170208
9 0.5845591 0.6677235 0.0271929 0.0170208
30 0.7229958 0.6677235 0.0271930 0.0170208
14 0.4461225 0.7289984 0.0271929 0.0170208
29 0.5141047 0.7289984 0.0271929 0.0170208
5 0.6537775 0.7289984 0.0271929 0.0170208
34 0.3762861 0.7897059 0.0630381 0.0612749
30 0.3769041 0.7902733 0.0271929 0.0170208
17 0.4461225 0.7902733 0.0271929 0.0170208
23 0.5845591 0.7902733 0.0271929 0.0170208
2 0.6537775 0.7902733 0.0271929 0.0170208
12 0.3076858 0.4838989 0.0271929 0.0170208
29 0.6537775 0.6064486 0.0271929 0.0170208
24 0.4461225 0.5451737 0.0271929 0.0170208
24 0.3076858 0.5451737 0.0271929 0.0170208
7 0.3076858 0.6677235 0.0271929 0.0170208
1 0.3076858 0.7289984 0.0271929 0.0170208
7 0.6537775 0.4838989 0.0271929 0.0170208
28 0.7229958 0.4838989 0.0271930 0.0170208
3 0.3769041 0.6677235 0.0271929 0.0170208
27 0.5141047 0.7902733 0.0271929 0.0170208
16 0.6537775 0.5451737 0.0271929 0.0170208
19 0.5845591 0.7289984 0.0271929 0.0170208
13 0.5141047 0.6677235 0.0271929 0.0170208
26 0.5845591 0.6064486 0.0271929 0.0170208
15 0.3769041 0.7289984 0.0271929 0.0170208
29 0.3769041 0.6064486 0.0271929 0.0170208
21 0.7229958 0.7289984 0.0271930 0.0170208
20 0.3076858 0.6064486 0.0271929 0.0170208
16 0.3076858 0.7902733 0.0271929 0.0170208
6 0.7229958 0.7902733 0.0271930 0.0170208
15 0.3769041 0.4838989 0.0271929 0.0170208
18 0.4461225 0.4838989 0.0271929 0.0170208
