22 0.4085265 0.5680896 0.0261493 0.0166073
18 0.1422793 0.4485170 0.0261493 0.0166073
32 0.2771858 0.4534992 0.4813844 0.4251471
33 0.2759972 0.2697116 0.4362174 0.0155001
13 0.0757175 0.3289444 0.0261493 0.0166073
18 0.1422793 0.3289444 0.0261493 0.0166073
6 0.2088411 0.3289444 0.0261493 0.0166073
12 0.2742143 0.3289444 0.0261493 0.0166073
29 0.3419647 0.3289444 0.0261493 0.0166073
34 0.0757175 0.3881771 0.0618074 0.0597863
25 0.0757175 0.3887307 0.0261493 0.0166073
30 0.2088411 0.4485170 0.0261493 0.0166073
17 0.3419647 0.4485170 0.0261493 0.0166073
1 0.4085265 0.4485170 0.0261493 0.0166073
31 0.0757175 0.5083033 0.0261493 0.0166073
5 0.1422793 0.5083033 0.0261493 0.0166073
23 0.2088411 0.5083033 0.0261493 0.0166073
25 0.4085265 0.5083033 0.0261493 0.0166073
27 0.4750883 0.5083033 0.0261493 0.0166073
15 0.3419647 0.5680896 0.0261493 0.0166073
22 0.1422793 0.6278760 0.0261493 0.0166073
24 0.3419647 0.6278760 0.0261493 0.0166073
3 0.4750883 0.6278760 0.0261493 0.0166073
30 0.1422793 0.3887307 0.0261493 0.0166073
31 0.2088411 0.5680896 0.0261493 0.0166073
3 0.2088411 0.6278760 0.0261493 0.0166073
6 0.4085265 0.3887307 0.0261493 0.0166073
6 0.1422793 0.5680896 0.0261493 0.0166073
1 0.2088411 0.3887307 0.0261493 0.0166073
29 0.0757175 0.6278760 0.0261493 0.0166073
18 0.4750883 0.5680896 0.0261493 0.0166073
4 0.2742143 0.5083033 0.0261493 0.0166073
19 0.4750883 0.4485170 0.0261493 0.0166073
13 0.4750883 0.3887307 0.0261493 0.0166073
18 0.0757175 0.5680896 0.0261493 0.0166073
20 0.3419647 0.5083033 0.0261493 0.0166073
16 0.0757175 0.4485170 0.0261493 0.0166073
30 0.4085265 0.3289444 0.0261493 0.0166073
12 0.4750883 0.3289444 0.0261493 0.0166073
18 0.2742143 0.5680896 0.0261493 0.0166073
20 0.2742143 0.6278760 0.0261493 0.0166073
25 0.2742143 0.4485170 0.0261493 0.0166073
25 0.2742143 0.3887307 0.0261493 0.0166073
31 0.4085265 0.6278760 0.0261493 0.0166073
25 0.3419647 0.3887307 0.0261493 0.0166073
