20 0.7576319 0.3935612 0.0266907 0.0170793
18 0.6217522 0.3935612 0.0266907 0.0170793
32 0.5556321 0.3986851 0.4913511 0.4372311
33 0.5544188 0.2096737 0.4452489 0.0159407
3 0.3499925 0.2705900 0.0266907 0.0170793
1 0.4858723 0.2705900 0.0266907 0.0170793
13 0.3499925 0.3320756 0.0266907 0.0170793
15 0.4858723 0.3320756 0.0266907 0.0170793
12 0.5525990 0.3320756 0.0266907 0.0170793
30 0.6896920 0.3320756 0.0266907 0.0170793
9 0.4858723 0.3935612 0.0266907 0.0170793
21 0.5525990 0.3935612 0.0266907 0.0170793
10 0.4179324 0.4550469 0.0266907 0.0170793
16 0.5525990 0.4550469 0.0266907 0.0170793
34 0.6890854 0.4544776 0.0618739 0.0614857
26 0.6896920 0.4550469 0.0266907 0.0170793
31 0.7576319 0.4550469 0.0266907 0.0170793
14 0.4179324 0.5165325 0.0266907 0.0170793
18 0.6217522 0.5165325 0.0266907 0.0170793
22 0.6896920 0.5165325 0.0266907 0.0170793
19 0.4179324 0.5780181 0.0266907 0.0170793
27 0.6217522 0.5780181 0.0266907 0.0170793
1 0.4858723 0.5165325 0.0266907 0.0170793
19 0.3499925 0.5165325 0.0266907 0.0170793
27 0.6896920 0.3935612 0.0266907 0.0170793
13 0.4858723 0.5780181 0.0266907 0.0170793
30 0.3499925 0.5780181 0.0266907 0.0170793
29 0.5525990 0.2705900 0.0266907 0.0170793
30 0.4179324 0.3935612 0.0266907 0.0170793
27 0.7576319 0.5165325 0.0266907 0.0170793
4 0.7576319 0.3320756 0.0266907 0.0170793
3 0.6217522 0.2705900 0.0266907 0.0170793
26 0.6896920 0.5780181 0.0266907 0.0170793
16 0.3499925 0.3935612 0.0266907 0.0170793
15 0.4179324 0.2705900 0.0266907 0.0170793
9 0.6217522 0.3320756 0.0266907 0.0170793
29 0.5525990 0.5165325 0.0266907 0.0170793
27 0.5525990 0.5780181 0.0266907 0.0170793
16 0.4179324 0.3320756 0.0266907 0.0170793
12 0.6217522 0.4550469 0.0266907 0.0170793
26 0.3499925 0.4550469 0.0266907 0.0170793
30 0.6896920 0.2705900 0.0266907 0.0170793
14 0.4858723 0.4550469 0.0266907 0.0170793
12 0.7576319 0.5780181 0.0266907 0.0170793
7 0.7576319 0.2705900 0.0266907 0.0170793
