8 0.3035154 0.3444177 0.0283724 0.0160251
14 0.3757359 0.3444177 0.0283723 0.0160251
32 0.5221115 0.3492252 0.5223092 0.4102398
33 0.5208218 0.1718820 0.4733024 0.0149567
6 0.3757359 0.2290377 0.0283723 0.0160250
1 0.5188873 0.2290377 0.0283723 0.0160250
8 0.3757359 0.2867277 0.0283723 0.0160250
25 0.5188873 0.3444177 0.0283723 0.0160251
31 0.4479565 0.4021077 0.0283723 0.0160250
19 0.5188873 0.4021077 0.0283723 0.0160250
26 0.6646180 0.4021077 0.0283723 0.0160250
12 0.7368385 0.4021077 0.0283723 0.0160250
16 0.3035154 0.4597976 0.0283724 0.0160250
27 0.3757359 0.4597976 0.0283723 0.0160250
14 0.4479565 0.4597976 0.0283723 0.0160250
17 0.6646180 0.4597976 0.0283723 0.0160250
9 0.7368385 0.4597976 0.0283723 0.0160250
13 0.4479565 0.5174876 0.0283723 0.0160250
5 0.5188873 0.5174876 0.0283723 0.0160250
34 0.5917527 0.5169534 0.0683515 0.0576900
14 0.5923975 0.5174876 0.0283724 0.0160250
22 0.6646180 0.5174876 0.0283723 0.0160250
4 0.6646180 0.2867277 0.0283723 0.0160250
3 0.4479565 0.3444177 0.0283723 0.0160251
10 0.5923975 0.2290377 0.0283724 0.0160250
11 0.7368385 0.5174876 0.0283723 0.0160250
12 0.3035154 0.5174876 0.0283724 0.0160250
26 0.4479565 0.2867277 0.0283723 0.0160250
29 0.6646180 0.3444177 0.0283723 0.0160251
21 0.3035154 0.2290377 0.0283724 0.0160250
31 0.5188873 0.4597976 0.0283723 0.0160250
26 0.4479565 0.2290377 0.0283723 0.0160250
26 0.5923975 0.4597976 0.0283724 0.0160250
26 0.7368385 0.3444177 0.0283723 0.0160251
13 0.6646180 0.2290377 0.0283723 0.0160250
29 0.3757359 0.5174876 0.0283723 0.0160250
25 0.3035154 0.4021077 0.0283724 0.0160250
7 0.5923975 0.2867277 0.0283724 0.0160250
4 0.5188873 0.2867277 0.0283723 0.0160250
31 0.3035154 0.2867277 0.0283724 0.0160250
1 0.5923975 0.3444177 0.0283724 0.0160251
29 0.7368385 0.2290377 0.0283723 0.0160250
10 0.5923975 0.4021077 0.0283724 0.0160250
30 0.3757359 0.4021077 0.0283723 0.0160250
21 0.7368385 0.2867277 0.0283723 0.0160250
