3 0.3764113 0.5348608 0.0281469 0.0162764
2 0.4467787 0.4762658 0.0281469 0.0162764
32 0.4499772 0.4811487 0.5181598 0.4166763
33 0.4486978 0.3010230 0.4695423 0.0151913
20 0.2331178 0.3590756 0.0281470 0.0162764
22 0.3047645 0.3590756 0.0281470 0.0162764
13 0.3764113 0.3590756 0.0281469 0.0162764
26 0.5913517 0.3590756 0.0281469 0.0162764
8 0.6629984 0.3590756 0.0281470 0.0162764
14 0.2331178 0.4176707 0.0281470 0.0162764
23 0.3764113 0.4176707 0.0281469 0.0162764
30 0.4467787 0.4176707 0.0281469 0.0162764
7 0.5197049 0.4762658 0.0281470 0.0162764
25 0.5913517 0.4762658 0.0281469 0.0162764
16 0.6629984 0.4762658 0.0281470 0.0162764
2 0.4467787 0.5348608 0.0281469 0.0162764
5 0.3047645 0.5934559 0.0281470 0.0162764
10 0.4467787 0.5934559 0.0281469 0.0162764
27 0.3047645 0.6520511 0.0281470 0.0162764
34 0.4467787 0.6515085 0.0665292 0.0585951
6 0.4467787 0.6520511 0.0281469 0.0162764
31 0.5197049 0.6520511 0.0281470 0.0162764
4 0.5197049 0.5348608 0.0281470 0.0162764
19 0.2331178 0.4762658 0.0281470 0.0162764
6 0.2331178 0.5934559 0.0281470 0.0162764
26 0.6629984 0.6520511 0.0281470 0.0162764
4 0.2331178 0.5348608 0.0281470 0.0162764
17 0.5913517 0.5348608 0.0281469 0.0162764
10 0.5197049 0.3590756 0.0281470 0.0162764
30 0.5197049 0.4176707 0.0281470 0.0162764
21 0.3047645 0.5348608 0.0281470 0.0162764
27 0.6629984 0.5934559 0.0281470 0.0162764
17 0.3764113 0.5934559 0.0281469 0.0162764
30 0.5913517 0.6520511 0.0281469 0.0162764
15 0.6629984 0.5348608 0.0281470 0.0162764
28 0.3047645 0.4762658 0.0281470 0.0162764
19 0.3764113 0.4762658 0.0281469 0.0162764
12 0.2331178 0.6520511 0.0281470 0.0162764
21 0.6629984 0.4176707 0.0281470 0.0162764
21 0.3047645 0.4176707 0.0281470 0.0162764
30 0.5913517 0.4176707 0.0281469 0.0162764
17 0.4467787 0.3590756 0.0281469 0.0162764
9 0.3764113 0.6520511 0.0281469 0.0162764
22 0.5197049 0.5934559 0.0281470 0.0162764
28 0.5913517 0.5934559 0.0281469 0.0162764
