1 0.5661766 0.6031271 0.0287511 0.0173368
18 0.6393613 0.4783021 0.0287511 0.0173368
32 0.4949522 0.6083281 0.5292819 0.4438220
33 0.4936454 0.4164676 0.4796209 0.0161810
20 0.3466226 0.4783021 0.0287511 0.0173368
2 0.2734380 0.5407146 0.0287511 0.0173368
18 0.3466226 0.5407146 0.0287511 0.0173368
4 0.5661766 0.5407146 0.0287511 0.0173368
3 0.2734380 0.6031271 0.0287511 0.0173368
15 0.4198073 0.6031271 0.0287511 0.0173368
25 0.4916851 0.6031271 0.0287511 0.0173368
22 0.2734380 0.6655396 0.0287511 0.0173367
34 0.3459692 0.6649617 0.0666503 0.0624125
19 0.3466226 0.6655396 0.0287511 0.0173367
27 0.5661766 0.6655396 0.0287511 0.0173367
10 0.6393613 0.6655396 0.0287511 0.0173367
6 0.7125459 0.6655396 0.0287511 0.0173367
1 0.2734380 0.7279520 0.0287511 0.0173368
12 0.4916851 0.7279520 0.0287511 0.0173368
31 0.5661766 0.7279520 0.0287511 0.0173368
8 0.6393613 0.7279520 0.0287511 0.0173368
7 0.7125459 0.7279520 0.0287511 0.0173368
25 0.3466226 0.7903645 0.0287511 0.0173368
3 0.2734380 0.7903645 0.0287511 0.0173368
15 0.6393613 0.6031271 0.0287511 0.0173368
4 0.4916851 0.6655396 0.0287511 0.0173367
20 0.4198073 0.5407146 0.0287511 0.0173368
4 0.4198073 0.6655396 0.0287511 0.0173367
24 0.4916851 0.4783021 0.0287511 0.0173368
4 0.7125459 0.7903645 0.0287511 0.0173368
27 0.4198073 0.4783021 0.0287511 0.0173368
8 0.5661766 0.4783021 0.0287511 0.0173368
13 0.7125459 0.4783021 0.0287511 0.0173368
17 0.3466226 0.6031271 0.0287511 0.0173368
24 0.2734380 0.4783021 0.0287511 0.0173368
6 0.4198073 0.7903645 0.0287511 0.0173368
28 0.4198073 0.7279520 0.0287511 0.0173368
8 0.5661766 0.7903645 0.0287511 0.0173368
10 0.7125459 0.5407146 0.0287511 0.0173368
5 0.6393613 0.7903645 0.0287511 0.0173368
1 0.4916851 0.5407146 0.0287511 0.0173368
21 0.6393613 0.5407146 0.0287511 0.0173368
16 0.4916851 0.7903645 0.0287511 0.0173368
8 0.3466226 0.7279520 0.0287511 0.0173368
24 0.7125459 0.6031271 0.0287511 0.0173368
