19 0.6402901 0.4048295 0.0270981 0.0170122
9 0.5023363 0.3435854 0.0270980 0.0170122
32 0.5731608 0.3486891 0.4988505 0.4355131
33 0.5719291 0.1604204 0.4520448 0.0158781
19 0.7092668 0.2210974 0.0270980 0.0170122
6 0.7782437 0.2210974 0.0270981 0.0170122
15 0.4333595 0.2823414 0.0270980 0.0170122
18 0.5023363 0.2823414 0.0270980 0.0170122
22 0.7092668 0.3435854 0.0270980 0.0170122
27 0.4333595 0.4048295 0.0270980 0.0170122
34 0.5023363 0.4042624 0.0640499 0.0612440
20 0.5023363 0.4048295 0.0270980 0.0170122
3 0.7092668 0.4048295 0.0270980 0.0170122
11 0.7782437 0.4048295 0.0270981 0.0170122
5 0.3643826 0.4660735 0.0270980 0.0170122
25 0.5700814 0.4660735 0.0270980 0.0170122
16 0.6402901 0.4660735 0.0270981 0.0170122
4 0.7092668 0.4660735 0.0270980 0.0170122
12 0.5023363 0.5273175 0.0270980 0.0170122
1 0.5700814 0.5273175 0.0270980 0.0170122
24 0.6402901 0.5273175 0.0270981 0.0170122
30 0.7092668 0.5273175 0.0270980 0.0170122
24 0.5700814 0.2823414 0.0270980 0.0170122
10 0.3643826 0.2210974 0.0270980 0.0170122
27 0.4333595 0.3435854 0.0270980 0.0170122
18 0.3643826 0.5273175 0.0270980 0.0170122
20 0.7092668 0.2823414 0.0270980 0.0170122
15 0.6402901 0.2210974 0.0270981 0.0170122
8 0.6402901 0.3435854 0.0270981 0.0170122
30 0.5700814 0.2210974 0.0270980 0.0170122
28 0.7782437 0.5273175 0.0270981 0.0170122
11 0.5700814 0.4048295 0.0270980 0.0170122
19 0.3643826 0.3435854 0.0270980 0.0170122
1 0.7782437 0.4660735 0.0270981 0.0170122
21 0.7782437 0.3435854 0.0270981 0.0170122
21 0.5023363 0.4660735 0.0270980 0.0170122
12 0.4333595 0.5273175 0.0270980 0.0170122
11 0.6402901 0.2823414 0.0270981 0.0170122
1 0.4333595 0.2210974 0.0270980 0.0170122
6 0.5023363 0.2210974 0.0270980 0.0170122
10 0.3643826 0.4048295 0.0270980 0.0170122
22 0.7782437 0.2823414 0.0270981 0.0170122
28 0.3643826 0.2823414 0.0270980 0.0170122
22 0.5700814 0.3435854 0.0270980 0.0170122
22 0.4333595 0.4660735 0.0270980 0.0170122
