16 0.2919025 0.5857971 0.0265615 0.0163843
28 0.3595135 0.4088459 0.0265615 0.0163843
32 0.4965466 0.5317287 0.4889728 0.4194400
33 0.4953393 0.3504083 0.4430939 0.0152921
27 0.2919025 0.4088459 0.0265615 0.0163843
31 0.6975688 0.4088459 0.0265615 0.0163843
17 0.3595135 0.4678297 0.0265615 0.0163844
11 0.4935283 0.4678297 0.0265615 0.0163844
34 0.5617430 0.4672835 0.0639890 0.0589837
22 0.5623467 0.4678297 0.0265615 0.0163844
15 0.6975688 0.4678297 0.0265615 0.0163844
4 0.2919025 0.5268134 0.0265615 0.0163844
1 0.4271246 0.5268134 0.0265615 0.0163844
6 0.4935283 0.5268134 0.0265615 0.0163844
3 0.5623467 0.5268134 0.0265615 0.0163844
18 0.6299577 0.5268134 0.0265614 0.0163844
2 0.2919025 0.6447810 0.0265615 0.0163843
19 0.4935283 0.6447810 0.0265615 0.0163843
24 0.5623467 0.6447810 0.0265615 0.0163843
14 0.6975688 0.6447810 0.0265615 0.0163843
16 0.2919025 0.7037646 0.0265615 0.0163844
13 0.6299577 0.7037646 0.0265614 0.0163844
17 0.4935283 0.4088459 0.0265615 0.0163843
12 0.5623467 0.5857971 0.0265615 0.0163843
5 0.5623467 0.4088459 0.0265615 0.0163843
17 0.4271246 0.4088459 0.0265615 0.0163843
25 0.6299577 0.6447810 0.0265614 0.0163843
30 0.4935283 0.7037646 0.0265615 0.0163844
5 0.5623467 0.7037646 0.0265615 0.0163844
26 0.2919025 0.4678297 0.0265615 0.0163844
8 0.4271246 0.5857971 0.0265615 0.0163843
1 0.6975688 0.7037646 0.0265615 0.0163844
10 0.4271246 0.7037646 0.0265615 0.0163844
9 0.3595135 0.5268134 0.0265615 0.0163844
1 0.3595135 0.7037646 0.0265615 0.0163844
10 0.4271246 0.4678297 0.0265615 0.0163844
15 0.6975688 0.5857971 0.0265615 0.0163843
13 0.4271246 0.6447810 0.0265615 0.0163843
29 0.6975688 0.5268134 0.0265615 0.0163844
14 0.3595135 0.5857971 0.0265615 0.0163843
6 0.6299577 0.5857971 0.0265614 0.0163843
20 0.4935283 0.5857971 0.0265615 0.0163843
25 0.6299577 0.4088459 0.0265614 0.0163843
10 0.6299577 0.4678297 0.0265614 0.0163844
15 0.3595135 0.6447810 0.0265615 0.0163843
