18 0.7695284 0.4700924 0.0288570 0.0161959
10 0.5478545 0.5283977 0.0288570 0.0161959
32 0.5511337 0.3583407 0.5312303 0.4146151
33 0.5498220 0.1791060 0.4813865 0.0151162
1 0.4022581 0.2368714 0.0288570 0.0161959
34 0.4757121 0.2363316 0.0682074 0.0583052
1 0.4757121 0.2368714 0.0288570 0.0161959
7 0.5478545 0.2368714 0.0288570 0.0161959
8 0.6226203 0.2368714 0.0288570 0.0161959
5 0.7695284 0.2951767 0.0288570 0.0161959
15 0.4022581 0.3534819 0.0288570 0.0161959
20 0.4757121 0.3534819 0.0288570 0.0161959
24 0.6226203 0.3534819 0.0288570 0.0161959
13 0.6960743 0.3534819 0.0288570 0.0161959
19 0.7695284 0.3534819 0.0288570 0.0161959
27 0.4022581 0.4117872 0.0288570 0.0161959
31 0.4757121 0.4117872 0.0288570 0.0161959
30 0.5478545 0.4117872 0.0288570 0.0161959
29 0.7695284 0.4117872 0.0288570 0.0161959
21 0.3288040 0.4700924 0.0288570 0.0161959
23 0.5478545 0.4700924 0.0288570 0.0161959
16 0.3288040 0.5283977 0.0288570 0.0161959
29 0.3288040 0.2951767 0.0288570 0.0161959
9 0.4757121 0.4700924 0.0288570 0.0161959
31 0.4022581 0.2951767 0.0288570 0.0161959
10 0.6960743 0.2368714 0.0288570 0.0161959
14 0.6226203 0.5283977 0.0288570 0.0161959
22 0.3288040 0.4117872 0.0288570 0.0161959
5 0.6960743 0.5283977 0.0288570 0.0161959
31 0.6226203 0.2951767 0.0288570 0.0161959
12 0.6226203 0.4700924 0.0288570 0.0161959
20 0.6960743 0.2951767 0.0288570 0.0161959
14 0.6960743 0.4700924 0.0288570 0.0161959
9 0.4757121 0.2951767 0.0288570 0.0161959
11 0.4022581 0.4700924 0.0288570 0.0161959
27 0.4022581 0.5283977 0.0288570 0.0161959
28 0.6226203 0.4117872 0.0288570 0.0161959
2 0.3288040 0.3534819 0.0288570 0.0161959
31 0.5478545 0.2951767 0.0288570 0.0161959
17 0.7695284 0.5283977 0.0288570 0.0161959
28 0.5478545 0.3534819 0.0288570 0.0161959
3 0.7695284 0.2368714 0.0288570 0.0161959
11 0.4757121 0.5283977 0.0288570 0.0161959
2 0.3288040 0.2368714 0.0288570 0.0161959
29 0.6960743 0.4117872 0.0288570 0.0161959
