27 0.4984425 0.5924253 0.0266525 0.0163892
8 0.4984425 0.5334243 0.0266525 0.0163892
32 0.4324170 0.5383410 0.4906485 0.4195625
33 0.4312055 0.3569676 0.4446123 0.0152966
6 0.4293884 0.4744233 0.0266525 0.0163891
5 0.5662853 0.4744233 0.0266525 0.0163891
13 0.2270715 0.5334243 0.0266525 0.0163892
14 0.3627570 0.5334243 0.0266525 0.0163892
7 0.6341281 0.5334243 0.0266526 0.0163892
19 0.2270715 0.5924253 0.0266525 0.0163892
23 0.2949143 0.5924253 0.0266525 0.0163892
31 0.4293884 0.5924253 0.0266525 0.0163892
30 0.5662853 0.5924253 0.0266525 0.0163892
34 0.2943086 0.6508800 0.0617854 0.0590010
21 0.2949143 0.6514263 0.0266525 0.0163892
25 0.3627570 0.6514263 0.0266525 0.0163892
20 0.4293884 0.6514263 0.0266525 0.0163892
9 0.5662853 0.6514263 0.0266525 0.0163892
11 0.6341281 0.6514263 0.0266526 0.0163892
10 0.2270715 0.7104272 0.0266525 0.0163892
15 0.4984425 0.7104272 0.0266525 0.0163892
21 0.6341281 0.7104272 0.0266526 0.0163892
10 0.2949143 0.4744233 0.0266525 0.0163891
18 0.6341281 0.5924253 0.0266526 0.0163892
5 0.2949143 0.5334243 0.0266525 0.0163892
2 0.2270715 0.4154223 0.0266525 0.0163892
16 0.5662853 0.7104272 0.0266525 0.0163892
10 0.4293884 0.5334243 0.0266525 0.0163892
3 0.4293884 0.4154223 0.0266525 0.0163892
16 0.2949143 0.7104272 0.0266525 0.0163892
18 0.2949143 0.4154223 0.0266525 0.0163892
11 0.4984425 0.4154223 0.0266525 0.0163892
17 0.6341281 0.4154223 0.0266526 0.0163892
26 0.5662853 0.4154223 0.0266525 0.0163892
18 0.5662853 0.5334243 0.0266525 0.0163892
19 0.4984425 0.6514263 0.0266525 0.0163892
8 0.3627570 0.4744233 0.0266525 0.0163891
28 0.4984425 0.4744233 0.0266525 0.0163891
25 0.3627570 0.7104272 0.0266525 0.0163892
16 0.2270715 0.6514263 0.0266525 0.0163892
30 0.3627570 0.5924253 0.0266525 0.0163892
25 0.6341281 0.4744233 0.0266526 0.0163891
3 0.3627570 0.4154223 0.0266525 0.0163892
16 0.2270715 0.4744233 0.0266525 0.0163891
9 0.4293884 0.7104272 0.0266525 0.0163892
