14 0.2561993 0.6734092 0.0282633 0.0172194
9 0.2561993 0.7973887 0.0282633 0.0172194
32 0.4739548 0.6165853 0.5203009 0.4408160
33 0.4726701 0.4260242 0.4714825 0.0160714
30 0.6878563 0.4874399 0.0282632 0.0172194
9 0.4707431 0.5494297 0.0282632 0.0172194
20 0.5439706 0.5494297 0.0282632 0.0172194
23 0.6159135 0.5494297 0.0282632 0.0172194
12 0.5439706 0.6114195 0.0282632 0.0172194
14 0.6159135 0.6114195 0.0282632 0.0172194
27 0.6878563 0.6114195 0.0282632 0.0172194
17 0.3281421 0.6734092 0.0282632 0.0172194
6 0.4707431 0.6734092 0.0282632 0.0172194
2 0.5439706 0.6734092 0.0282632 0.0172194
26 0.6878563 0.6734092 0.0282632 0.0172194
21 0.2561993 0.7353990 0.0282633 0.0172194
34 0.3274998 0.7348249 0.0655194 0.0619897
15 0.3281421 0.7353990 0.0282632 0.0172194
13 0.5439706 0.7353990 0.0282632 0.0172194
16 0.3281421 0.7973887 0.0282632 0.0172194
22 0.4000849 0.7973887 0.0282632 0.0172194
15 0.5439706 0.7973887 0.0282632 0.0172194
14 0.6878563 0.7353990 0.0282632 0.0172194
24 0.2561993 0.5494297 0.0282633 0.0172194
22 0.4707431 0.7973887 0.0282632 0.0172194
15 0.6159135 0.7973887 0.0282632 0.0172194
7 0.6159135 0.7353990 0.0282632 0.0172194
6 0.4000849 0.6114195 0.0282632 0.0172194
28 0.6159135 0.6734092 0.0282632 0.0172194
14 0.4707431 0.4874399 0.0282632 0.0172194
9 0.6878563 0.7973887 0.0282632 0.0172194
12 0.2561993 0.6114195 0.0282633 0.0172194
25 0.4000849 0.5494297 0.0282632 0.0172194
16 0.4000849 0.7353990 0.0282632 0.0172194
12 0.4000849 0.6734092 0.0282632 0.0172194
20 0.2561993 0.4874399 0.0282633 0.0172194
25 0.3281421 0.6114195 0.0282632 0.0172194
25 0.6878563 0.5494297 0.0282632 0.0172194
14 0.6159135 0.4874399 0.0282632 0.0172194
13 0.4707431 0.6114195 0.0282632 0.0172194
21 0.3281421 0.5494297 0.0282632 0.0172194
24 0.3281421 0.4874399 0.0282632 0.0172194
8 0.4000849 0.4874399 0.0282632 0.0172194
14 0.4707431 0.7353990 0.0282632 0.0172194
30 0.5439706 0.4874399 0.0282632 0.0172194
