12 0.5795301 0.5613113 0.0272128 0.0166350
11 0.6500359 0.5014253 0.0272128 0.0166350
32 0.5826225 0.6261877 0.5009624 0.4258561
33 0.5813855 0.4420938 0.4539585 0.0155260
22 0.3729604 0.5014253 0.0272128 0.0166350
31 0.4422293 0.5014253 0.0272128 0.0166350
15 0.7193048 0.5014253 0.0272128 0.0166350
23 0.7193048 0.5613113 0.0272128 0.0166350
13 0.7885736 0.5613113 0.0272128 0.0166350
10 0.3729604 0.6211973 0.0272128 0.0166351
19 0.5114981 0.6211973 0.0272128 0.0166351
34 0.6494174 0.6206428 0.0655580 0.0598861
20 0.6500359 0.6211973 0.0272128 0.0166351
17 0.7193048 0.6211973 0.0272128 0.0166351
20 0.3729604 0.6810833 0.0272128 0.0166349
26 0.5114981 0.7409693 0.0272128 0.0166351
11 0.6500359 0.7409693 0.0272128 0.0166351
4 0.7885736 0.7409693 0.0272128 0.0166351
5 0.3729604 0.8008554 0.0272128 0.0166351
14 0.4422293 0.8008554 0.0272128 0.0166351
7 0.6500359 0.8008554 0.0272128 0.0166351
21 0.7193048 0.8008554 0.0272128 0.0166351
19 0.4422293 0.7409693 0.0272128 0.0166351
25 0.7885736 0.6211973 0.0272128 0.0166351
12 0.3729604 0.5613113 0.0272128 0.0166350
30 0.7193048 0.7409693 0.0272128 0.0166351
13 0.5795301 0.8008554 0.0272128 0.0166351
10 0.5114981 0.6810833 0.0272128 0.0166349
15 0.6500359 0.6810833 0.0272128 0.0166349
12 0.5114981 0.5014253 0.0272128 0.0166350
9 0.3729604 0.7409693 0.0272128 0.0166351
30 0.5114981 0.5613113 0.0272128 0.0166350
25 0.5114981 0.8008554 0.0272128 0.0166351
14 0.7885736 0.5014253 0.0272128 0.0166350
2 0.7193048 0.6810833 0.0272128 0.0166349
6 0.4422293 0.5613113 0.0272128 0.0166350
20 0.7885736 0.6810833 0.0272128 0.0166349
13 0.5795301 0.5014253 0.0272128 0.0166350
22 0.5795301 0.6810833 0.0272128 0.0166349
16 0.7885736 0.8008554 0.0272128 0.0166351
10 0.5795301 0.6211973 0.0272128 0.0166351
27 0.4422293 0.6810833 0.0272128 0.0166349
16 0.4422293 0.6211973 0.0272128 0.0166351
14 0.5795301 0.7409693 0.0272128 0.0166351
27 0.6500359 0.5613113 0.0272128 0.0166350
