8 0.4960654 0.5569664 0.0275211 0.0165398
3 0.5673701 0.6760525 0.0275211 0.0165397
32 0.4991928 0.5619283 0.5066385 0.4234173
33 0.4979419 0.3788885 0.4591019 0.0154371
3 0.2871552 0.4378802 0.0275211 0.0165397
7 0.4272626 0.4378802 0.0275211 0.0165397
22 0.6374238 0.4378802 0.0275212 0.0165397
23 0.4960654 0.4974233 0.0275211 0.0165398
5 0.2871552 0.5569664 0.0275211 0.0165398
34 0.3565835 0.5564151 0.0637989 0.0595431
9 0.3572089 0.5569664 0.0275211 0.0165398
19 0.5673701 0.5569664 0.0275211 0.0165398
29 0.6374238 0.5569664 0.0275212 0.0165398
4 0.7074774 0.5569664 0.0275211 0.0165398
21 0.4272626 0.6165095 0.0275211 0.0165397
20 0.5673701 0.6165095 0.0275211 0.0165397
9 0.4960654 0.6760525 0.0275211 0.0165397
26 0.6374238 0.6760525 0.0275212 0.0165397
30 0.7074774 0.6760525 0.0275211 0.0165397
6 0.2871552 0.7355956 0.0275211 0.0165397
11 0.6374238 0.7355956 0.0275212 0.0165397
1 0.7074774 0.7355956 0.0275211 0.0165397
17 0.4272626 0.5569664 0.0275211 0.0165398
21 0.4960654 0.6165095 0.0275211 0.0165397
31 0.5673701 0.7355956 0.0275211 0.0165397
31 0.4960654 0.4378802 0.0275211 0.0165397
24 0.4272626 0.4974233 0.0275211 0.0165398
17 0.6374238 0.6165095 0.0275212 0.0165397
29 0.4272626 0.7355956 0.0275211 0.0165397
1 0.2871552 0.6165095 0.0275211 0.0165397
8 0.4272626 0.6760525 0.0275211 0.0165397
26 0.5673701 0.4378802 0.0275211 0.0165397
7 0.3572089 0.6760525 0.0275211 0.0165397
18 0.3572089 0.4974233 0.0275211 0.0165398
7 0.7074774 0.4974233 0.0275211 0.0165398
21 0.5673701 0.4974233 0.0275211 0.0165398
20 0.7074774 0.4378802 0.0275211 0.0165397
7 0.7074774 0.6165095 0.0275211 0.0165397
16 0.6374238 0.4974233 0.0275212 0.0165398
17 0.3572089 0.6165095 0.0275211 0.0165397
24 0.3572089 0.7355956 0.0275211 0.0165397
22 0.3572089 0.4378802 0.0275211 0.0165397
4 0.4960654 0.7355956 0.0275211 0.0165397
15 0.2871552 0.4974233 0.0275211 0.0165398
30 0.2871552 0.6760525 0.0275211 0.0165397
