16 0.2262217 0.2722675 0.0273072 0.0160574
27 0.3652399 0.2722675 0.0273072 0.0160574
32 0.2975927 0.3348915 0.5027000 0.4110704
33 0.2963515 0.1571892 0.4555331 0.0149869
16 0.1567126 0.2144607 0.0273072 0.0160574
27 0.2262217 0.2144607 0.0273072 0.0160574
10 0.2944896 0.2144607 0.0273072 0.0160574
29 0.1567126 0.2722675 0.0273072 0.0160574
2 0.2944896 0.2722675 0.0273072 0.0160574
13 0.5042583 0.2722675 0.0273072 0.0160574
25 0.0872034 0.3300743 0.0273072 0.0160575
22 0.5042583 0.3300743 0.0273072 0.0160575
8 0.0872034 0.3878811 0.0273072 0.0160574
11 0.1567126 0.3878811 0.0273072 0.0160574
34 0.2262217 0.3873458 0.0645442 0.0578068
19 0.2262217 0.3878811 0.0273072 0.0160574
4 0.4347491 0.3878811 0.0273072 0.0160574
12 0.0872034 0.4456878 0.0273072 0.0160575
5 0.2944896 0.4456878 0.0273072 0.0160575
26 0.3652399 0.4456878 0.0273072 0.0160575
7 0.4347491 0.4456878 0.0273072 0.0160575
14 0.2262217 0.5034946 0.0273072 0.0160574
19 0.2944896 0.5034946 0.0273072 0.0160574
25 0.3652399 0.5034946 0.0273072 0.0160574
13 0.5042583 0.3878811 0.0273072 0.0160574
31 0.4347491 0.3300743 0.0273072 0.0160575
4 0.3652399 0.2144607 0.0273072 0.0160574
21 0.1567126 0.5034946 0.0273072 0.0160574
19 0.4347491 0.5034946 0.0273072 0.0160574
26 0.0872034 0.2722675 0.0273072 0.0160574
27 0.2262217 0.4456878 0.0273072 0.0160575
17 0.1567126 0.4456878 0.0273072 0.0160575
28 0.5042583 0.5034946 0.0273072 0.0160574
7 0.4347491 0.2144607 0.0273072 0.0160574
16 0.2944896 0.3300743 0.0273072 0.0160575
21 0.0872034 0.2144607 0.0273072 0.0160574
24 0.3652399 0.3878811 0.0273072 0.0160574
16 0.4347491 0.2722675 0.0273072 0.0160574
10 0.3652399 0.3300743 0.0273072 0.0160575
25 0.5042583 0.2144607 0.0273072 0.0160574
29 0.2944896 0.3878811 0.0273072 0.0160574
17 0.1567126 0.3300743 0.0273072 0.0160575
22 0.5042583 0.4456878 0.0273072 0.0160575
13 0.2262217 0.3300743 0.0273072 0.0160575
15 0.0872034 0.5034946 0.0273072 0.0160574
