31 0.7339732 0.6321236 0.0287143 0.0170361
9 0.6608823 0.6321236 0.0287142 0.0170361
32 0.5166582 0.5145747 0.5286040 0.4361234
33 0.5153531 0.3260422 0.4790065 0.0159003
29 0.3685186 0.3868042 0.0287143 0.0170361
11 0.6608823 0.3868042 0.0287142 0.0170361
23 0.4416096 0.4481341 0.0287143 0.0170361
31 0.5877914 0.4481341 0.0287143 0.0170361
10 0.7339732 0.4481341 0.0287143 0.0170361
6 0.2954277 0.5094639 0.0287143 0.0170361
8 0.4416096 0.5094639 0.0287143 0.0170361
12 0.2954277 0.5707937 0.0287143 0.0170361
13 0.5877914 0.5707937 0.0287143 0.0170361
2 0.3685186 0.6321236 0.0287143 0.0170361
30 0.4416096 0.6321236 0.0287143 0.0170361
34 0.2954277 0.6928856 0.0678701 0.0613298
25 0.2954277 0.6934535 0.0287143 0.0170361
27 0.3685186 0.6934535 0.0287143 0.0170361
22 0.5133953 0.6934535 0.0287143 0.0170361
17 0.5877914 0.6934535 0.0287143 0.0170361
20 0.6608823 0.6934535 0.0287142 0.0170361
18 0.7339732 0.6934535 0.0287143 0.0170361
15 0.6608823 0.5707937 0.0287142 0.0170361
16 0.2954277 0.6321236 0.0287143 0.0170361
27 0.3685186 0.4481341 0.0287143 0.0170361
16 0.4416096 0.5707937 0.0287143 0.0170361
12 0.2954277 0.4481341 0.0287143 0.0170361
17 0.7339732 0.3868042 0.0287143 0.0170361
26 0.5133953 0.3868042 0.0287143 0.0170361
15 0.3685186 0.5094639 0.0287143 0.0170361
26 0.5877914 0.5094639 0.0287143 0.0170361
2 0.5133953 0.6321236 0.0287143 0.0170361
2 0.6608823 0.4481341 0.0287142 0.0170361
15 0.5133953 0.4481341 0.0287143 0.0170361
13 0.5133953 0.5094639 0.0287143 0.0170361
8 0.7339732 0.5707937 0.0287143 0.0170361
11 0.2954277 0.3868042 0.0287143 0.0170361
21 0.4416096 0.6934535 0.0287143 0.0170361
4 0.3685186 0.5707937 0.0287143 0.0170361
7 0.5877914 0.6321236 0.0287143 0.0170361
12 0.4416096 0.3868042 0.0287143 0.0170361
26 0.5133953 0.5707937 0.0287143 0.0170361
7 0.5877914 0.3868042 0.0287143 0.0170361
21 0.7339732 0.5094639 0.0287143 0.0170361
22 0.6608823 0.5094639 0.0287142 0.0170361
