24 0.5214909 0.5390527 0.0269912 0.0161683
14 0.1779662 0.3062293 0.0269912 0.0161683
32 0.3859213 0.4274915 0.4968839 0.4139081
33 0.3846944 0.2485625 0.4502627 0.0150904
10 0.3153761 0.3062293 0.0269912 0.0161683
30 0.3828541 0.3062293 0.0269912 0.0161683
21 0.5901958 0.3062293 0.0269912 0.0161683
25 0.1779662 0.4226410 0.0269912 0.0161683
23 0.2466711 0.4226410 0.0269912 0.0161683
14 0.3153761 0.4226410 0.0269912 0.0161683
13 0.3828541 0.4226410 0.0269912 0.0161683
19 0.4527859 0.4226410 0.0269912 0.0161683
18 0.5214909 0.4226410 0.0269912 0.0161683
2 0.3153761 0.4808469 0.0269912 0.0161683
34 0.2460577 0.5385137 0.0625706 0.0582058
24 0.2466711 0.5390527 0.0269912 0.0161683
27 0.3828541 0.5390527 0.0269912 0.0161683
4 0.5901958 0.5390527 0.0269912 0.0161683
16 0.1779662 0.5972586 0.0269912 0.0161683
15 0.3153761 0.5972586 0.0269912 0.0161683
1 0.5214909 0.5972586 0.0269912 0.0161683
17 0.5901958 0.5972586 0.0269912 0.0161683
11 0.3828541 0.4808469 0.0269912 0.0161683
4 0.5214909 0.3644352 0.0269912 0.0161683
31 0.4527859 0.3062293 0.0269912 0.0161683
4 0.5901958 0.3644352 0.0269912 0.0161683
15 0.3153761 0.3644352 0.0269912 0.0161683
21 0.2466711 0.5972586 0.0269912 0.0161683
29 0.1779662 0.5390527 0.0269912 0.0161683
17 0.5901958 0.4808469 0.0269912 0.0161683
6 0.1779662 0.3644352 0.0269912 0.0161683
13 0.4527859 0.5972586 0.0269912 0.0161683
11 0.2466711 0.4808469 0.0269912 0.0161683
9 0.5214909 0.3062293 0.0269912 0.0161683
30 0.2466711 0.3644352 0.0269912 0.0161683
2 0.3153761 0.5390527 0.0269912 0.0161683
1 0.5901958 0.4226410 0.0269912 0.0161683
28 0.4527859 0.3644352 0.0269912 0.0161683
22 0.3828541 0.3644352 0.0269912 0.0161683
17 0.4527859 0.4808469 0.0269912 0.0161683
18 0.3828541 0.5972586 0.0269912 0.0161683
1 0.1779662 0.4808469 0.0269912 0.0161683
31 0.2466711 0.3062293 0.0269912 0.0161683
4 0.4527859 0.5390527 0.0269912 0.0161683
30 0.5214909 0.4808469 0.0269912 0.0161683
