4 0.5589557 0.5464087 0.0276241 0.0167470
1 0.7711587 0.5464087 0.0276241 0.0167470
32 0.5620948 0.4911435 0.5085337 0.4287242
33 0.5608392 0.3058096 0.4608194 0.0156306
3 0.5589557 0.3655407 0.0276241 0.0167470
31 0.6305271 0.3655407 0.0276241 0.0167470
34 0.4898956 0.4252718 0.0652932 0.0602893
13 0.4898956 0.4258300 0.0276241 0.0167470
13 0.5589557 0.4258300 0.0276241 0.0167470
4 0.6305271 0.4258300 0.0276241 0.0167470
24 0.7008429 0.4258300 0.0276241 0.0167470
11 0.6305271 0.4861194 0.0276241 0.0167470
5 0.7711587 0.4861194 0.0276241 0.0167470
23 0.3492640 0.5464087 0.0276241 0.0167470
17 0.4898956 0.5464087 0.0276241 0.0167470
29 0.6305271 0.5464087 0.0276241 0.0167470
12 0.7008429 0.5464087 0.0276241 0.0167470
6 0.4195798 0.6066980 0.0276241 0.0167470
16 0.5589557 0.6066980 0.0276241 0.0167470
30 0.3492640 0.6669874 0.0276241 0.0167470
20 0.4195798 0.6669874 0.0276241 0.0167470
18 0.7008429 0.6669874 0.0276241 0.0167470
14 0.4195798 0.3655407 0.0276241 0.0167470
8 0.4898956 0.4861194 0.0276241 0.0167470
10 0.5589557 0.6669874 0.0276241 0.0167470
28 0.7008429 0.6066980 0.0276241 0.0167470
6 0.4195798 0.4861194 0.0276241 0.0167470
8 0.4898956 0.6669874 0.0276241 0.0167470
18 0.3492640 0.3655407 0.0276241 0.0167470
2 0.3492640 0.4861194 0.0276241 0.0167470
27 0.7008429 0.4861194 0.0276241 0.0167470
13 0.5589557 0.4861194 0.0276241 0.0167470
22 0.4195798 0.5464087 0.0276241 0.0167470
8 0.6305271 0.6066980 0.0276241 0.0167470
10 0.4195798 0.4258300 0.0276241 0.0167470
22 0.4898956 0.3655407 0.0276241 0.0167470
9 0.7711587 0.4258300 0.0276241 0.0167470
25 0.6305271 0.6669874 0.0276241 0.0167470
6 0.7711587 0.6669874 0.0276241 0.0167470
1 0.7711587 0.3655407 0.0276241 0.0167470
14 0.3492640 0.4258300 0.0276241 0.0167470
2 0.3492640 0.6066980 0.0276241 0.0167470
1 0.7711587 0.6066980 0.0276241 0.0167470
27 0.7008429 0.3655407 0.0276241 0.0167470
5 0.4898956 0.6066980 0.0276241 0.0167470
