4 0.1543585 0.6248274 0.0264814 0.0167098
20 0.1543585 0.5646721 0.0264814 0.0167098
32 0.3583857 0.6298404 0.4874987 0.4277711
33 0.3571820 0.4449185 0.4417580 0.0155958
31 0.1543585 0.5045168 0.0264814 0.0167098
8 0.2217657 0.5045168 0.0264814 0.0167098
25 0.5588018 0.5045168 0.0264814 0.0167098
6 0.4239874 0.5646721 0.0264814 0.0167098
26 0.5588018 0.5646721 0.0264814 0.0167098
1 0.2217657 0.6248274 0.0264814 0.0167098
34 0.2891729 0.6242704 0.0625924 0.0601553
7 0.2891729 0.6248274 0.0264814 0.0167098
27 0.3553764 0.6248274 0.0264814 0.0167098
24 0.4239874 0.6248274 0.0264814 0.0167098
9 0.5588018 0.6248274 0.0264814 0.0167098
15 0.2891729 0.6849827 0.0264814 0.0167098
22 0.5588018 0.6849827 0.0264814 0.0167098
21 0.1543585 0.7451380 0.0264814 0.0167098
12 0.2891729 0.7451380 0.0264814 0.0167098
18 0.5588018 0.7451380 0.0264814 0.0167098
11 0.1543585 0.8052933 0.0264814 0.0167098
19 0.2891729 0.8052933 0.0264814 0.0167098
20 0.2217657 0.7451380 0.0264814 0.0167098
6 0.4913946 0.5045168 0.0264814 0.0167098
15 0.4239874 0.6849827 0.0264814 0.0167098
20 0.4239874 0.8052933 0.0264814 0.0167098
18 0.4913946 0.7451380 0.0264814 0.0167098
6 0.4239874 0.7451380 0.0264814 0.0167098
26 0.3553764 0.7451380 0.0264814 0.0167098
4 0.2891729 0.5646721 0.0264814 0.0167098
11 0.3553764 0.5045168 0.0264814 0.0167098
18 0.3553764 0.8052933 0.0264814 0.0167098
12 0.2217657 0.5646721 0.0264814 0.0167098
26 0.1543585 0.6849827 0.0264814 0.0167098
30 0.3553764 0.6849827 0.0264814 0.0167098
4 0.4239874 0.5045168 0.0264814 0.0167098
30 0.2891729 0.5045168 0.0264814 0.0167098
6 0.4913946 0.8052933 0.0264814 0.0167098
21 0.2217657 0.6849827 0.0264814 0.0167098
27 0.3553764 0.5646721 0.0264814 0.0167098
2 0.4913946 0.6849827 0.0264814 0.0167098
28 0.5588018 0.8052933 0.0264814 0.0167098
5 0.2217657 0.8052933 0.0264814 0.0167098
13 0.4913946 0.5646721 0.0264814 0.0167098
14 0.4913946 0.6248274 0.0264814 0.0167098
