1 0.4978704 0.5566303 0.0265173 0.0164022
16 0.4978704 0.4975822 0.0265173 0.0164022
32 0.2971824 0.3844067 0.4881598 0.4198975
33 0.2959771 0.2028886 0.4423572 0.0153088
29 0.2278758 0.2613899 0.0265173 0.0164022
26 0.3628731 0.2613899 0.0265173 0.0164022
12 0.4303717 0.2613899 0.0265173 0.0164022
30 0.4978704 0.2613899 0.0265173 0.0164022
6 0.3628731 0.3204380 0.0265173 0.0164023
4 0.1603772 0.3794861 0.0265173 0.0164022
17 0.2941691 0.3794861 0.0265173 0.0164022
21 0.4303717 0.3794861 0.0265173 0.0164022
8 0.0928785 0.4385341 0.0265173 0.0164022
7 0.1603772 0.4385341 0.0265173 0.0164022
20 0.4303717 0.4385341 0.0265173 0.0164022
27 0.4978704 0.4385341 0.0265173 0.0164022
10 0.1603772 0.4975822 0.0265173 0.0164022
23 0.2941691 0.4975822 0.0265173 0.0164022
34 0.3622704 0.4970355 0.0638826 0.0590481
19 0.3628731 0.4975822 0.0265173 0.0164022
13 0.4303717 0.4975822 0.0265173 0.0164022
9 0.1603772 0.5566303 0.0265173 0.0164022
9 0.4303717 0.5566303 0.0265173 0.0164022
28 0.2941691 0.2613899 0.0265173 0.0164022
7 0.1603772 0.3204380 0.0265173 0.0164023
13 0.0928785 0.3794861 0.0265173 0.0164022
1 0.4303717 0.3204380 0.0265173 0.0164023
31 0.2278758 0.5566303 0.0265173 0.0164022
14 0.0928785 0.4975822 0.0265173 0.0164022
19 0.2278758 0.4975822 0.0265173 0.0164022
11 0.3628731 0.5566303 0.0265173 0.0164022
28 0.2278758 0.3204380 0.0265173 0.0164023
25 0.2278758 0.4385341 0.0265173 0.0164022
10 0.2941691 0.4385341 0.0265173 0.0164022
11 0.4978704 0.3204380 0.0265173 0.0164023
28 0.1603772 0.2613899 0.0265173 0.0164022
24 0.3628731 0.3794861 0.0265173 0.0164022
16 0.0928785 0.5566303 0.0265173 0.0164022
6 0.0928785 0.2613899 0.0265173 0.0164022
20 0.2941691 0.5566303 0.0265173 0.0164022
16 0.0928785 0.3204380 0.0265173 0.0164023
16 0.4978704 0.3794861 0.0265173 0.0164022
29 0.2941691 0.3204380 0.0265173 0.0164023
3 0.2278758 0.3794861 0.0265173 0.0164022
29 0.3628731 0.4385341 0.0265173 0.0164022
