6 0.5462931 0.6518197 0.0266422 0.0160871
7 0.3416325 0.4780787 0.0266422 0.0160871
32 0.3446600 0.5408185 0.4904589 0.4118306
33 0.3434489 0.3627875 0.4444405 0.0150146
25 0.2750269 0.4201650 0.0266422 0.0160871
26 0.4784765 0.4201650 0.0266422 0.0160871
23 0.5462931 0.4201650 0.0266422 0.0160871
13 0.1393939 0.4780787 0.0266422 0.0160871
3 0.2072104 0.4780787 0.0266422 0.0160871
20 0.4106600 0.4780787 0.0266422 0.0160871
12 0.1393939 0.5359924 0.0266422 0.0160871
31 0.3416325 0.5359924 0.0266422 0.0160871
15 0.4106600 0.5359924 0.0266422 0.0160871
19 0.4784765 0.5359924 0.0266422 0.0160871
17 0.2750269 0.5939060 0.0266422 0.0160871
24 0.2072104 0.6518197 0.0266422 0.0160871
1 0.3416325 0.6518197 0.0266422 0.0160871
29 0.2072104 0.7097334 0.0266422 0.0160871
8 0.2750269 0.7097334 0.0266422 0.0160871
11 0.4106600 0.7097334 0.0266422 0.0160871
34 0.4778710 0.7091972 0.0617615 0.0579137
22 0.4784765 0.7097334 0.0266422 0.0160871
15 0.3416325 0.5939060 0.0266422 0.0160871
9 0.3416325 0.7097334 0.0266422 0.0160871
17 0.1393939 0.4201650 0.0266422 0.0160871
28 0.2750269 0.5359924 0.0266422 0.0160871
14 0.1393939 0.5939060 0.0266422 0.0160871
7 0.5462931 0.7097334 0.0266422 0.0160871
21 0.3416325 0.4201650 0.0266422 0.0160871
16 0.2072104 0.4201650 0.0266422 0.0160871
17 0.4106600 0.5939060 0.0266422 0.0160871
26 0.5462931 0.5359924 0.0266422 0.0160871
19 0.4784765 0.6518197 0.0266422 0.0160871
11 0.4784765 0.5939060 0.0266422 0.0160871
24 0.2072104 0.5939060 0.0266422 0.0160871
2 0.2750269 0.4780787 0.0266422 0.0160871
9 0.5462931 0.4780787 0.0266422 0.0160871
17 0.2750269 0.6518197 0.0266422 0.0160871
16 0.4106600 0.6518197 0.0266422 0.0160871
6 0.4106600 0.4201650 0.0266422 0.0160871
12 0.4784765 0.4780787 0.0266422 0.0160871
3 0.1393939 0.6518197 0.0266422 0.0160871
5 0.5462931 0.5939060 0.0266422 0.0160871
16 0.2072104 0.5359924 0.0266422 0.0160871
7 0.1393939 0.7097334 0.0266422 0.0160871
