9 0.4357381 0.4143808 0.0272304 0.0167764
13 0.5038142 0.2935908 0.0272305 0.0167764
32 0.5069086 0.3590187 0.5012875 0.4294753
33 0.5056709 0.1733601 0.4542531 0.0156580
31 0.4357381 0.2331959 0.0272304 0.0167764
11 0.5038142 0.2331959 0.0272305 0.0167764
20 0.2971105 0.2935908 0.0272304 0.0167764
1 0.5743658 0.2935908 0.0272305 0.0167764
16 0.7129935 0.2935908 0.0272305 0.0167764
18 0.2971105 0.3539858 0.0272304 0.0167764
7 0.3664243 0.3539858 0.0272305 0.0167764
8 0.4357381 0.3539858 0.0272304 0.0167764
5 0.6436797 0.3539858 0.0272305 0.0167764
22 0.2971105 0.4143808 0.0272304 0.0167764
27 0.6436797 0.4143808 0.0272305 0.0167764
15 0.2971105 0.4747757 0.0272304 0.0167764
4 0.5038142 0.4747757 0.0272305 0.0167764
29 0.7129935 0.4747757 0.0272305 0.0167764
34 0.2971105 0.5346115 0.0643628 0.0603950
28 0.2971105 0.5351707 0.0272304 0.0167764
10 0.3664243 0.5351707 0.0272305 0.0167764
24 0.7129935 0.5351707 0.0272305 0.0167764
12 0.5743658 0.5351707 0.0272305 0.0167764
8 0.4357381 0.4747757 0.0272304 0.0167764
6 0.2971105 0.2331959 0.0272304 0.0167764
29 0.6436797 0.5351707 0.0272305 0.0167764
3 0.3664243 0.2935908 0.0272305 0.0167764
10 0.3664243 0.4143808 0.0272305 0.0167764
12 0.3664243 0.2331959 0.0272305 0.0167764
6 0.5038142 0.5351707 0.0272305 0.0167764
21 0.5743658 0.3539858 0.0272305 0.0167764
10 0.6436797 0.2935908 0.0272305 0.0167764
20 0.3664243 0.4747757 0.0272305 0.0167764
20 0.7129935 0.3539858 0.0272305 0.0167764
16 0.4357381 0.2935908 0.0272304 0.0167764
17 0.6436797 0.4747757 0.0272305 0.0167764
5 0.5038142 0.3539858 0.0272305 0.0167764
13 0.6436797 0.2331959 0.0272305 0.0167764
26 0.7129935 0.4143808 0.0272305 0.0167764
30 0.5743658 0.4747757 0.0272305 0.0167764
27 0.4357381 0.5351707 0.0272304 0.0167764
9 0.5038142 0.4143808 0.0272305 0.0167764
10 0.7129935 0.2331959 0.0272305 0.0167764
28 0.5743658 0.2331959 0.0272305 0.0167764
6 0.5743658 0.4143808 0.0272305 0.0167764
