19 0.4598595 0.6018298 0.0278986 0.0166157
8 0.3901130 0.5420133 0.0278986 0.0166157
32 0.4630298 0.4273651 0.5135881 0.4253614
33 0.4617617 0.2434849 0.4653996 0.0155079
4 0.2480836 0.3027475 0.0278986 0.0166157
15 0.3190983 0.3625640 0.0278986 0.0166157
9 0.3901130 0.3625640 0.0278986 0.0166157
6 0.2480836 0.4223804 0.0278986 0.0166157
19 0.3901130 0.4223804 0.0278986 0.0166157
20 0.6031569 0.4223804 0.0278986 0.0166157
12 0.6741716 0.4223804 0.0278986 0.0166157
5 0.2480836 0.4821969 0.0278986 0.0166157
13 0.3190983 0.4821969 0.0278986 0.0166157
34 0.3901130 0.4816430 0.0659422 0.0598165
3 0.3901130 0.4821969 0.0278986 0.0166157
23 0.4598595 0.4821969 0.0278986 0.0166157
10 0.5321423 0.4821969 0.0278986 0.0166157
25 0.6741716 0.4821969 0.0278986 0.0166157
26 0.4598595 0.5420133 0.0278986 0.0166157
11 0.6741716 0.5420133 0.0278986 0.0166157
16 0.5321423 0.6018298 0.0278986 0.0166157
24 0.6741716 0.6018298 0.0278986 0.0166157
10 0.4598595 0.4223804 0.0278986 0.0166157
11 0.5321423 0.3027475 0.0278986 0.0166157
6 0.2480836 0.6018298 0.0278986 0.0166157
16 0.6031569 0.6018298 0.0278986 0.0166157
26 0.2480836 0.3625640 0.0278986 0.0166157
22 0.4598595 0.3027475 0.0278986 0.0166157
20 0.6031569 0.3027475 0.0278986 0.0166157
2 0.6031569 0.5420133 0.0278986 0.0166157
19 0.3901130 0.6018298 0.0278986 0.0166157
29 0.3190983 0.3027475 0.0278986 0.0166157
20 0.6741716 0.3625640 0.0278986 0.0166157
18 0.6031569 0.4821969 0.0278986 0.0166157
31 0.6031569 0.3625640 0.0278986 0.0166157
4 0.5321423 0.3625640 0.0278986 0.0166157
11 0.3190983 0.4223804 0.0278986 0.0166157
4 0.2480836 0.5420133 0.0278986 0.0166157
28 0.4598595 0.3625640 0.0278986 0.0166157
5 0.3190983 0.6018298 0.0278986 0.0166157
29 0.3901130 0.3027475 0.0278986 0.0166157
18 0.3190983 0.5420133 0.0278986 0.0166157
9 0.6741716 0.3027475 0.0278986 0.0166157
19 0.5321423 0.5420133 0.0278986 0.0166157
1 0.5321423 0.4223804 0.0278986 0.0166157
