13 0.4105936 0.5186886 0.0267744 0.0166523
25 0.2742874 0.3987920 0.0267744 0.0166523
32 0.4805722 0.4637360 0.4928929 0.4262993
33 0.4793552 0.2794504 0.4466462 0.0155422
4 0.3424405 0.3388437 0.0267744 0.0166523
1 0.3424405 0.3987920 0.0267744 0.0166523
15 0.4105936 0.3987920 0.0267744 0.0166523
27 0.6832059 0.3987920 0.0267744 0.0166523
5 0.2742874 0.4587403 0.0267744 0.0166523
6 0.6150529 0.4587403 0.0267744 0.0166523
29 0.5468998 0.5186886 0.0267744 0.0166523
34 0.6144444 0.5181335 0.0620680 0.0599483
3 0.6150529 0.5186886 0.0267744 0.0166523
20 0.2742874 0.5786370 0.0267744 0.0166524
7 0.3424405 0.5786370 0.0267744 0.0166524
18 0.4105936 0.5786370 0.0267744 0.0166524
30 0.4775297 0.5786370 0.0267744 0.0166524
21 0.5468998 0.5786370 0.0267744 0.0166524
26 0.4105936 0.6385853 0.0267744 0.0166524
16 0.4775297 0.6385853 0.0267744 0.0166524
9 0.6150529 0.6385853 0.0267744 0.0166524
14 0.6832059 0.6385853 0.0267744 0.0166524
13 0.3424405 0.6385853 0.0267744 0.0166524
20 0.6150529 0.3987920 0.0267744 0.0166523
2 0.2742874 0.3388437 0.0267744 0.0166523
3 0.4775297 0.3987920 0.0267744 0.0166523
20 0.6150529 0.5786370 0.0267744 0.0166524
21 0.5468998 0.3987920 0.0267744 0.0166523
16 0.6832059 0.3388437 0.0267744 0.0166523
6 0.4775297 0.3388437 0.0267744 0.0166523
10 0.4775297 0.5186886 0.0267744 0.0166523
28 0.2742874 0.5186886 0.0267744 0.0166523
2 0.4775297 0.4587403 0.0267744 0.0166523
19 0.3424405 0.4587403 0.0267744 0.0166523
20 0.5468998 0.6385853 0.0267744 0.0166524
22 0.2742874 0.6385853 0.0267744 0.0166524
9 0.4105936 0.3388437 0.0267744 0.0166523
9 0.6150529 0.3388437 0.0267744 0.0166523
25 0.6832059 0.5186886 0.0267744 0.0166523
31 0.4105936 0.4587403 0.0267744 0.0166523
26 0.6832059 0.4587403 0.0267744 0.0166523
5 0.6832059 0.5786370 0.0267744 0.0166524
25 0.5468998 0.3388437 0.0267744 0.0166523
17 0.3424405 0.5186886 0.0267744 0.0166523
14 0.5468998 0.4587403 0.0267744 0.0166523
