8 0.4941878 0.7202284 0.0283973 0.0169871
22 0.4219039 0.6590750 0.0283973 0.0169870
32 0.5684080 0.6030176 0.5227678 0.4348687
33 0.5671172 0.4150276 0.4737180 0.0158546
26 0.4219039 0.4756148 0.0283973 0.0169871
8 0.6387557 0.4756148 0.0283973 0.0169871
21 0.7110396 0.4756148 0.0283973 0.0169871
5 0.3496199 0.5367682 0.0283973 0.0169871
3 0.4219039 0.5367682 0.0283973 0.0169871
10 0.5651810 0.5367682 0.0283972 0.0169871
6 0.7110396 0.5367682 0.0283973 0.0169871
4 0.7833235 0.5367682 0.0283973 0.0169871
31 0.3496199 0.5979215 0.0283973 0.0169870
19 0.4219039 0.5979215 0.0283973 0.0169870
11 0.5651810 0.5979215 0.0283972 0.0169870
15 0.7110396 0.5979215 0.0283973 0.0169870
25 0.6387557 0.6590750 0.0283973 0.0169870
24 0.7833235 0.6590750 0.0283973 0.0169870
34 0.4212585 0.7196621 0.0658300 0.0611534
6 0.4219039 0.7202284 0.0283973 0.0169871
29 0.5651810 0.7202284 0.0283972 0.0169871
27 0.7110396 0.7202284 0.0283973 0.0169871
15 0.4219039 0.7813818 0.0283973 0.0169870
20 0.4941878 0.7813818 0.0283973 0.0169870
8 0.7833235 0.4756148 0.0283973 0.0169871
7 0.6387557 0.5367682 0.0283973 0.0169871
15 0.6387557 0.5979215 0.0283973 0.0169870
3 0.4941878 0.5367682 0.0283973 0.0169871
10 0.7833235 0.5979215 0.0283973 0.0169870
6 0.4941878 0.4756148 0.0283973 0.0169871
28 0.3496199 0.4756148 0.0283973 0.0169871
17 0.6387557 0.7202284 0.0283973 0.0169871
31 0.7110396 0.6590750 0.0283973 0.0169870
18 0.6387557 0.7813818 0.0283973 0.0169870
17 0.3496199 0.6590750 0.0283973 0.0169870
29 0.4941878 0.6590750 0.0283973 0.0169870
17 0.5651810 0.4756148 0.0283972 0.0169871
26 0.7110396 0.7813818 0.0283973 0.0169870
25 0.5651810 0.7813818 0.0283972 0.0169870
15 0.7833235 0.7202284 0.0283973 0.0169871
30 0.5651810 0.6590750 0.0283972 0.0169870
30 0.7833235 0.7813818 0.0283973 0.0169870
11 0.3496199 0.7202284 0.0283973 0.0169871
10 0.4941878 0.5979215 0.0283973 0.0169870
1 0.3496199 0.7813818 0.0283973 0.0169870
