4 0.6894125 0.7854317 0.0282237 0.0160404
3 0.5457281 0.7276865 0.0282237 0.0160404
32 0.6194947 0.6170079 0.5195729 0.4106332
33 0.6182118 0.4394946 0.4708229 0.0149710
26 0.4020438 0.4967053 0.0282237 0.0160403
8 0.4738860 0.4967053 0.0282237 0.0160403
16 0.5457281 0.4967053 0.0282237 0.0160403
34 0.7606133 0.4961706 0.0654277 0.0577453
26 0.7612547 0.4967053 0.0282237 0.0160403
12 0.4738860 0.5544505 0.0282237 0.0160404
2 0.5457281 0.5544505 0.0282237 0.0160404
31 0.7612547 0.5544505 0.0282237 0.0160404
20 0.4738860 0.6121958 0.0282237 0.0160403
29 0.5457281 0.6121958 0.0282237 0.0160403
25 0.4020438 0.6699411 0.0282237 0.0160404
24 0.5457281 0.6699411 0.0282237 0.0160404
30 0.6162875 0.6699411 0.0282237 0.0160404
22 0.7612547 0.6699411 0.0282237 0.0160404
23 0.6162875 0.7276865 0.0282237 0.0160404
7 0.8330969 0.7276865 0.0282237 0.0160404
17 0.4738860 0.7854317 0.0282237 0.0160404
5 0.5457281 0.7854317 0.0282237 0.0160404
25 0.4020438 0.5544505 0.0282237 0.0160404
11 0.4020438 0.7276865 0.0282237 0.0160404
1 0.7612547 0.7276865 0.0282237 0.0160404
6 0.6162875 0.6121958 0.0282237 0.0160403
2 0.6894125 0.5544505 0.0282237 0.0160404
25 0.6894125 0.4967053 0.0282237 0.0160403
25 0.4020438 0.6121958 0.0282237 0.0160403
14 0.6162875 0.4967053 0.0282237 0.0160403
8 0.6894125 0.6699411 0.0282237 0.0160404
8 0.6894125 0.6121958 0.0282237 0.0160403
15 0.8330969 0.5544505 0.0282237 0.0160404
12 0.8330969 0.4967053 0.0282237 0.0160403
21 0.8330969 0.7854317 0.0282237 0.0160404
22 0.4738860 0.6699411 0.0282237 0.0160404
25 0.7612547 0.6121958 0.0282237 0.0160403
4 0.6894125 0.7276865 0.0282237 0.0160404
30 0.8330969 0.6699411 0.0282237 0.0160404
5 0.4020438 0.7854317 0.0282237 0.0160404
29 0.6162875 0.7854317 0.0282237 0.0160404
28 0.8330969 0.6121958 0.0282237 0.0160403
12 0.7612547 0.7854317 0.0282237 0.0160404
11 0.6162875 0.5544505 0.0282237 0.0160404
21 0.4738860 0.7276865 0.0282237 0.0160404
