16 0.5170917 0.3257750 0.0276614 0.0168407
21 0.6579131 0.5076538 0.0276613 0.0168407
32 0.5893884 0.4520797 0.5092203 0.4311201
33 0.5881311 0.2657101 0.4614417 0.0157179
31 0.4466810 0.3257750 0.0276613 0.0168407
1 0.6579131 0.3257750 0.0276613 0.0168407
24 0.3762703 0.3864013 0.0276613 0.0168406
14 0.4466810 0.3864013 0.0276613 0.0168406
26 0.5862451 0.3864013 0.0276614 0.0168406
6 0.7987346 0.3864013 0.0276614 0.0168406
20 0.3762703 0.4470276 0.0276613 0.0168406
34 0.4460523 0.4464662 0.0641240 0.0606263
24 0.4466810 0.4470276 0.0276613 0.0168406
30 0.5170917 0.4470276 0.0276614 0.0168406
23 0.5170917 0.5076538 0.0276614 0.0168407
27 0.5862451 0.5076538 0.0276614 0.0168407
17 0.4466810 0.5682801 0.0276613 0.0168406
18 0.5170917 0.5682801 0.0276614 0.0168406
21 0.5862451 0.5682801 0.0276614 0.0168406
19 0.7283238 0.5682801 0.0276614 0.0168406
8 0.5862451 0.6289064 0.0276614 0.0168406
25 0.6579131 0.6289064 0.0276613 0.0168406
2 0.3762703 0.3257750 0.0276613 0.0168407
1 0.5170917 0.3864013 0.0276614 0.0168406
2 0.3762703 0.6289064 0.0276613 0.0168406
18 0.7987346 0.4470276 0.0276614 0.0168406
19 0.5862451 0.4470276 0.0276614 0.0168406
22 0.3762703 0.5682801 0.0276613 0.0168406
22 0.4466810 0.5076538 0.0276613 0.0168407
29 0.7987346 0.6289064 0.0276614 0.0168406
13 0.7283238 0.3257750 0.0276614 0.0168407
31 0.7987346 0.3257750 0.0276614 0.0168407
17 0.7283238 0.6289064 0.0276614 0.0168406
24 0.7283238 0.3864013 0.0276614 0.0168406
7 0.7283238 0.5076538 0.0276614 0.0168407
6 0.7987346 0.5682801 0.0276614 0.0168406
28 0.6579131 0.5682801 0.0276613 0.0168406
20 0.7987346 0.5076538 0.0276614 0.0168407
6 0.5862451 0.3257750 0.0276614 0.0168407
8 0.7283238 0.4470276 0.0276614 0.0168406
24 0.6579131 0.4470276 0.0276613 0.0168406
1 0.5170917 0.6289064 0.0276614 0.0168406
11 0.3762703 0.5076538 0.0276613 0.0168407
3 0.6579131 0.3864013 0.0276613 0.0168406
11 0.4466810 0.6289064 0.0276613 0.0168406
