30 0.6506842 0.3690448 0.0270962 0.0171179
22 0.3747960 0.4306690 0.0270962 0.0171179
32 0.5835596 0.3741801 0.4988158 0.4382167
33 0.5823280 0.1847427 0.4520134 0.0159767
14 0.7196562 0.2457963 0.0270962 0.0171179
24 0.7886283 0.2457963 0.0270961 0.0171179
18 0.5804805 0.3074206 0.0270962 0.0171179
34 0.7886283 0.3068500 0.0640456 0.0616242
14 0.7886283 0.3074206 0.0270961 0.0171179
19 0.3747960 0.3690448 0.0270962 0.0171179
29 0.7886283 0.3690448 0.0270961 0.0171179
20 0.4437680 0.4306690 0.0270962 0.0171179
10 0.5127401 0.4306690 0.0270962 0.0171179
13 0.5804805 0.4306690 0.0270962 0.0171179
16 0.7886283 0.4306690 0.0270961 0.0171179
1 0.5127401 0.4922932 0.0270962 0.0171179
25 0.5804805 0.4922932 0.0270962 0.0171179
4 0.6506842 0.4922932 0.0270962 0.0171179
2 0.5804805 0.5539174 0.0270962 0.0171178
31 0.6506842 0.5539174 0.0270962 0.0171178
7 0.7196562 0.5539174 0.0270962 0.0171178
30 0.7886283 0.5539174 0.0270961 0.0171178
15 0.5127401 0.5539174 0.0270962 0.0171178
7 0.3747960 0.5539174 0.0270962 0.0171178
20 0.3747960 0.4922932 0.0270962 0.0171179
9 0.4437680 0.5539174 0.0270962 0.0171178
30 0.3747960 0.2457963 0.0270962 0.0171179
10 0.4437680 0.3690448 0.0270962 0.0171179
10 0.7196562 0.4922932 0.0270962 0.0171179
21 0.7886283 0.4922932 0.0270961 0.0171179
8 0.4437680 0.3074206 0.0270962 0.0171179
13 0.7196562 0.3074206 0.0270962 0.0171179
19 0.7196562 0.4306690 0.0270962 0.0171179
17 0.4437680 0.2457963 0.0270962 0.0171179
18 0.5127401 0.3690448 0.0270962 0.0171179
12 0.6506842 0.2457963 0.0270962 0.0171179
11 0.5804805 0.2457963 0.0270962 0.0171179
13 0.5127401 0.2457963 0.0270962 0.0171179
25 0.6506842 0.4306690 0.0270962 0.0171179
17 0.4437680 0.4922932 0.0270962 0.0171179
31 0.5804805 0.3690448 0.0270962 0.0171179
3 0.6506842 0.3074206 0.0270962 0.0171179
1 0.3747960 0.3074206 0.0270962 0.0171179
5 0.5127401 0.3074206 0.0270962 0.0171179
4 0.7196562 0.3690448 0.0270962 0.0171179
