6 0.4755137 0.7423644 0.0284591 0.0172224
31 0.6928372 0.4323628 0.0284591 0.0172223
32 0.5498952 0.5615302 0.5239050 0.4408912
33 0.5486017 0.3709366 0.4747486 0.0160742
34 0.3306313 0.4317888 0.0672668 0.0620003
3 0.3306313 0.4323628 0.0284591 0.0172223
16 0.4030724 0.4323628 0.0284591 0.0172223
4 0.4755137 0.4323628 0.0284591 0.0172223
30 0.4030724 0.4943632 0.0284591 0.0172223
14 0.3306313 0.5563635 0.0284591 0.0172223
23 0.4030724 0.5563635 0.0284591 0.0172223
31 0.6203960 0.5563635 0.0284590 0.0172223
9 0.4755137 0.6183639 0.0284591 0.0172223
17 0.6203960 0.6183639 0.0284590 0.0172223
19 0.6928372 0.6183639 0.0284591 0.0172223
7 0.3306313 0.6803641 0.0284591 0.0172224
10 0.4030724 0.6803641 0.0284591 0.0172224
6 0.4755137 0.6803641 0.0284591 0.0172224
11 0.7652785 0.6803641 0.0284591 0.0172224
3 0.5466613 0.7423644 0.0284591 0.0172224
13 0.6928372 0.7423644 0.0284591 0.0172224
20 0.7652785 0.7423644 0.0284591 0.0172224
21 0.5466613 0.5563635 0.0284591 0.0172223
4 0.5466613 0.4323628 0.0284591 0.0172223
27 0.5466613 0.6183639 0.0284591 0.0172223
26 0.3306313 0.7423644 0.0284591 0.0172224
15 0.4030724 0.6183639 0.0284591 0.0172223
2 0.6203960 0.7423644 0.0284590 0.0172224
22 0.5466613 0.6803641 0.0284591 0.0172224
31 0.7652785 0.4943632 0.0284591 0.0172223
26 0.5466613 0.4943632 0.0284591 0.0172223
22 0.6203960 0.4323628 0.0284590 0.0172223
3 0.4030724 0.7423644 0.0284591 0.0172224
6 0.6203960 0.6803641 0.0284590 0.0172224
8 0.3306313 0.6183639 0.0284591 0.0172223
6 0.6928372 0.6803641 0.0284591 0.0172224
1 0.7652785 0.5563635 0.0284591 0.0172223
12 0.7652785 0.4323628 0.0284591 0.0172223
30 0.6928372 0.5563635 0.0284591 0.0172223
16 0.3306313 0.4943632 0.0284591 0.0172223
13 0.4755137 0.4943632 0.0284591 0.0172223
25 0.7652785 0.6183639 0.0284591 0.0172223
29 0.6928372 0.4943632 0.0284591 0.0172223
2 0.6203960 0.4943632 0.0284590 0.0172223
31 0.4755137 0.5563635 0.0284591 0.0172223
