28 0.4994600 0.3690810 0.0283038 0.0174552
4 0.2833221 0.4947588 0.0283038 0.0174552
32 0.4293438 0.4999954 0.5210465 0.4468545
33 0.4280573 0.3068240 0.4721582 0.0162916
25 0.5715059 0.3690810 0.0283038 0.0174552
20 0.2112762 0.4319200 0.0283038 0.0174552
18 0.3553681 0.4319200 0.0283038 0.0174552
30 0.4261275 0.4319200 0.0283038 0.0174552
4 0.5715059 0.4319200 0.0283038 0.0174552
15 0.6435518 0.4319200 0.0283038 0.0174552
9 0.3553681 0.4947588 0.0283038 0.0174552
7 0.4261275 0.4947588 0.0283038 0.0174552
26 0.4994600 0.4947588 0.0283038 0.0174552
23 0.5715059 0.4947588 0.0283038 0.0174552
22 0.6435518 0.4947588 0.0283038 0.0174552
21 0.3553681 0.5575978 0.0283038 0.0174552
34 0.4261275 0.5570159 0.0668998 0.0628389
1 0.4261275 0.5575978 0.0283038 0.0174552
2 0.2112762 0.6204367 0.0283038 0.0174552
14 0.3553681 0.6204367 0.0283038 0.0174552
24 0.6435518 0.6204367 0.0283038 0.0174552
10 0.5715059 0.6832756 0.0283038 0.0174552
13 0.2112762 0.3690810 0.0283038 0.0174552
21 0.4994600 0.5575978 0.0283038 0.0174552
15 0.6435518 0.5575978 0.0283038 0.0174552
10 0.2112762 0.4947588 0.0283038 0.0174552
20 0.2833221 0.3690810 0.0283038 0.0174552
29 0.6435518 0.3690810 0.0283038 0.0174552
13 0.2112762 0.6832756 0.0283038 0.0174552
31 0.2833221 0.4319200 0.0283038 0.0174552
25 0.4994600 0.6204367 0.0283038 0.0174552
17 0.6435518 0.6832756 0.0283038 0.0174552
21 0.5715059 0.6204367 0.0283038 0.0174552
2 0.4261275 0.3690810 0.0283038 0.0174552
15 0.2833221 0.6204367 0.0283038 0.0174552
8 0.4994600 0.4319200 0.0283038 0.0174552
29 0.3553681 0.6832756 0.0283038 0.0174552
6 0.4261275 0.6832756 0.0283038 0.0174552
29 0.2833221 0.5575978 0.0283038 0.0174552
4 0.4994600 0.6832756 0.0283038 0.0174552
5 0.2833221 0.6832756 0.0283038 0.0174552
31 0.2112762 0.5575978 0.0283038 0.0174552
16 0.3553681 0.3690810 0.0283038 0.0174552
9 0.5715059 0.5575978 0.0283038 0.0174552
2 0.4261275 0.6204367 0.0283038 0.0174552
