3 0.4831103 0.3735595 0.0286314 0.0164716
10 0.4102304 0.5514523 0.0286314 0.0164716
32 0.6308221 0.4970962 0.5270775 0.4216718
33 0.6295207 0.3148110 0.4776233 0.0153735
5 0.5559901 0.3735595 0.0286314 0.0164716
10 0.8475095 0.3735595 0.0286314 0.0164716
19 0.5559901 0.4328571 0.0286314 0.0164715
6 0.7017499 0.4328571 0.0286314 0.0164715
34 0.8475095 0.4323081 0.0676741 0.0592976
27 0.8475095 0.4328571 0.0286314 0.0164715
4 0.4102304 0.4921547 0.0286314 0.0164716
7 0.8475095 0.4921547 0.0286314 0.0164716
24 0.5559901 0.5514523 0.0286314 0.0164716
1 0.7017499 0.5514523 0.0286314 0.0164716
12 0.7746297 0.5514523 0.0286314 0.0164716
29 0.4102304 0.6107499 0.0286314 0.0164716
20 0.5559901 0.6107499 0.0286314 0.0164716
11 0.7017499 0.6107499 0.0286314 0.0164716
2 0.7746297 0.6107499 0.0286314 0.0164716
3 0.8475095 0.6107499 0.0286314 0.0164716
25 0.4831103 0.6700475 0.0286314 0.0164716
9 0.7746297 0.6700475 0.0286314 0.0164716
6 0.7746297 0.4328571 0.0286314 0.0164715
5 0.5559901 0.4921547 0.0286314 0.0164716
20 0.4831103 0.4328571 0.0286314 0.0164715
2 0.4102304 0.4328571 0.0286314 0.0164715
16 0.4831103 0.5514523 0.0286314 0.0164716
12 0.5559901 0.6700475 0.0286314 0.0164716
31 0.7017499 0.4921547 0.0286314 0.0164716
4 0.7746297 0.3735595 0.0286314 0.0164716
21 0.7746297 0.4921547 0.0286314 0.0164716
20 0.4831103 0.4921547 0.0286314 0.0164716
31 0.6275686 0.6700475 0.0286314 0.0164716
27 0.7017499 0.6700475 0.0286314 0.0164716
17 0.6275686 0.6107499 0.0286314 0.0164716
28 0.6275686 0.4328571 0.0286314 0.0164715
13 0.8475095 0.5514523 0.0286314 0.0164716
25 0.6275686 0.4921547 0.0286314 0.0164716
5 0.8475095 0.6700475 0.0286314 0.0164716
17 0.6275686 0.3735595 0.0286314 0.0164716
5 0.4102304 0.6700475 0.0286314 0.0164716
3 0.7017499 0.3735595 0.0286314 0.0164716
12 0.4831103 0.6107499 0.0286314 0.0164716
14 0.6275686 0.5514523 0.0286314 0.0164716
7 0.4102304 0.3735595 0.0286314 0.0164716
