22 0.7463635 0.4648573 0.0273350 0.0173570
21 0.3288842 0.5898282 0.0273350 0.0173570
32 0.5394876 0.5950353 0.5032117 0.4443407
33 0.5382451 0.4029505 0.4559968 0.0161999
4 0.3984641 0.4648573 0.0273350 0.0173570
15 0.4680440 0.4648573 0.0273349 0.0173570
18 0.3984641 0.5273428 0.0273350 0.0173570
2 0.4680440 0.5273428 0.0273349 0.0173570
34 0.3978428 0.5892496 0.0633674 0.0624855
17 0.3984641 0.5898282 0.0273350 0.0173570
30 0.5363814 0.5898282 0.0273349 0.0173570
26 0.6072038 0.5898282 0.0273349 0.0173570
7 0.7463635 0.5898282 0.0273350 0.0173570
22 0.6072038 0.6523136 0.0273349 0.0173570
23 0.6767836 0.6523136 0.0273350 0.0173570
3 0.3984641 0.7147990 0.0273350 0.0173570
27 0.5363814 0.7147990 0.0273349 0.0173570
31 0.6072038 0.7147990 0.0273349 0.0173570
5 0.7463635 0.7147990 0.0273350 0.0173570
12 0.3984641 0.7772845 0.0273350 0.0173570
29 0.5363814 0.7772845 0.0273349 0.0173570
17 0.7463635 0.7772845 0.0273350 0.0173570
18 0.5363814 0.4648573 0.0273349 0.0173570
2 0.6767836 0.4648573 0.0273350 0.0173570
28 0.5363814 0.6523136 0.0273349 0.0173570
28 0.3288842 0.5273428 0.0273350 0.0173570
26 0.6767836 0.5273428 0.0273350 0.0173570
13 0.6767836 0.7147990 0.0273350 0.0173570
8 0.7463635 0.5273428 0.0273350 0.0173570
10 0.3288842 0.7147990 0.0273350 0.0173570
19 0.3288842 0.6523136 0.0273350 0.0173570
3 0.3984641 0.6523136 0.0273350 0.0173570
8 0.7463635 0.6523136 0.0273350 0.0173570
20 0.6767836 0.5898282 0.0273350 0.0173570
4 0.6072038 0.5273428 0.0273349 0.0173570
22 0.6072038 0.4648573 0.0273349 0.0173570
8 0.3288842 0.4648573 0.0273350 0.0173570
5 0.6072038 0.7772845 0.0273349 0.0173570
24 0.6767836 0.7772845 0.0273350 0.0173570
24 0.4680440 0.7772845 0.0273349 0.0173570
21 0.4680440 0.5898282 0.0273349 0.0173570
29 0.5363814 0.5273428 0.0273349 0.0173570
21 0.3288842 0.7772845 0.0273350 0.0173570
6 0.4680440 0.7147990 0.0273349 0.0173570
15 0.4680440 0.6523136 0.0273349 0.0173570
