19 0.4076572 0.5584267 0.0286826 0.0168481
2 0.4806675 0.3158132 0.0286826 0.0168482
32 0.2644263 0.4421744 0.5263527 0.4313128
33 0.2622886 0.2557214 0.4784780 0.0157250
22 0.1886265 0.3158132 0.0286826 0.0168482
1 0.2603330 0.3158132 0.0286826 0.0168482
2 0.3346470 0.3158132 0.0286826 0.0168482
11 0.1886265 0.3764666 0.0286826 0.0168482
15 0.2603330 0.3764666 0.0286826 0.0168482
14 0.4076572 0.3764666 0.0286826 0.0168482
10 0.4806675 0.3764666 0.0286826 0.0168482
18 0.0426059 0.4371200 0.0286826 0.0168481
34 0.1149643 0.4365584 0.0664915 0.0606533
21 0.1156162 0.4371200 0.0286826 0.0168481
30 0.1156162 0.4977733 0.0286826 0.0168481
3 0.1886265 0.4977733 0.0286826 0.0168481
19 0.0426059 0.5584267 0.0286826 0.0168481
12 0.2603330 0.5584267 0.0286826 0.0168481
31 0.1156162 0.6190801 0.0286826 0.0168481
16 0.2603330 0.6190801 0.0286826 0.0168481
17 0.3346470 0.6190801 0.0286826 0.0168481
23 0.4806675 0.6190801 0.0286826 0.0168481
11 0.1156162 0.3158132 0.0286826 0.0168482
30 0.0426059 0.6190801 0.0286826 0.0168481
12 0.1156162 0.5584267 0.0286826 0.0168481
27 0.4806675 0.4371200 0.0286826 0.0168481
20 0.1886265 0.6190801 0.0286826 0.0168481
2 0.4806675 0.4977733 0.0286826 0.0168481
26 0.3346470 0.5584267 0.0286826 0.0168481
22 0.4076572 0.6190801 0.0286826 0.0168481
6 0.1886265 0.4371200 0.0286826 0.0168481
26 0.2603330 0.4371200 0.0286826 0.0168481
22 0.4806675 0.5584267 0.0286826 0.0168481
25 0.0426059 0.3764666 0.0286826 0.0168482
14 0.3346470 0.4977733 0.0286826 0.0168481
12 0.3346470 0.3764666 0.0286826 0.0168482
4 0.4076572 0.3158132 0.0286826 0.0168482
7 0.4076572 0.4977733 0.0286826 0.0168481
19 0.0426059 0.4977733 0.0286826 0.0168481
31 0.3346470 0.4371200 0.0286826 0.0168481
14 0.2603330 0.4977733 0.0286826 0.0168481
24 0.1156162 0.3764666 0.0286826 0.0168482
21 0.1886265 0.5584267 0.0286826 0.0168481
1 0.4076572 0.4371200 0.0286826 0.0168481
28 0.0426059 0.3158132 0.0286826 0.0168482
