2 0.2035808 0.3400722 0.0277755 0.0162375
3 0.2035808 0.3985271 0.0277755 0.0162375
32 0.4175783 0.3449434 0.5113214 0.4156795
33 0.4163157 0.1652487 0.4633456 0.0151550
6 0.2035808 0.2231623 0.0277755 0.0162375
19 0.3449833 0.2231623 0.0277755 0.0162375
20 0.2035808 0.2816172 0.0277755 0.0162375
4 0.3449833 0.2816172 0.0277755 0.0162375
12 0.4144220 0.3400722 0.0277755 0.0162375
14 0.4863857 0.3400722 0.0277755 0.0162375
27 0.2742820 0.3985271 0.0277755 0.0162375
11 0.5570869 0.3985271 0.0277755 0.0162375
2 0.6277882 0.3985271 0.0277755 0.0162375
30 0.2035808 0.4569820 0.0277755 0.0162375
34 0.3449833 0.4564407 0.0656512 0.0584549
4 0.3449833 0.4569820 0.0277755 0.0162375
1 0.4863857 0.4569820 0.0277755 0.0162375
26 0.5570869 0.4569820 0.0277755 0.0162375
31 0.2742820 0.5154369 0.0277755 0.0162375
15 0.3449833 0.5154369 0.0277755 0.0162375
7 0.5570869 0.5154369 0.0277755 0.0162375
24 0.6277882 0.5154369 0.0277755 0.0162375
28 0.3449833 0.3985271 0.0277755 0.0162375
26 0.2742820 0.3400722 0.0277755 0.0162375
18 0.5570869 0.3400722 0.0277755 0.0162375
4 0.2742820 0.2816172 0.0277755 0.0162375
25 0.4144220 0.2816172 0.0277755 0.0162375
30 0.4863857 0.2231623 0.0277755 0.0162375
17 0.4144220 0.5154369 0.0277755 0.0162375
8 0.5570869 0.2231623 0.0277755 0.0162375
18 0.6277882 0.3400722 0.0277755 0.0162375
13 0.4863857 0.5154369 0.0277755 0.0162375
29 0.3449833 0.3400722 0.0277755 0.0162375
13 0.5570869 0.2816172 0.0277755 0.0162375
20 0.2742820 0.2231623 0.0277755 0.0162375
13 0.4863857 0.3985271 0.0277755 0.0162375
7 0.4144220 0.4569820 0.0277755 0.0162375
5 0.2035808 0.5154369 0.0277755 0.0162375
16 0.4144220 0.2231623 0.0277755 0.0162375
6 0.4144220 0.3985271 0.0277755 0.0162375
9 0.6277882 0.4569820 0.0277755 0.0162375
20 0.2742820 0.4569820 0.0277755 0.0162375
16 0.6277882 0.2816172 0.0277755 0.0162375
29 0.6277882 0.2231623 0.0277755 0.0162375
20 0.4863857 0.2816172 0.0277755 0.0162375
