5 0.3342473 0.6948363 0.0263646 0.0165137
16 0.4672688 0.5164881 0.0263646 0.0165137
32 0.4702648 0.5214422 0.4853487 0.4227514
33 0.4690664 0.3386903 0.4398098 0.0154128
23 0.4672688 0.3975892 0.0263646 0.0165137
26 0.5355772 0.3975892 0.0263646 0.0165137
7 0.6697971 0.3975892 0.0263646 0.0165137
13 0.2671374 0.4570386 0.0263646 0.0165137
6 0.3342473 0.4570386 0.0263646 0.0165137
18 0.4013573 0.4570386 0.0263646 0.0165137
24 0.5355772 0.4570386 0.0263646 0.0165137
29 0.6026871 0.4570386 0.0263646 0.0165137
10 0.6697971 0.4570386 0.0263646 0.0165137
2 0.2671374 0.5164881 0.0263646 0.0165137
14 0.4672688 0.5759375 0.0263646 0.0165137
20 0.3342473 0.6353868 0.0263646 0.0165137
34 0.4013573 0.6348364 0.0623164 0.0594494
24 0.4013573 0.6353868 0.0263646 0.0165137
4 0.5355772 0.6353868 0.0263646 0.0165137
15 0.6026871 0.6353868 0.0263646 0.0165137
30 0.6697971 0.6353868 0.0263646 0.0165137
11 0.2671374 0.6948363 0.0263646 0.0165137
29 0.5355772 0.5759375 0.0263646 0.0165137
21 0.2671374 0.6353868 0.0263646 0.0165137
8 0.6026871 0.3975892 0.0263646 0.0165137
16 0.2671374 0.5759375 0.0263646 0.0165137
5 0.6697971 0.5164881 0.0263646 0.0165137
31 0.4013573 0.5759375 0.0263646 0.0165137
29 0.4013573 0.6948363 0.0263646 0.0165137
20 0.4013573 0.5164881 0.0263646 0.0165137
15 0.5355772 0.6948363 0.0263646 0.0165137
19 0.3342473 0.5759375 0.0263646 0.0165137
1 0.2671374 0.3975892 0.0263646 0.0165137
4 0.4672688 0.4570386 0.0263646 0.0165137
26 0.6026871 0.5164881 0.0263646 0.0165137
15 0.6026871 0.5759375 0.0263646 0.0165137
7 0.4672688 0.6948363 0.0263646 0.0165137
30 0.4672688 0.6353868 0.0263646 0.0165137
30 0.6697971 0.5759375 0.0263646 0.0165137
16 0.4013573 0.3975892 0.0263646 0.0165137
6 0.6026871 0.6948363 0.0263646 0.0165137
17 0.5355772 0.5164881 0.0263646 0.0165137
22 0.6697971 0.6948363 0.0263646 0.0165137
28 0.3342473 0.3975892 0.0263646 0.0165137
12 0.3342473 0.5164881 0.0263646 0.0165137
