10 0.4307896 0.7877852 0.0282020 0.0168202
31 0.2167108 0.6061270 0.0282020 0.0168202
32 0.4339944 0.6111731 0.5191733 0.4305972
33 0.4327125 0.4250295 0.4704607 0.0156989
34 0.3602847 0.4844609 0.0666593 0.0605527
2 0.3602847 0.4850216 0.0282020 0.0168202
19 0.5756454 0.4850216 0.0282020 0.0168202
15 0.2884977 0.5455743 0.0282020 0.0168202
30 0.5038585 0.5455743 0.0282020 0.0168202
13 0.3602847 0.6061270 0.0282020 0.0168202
20 0.5756454 0.6061270 0.0282020 0.0168202
9 0.2167108 0.6666798 0.0282020 0.0168202
7 0.4307896 0.6666798 0.0282020 0.0168202
24 0.5756454 0.6666798 0.0282020 0.0168202
18 0.3602847 0.7272325 0.0282020 0.0168202
4 0.5038585 0.7272325 0.0282020 0.0168202
5 0.5756454 0.7272325 0.0282020 0.0168202
16 0.3602847 0.7877852 0.0282020 0.0168202
26 0.5038585 0.7877852 0.0282020 0.0168202
10 0.5756454 0.7877852 0.0282020 0.0168202
6 0.6474323 0.7877852 0.0282021 0.0168202
22 0.5038585 0.6061270 0.0282020 0.0168202
29 0.2884977 0.4850216 0.0282020 0.0168202
29 0.3602847 0.5455743 0.0282020 0.0168202
24 0.2167108 0.7877852 0.0282020 0.0168202
5 0.6474323 0.7272325 0.0282021 0.0168202
1 0.2884977 0.7877852 0.0282020 0.0168202
20 0.6474323 0.4850216 0.0282021 0.0168202
12 0.2167108 0.7272325 0.0282020 0.0168202
7 0.4307896 0.7272325 0.0282020 0.0168202
28 0.6474323 0.6061270 0.0282021 0.0168202
14 0.2884977 0.6666798 0.0282020 0.0168202
29 0.6474323 0.5455743 0.0282021 0.0168202
25 0.5756454 0.5455743 0.0282020 0.0168202
13 0.4307896 0.6061270 0.0282020 0.0168202
29 0.3602847 0.6666798 0.0282020 0.0168202
24 0.4307896 0.4850216 0.0282020 0.0168202
26 0.5038585 0.4850216 0.0282020 0.0168202
24 0.2167108 0.5455743 0.0282020 0.0168202
4 0.2167108 0.4850216 0.0282020 0.0168202
29 0.2884977 0.6061270 0.0282020 0.0168202
27 0.5038585 0.6666798 0.0282020 0.0168202
31 0.6474323 0.6666798 0.0282021 0.0168202
15 0.2884977 0.7272325 0.0282020 0.0168202
7 0.4307896 0.5455743 0.0282020 0.0168202
