3 0.3820201 0.7725039 0.0283969 0.0173526
6 0.2387449 0.6475651 0.0283969 0.0173526
32 0.3852470 0.5903015 0.5227607 0.4442268
33 0.3839563 0.3982659 0.4737115 0.0161958
27 0.1664620 0.4601569 0.0283969 0.0173526
25 0.3110279 0.4601569 0.0283969 0.0173526
19 0.3820201 0.4601569 0.0283969 0.0173526
3 0.4555938 0.4601569 0.0283969 0.0173526
17 0.5278768 0.4601569 0.0283969 0.0173526
20 0.2387449 0.5226263 0.0283969 0.0173526
9 0.4555938 0.5226263 0.0283969 0.0173526
15 0.5278768 0.5226263 0.0283969 0.0173526
34 0.1664620 0.5845173 0.0671199 0.0624693
24 0.1664620 0.5850958 0.0283969 0.0173526
11 0.3820201 0.5850958 0.0283969 0.0173526
14 0.6001598 0.6475651 0.0283969 0.0173526
12 0.5278768 0.7100345 0.0283969 0.0173526
2 0.1664620 0.7725039 0.0283969 0.0173526
16 0.3110279 0.7725039 0.0283969 0.0173526
7 0.4555938 0.7725039 0.0283969 0.0173526
4 0.5278768 0.7725039 0.0283969 0.0173526
9 0.6001598 0.5226263 0.0283969 0.0173526
27 0.1664620 0.5226263 0.0283969 0.0173526
27 0.4555938 0.6475651 0.0283969 0.0173526
21 0.2387449 0.4601569 0.0283969 0.0173526
10 0.4555938 0.7100345 0.0283969 0.0173526
26 0.3820201 0.6475651 0.0283969 0.0173526
27 0.1664620 0.6475651 0.0283969 0.0173526
12 0.2387449 0.7725039 0.0283969 0.0173526
1 0.6001598 0.7100345 0.0283969 0.0173526
8 0.3110279 0.5850958 0.0283969 0.0173526
9 0.1664620 0.7100345 0.0283969 0.0173526
9 0.6001598 0.7725039 0.0283969 0.0173526
18 0.4555938 0.5850958 0.0283969 0.0173526
26 0.3110279 0.6475651 0.0283969 0.0173526
5 0.3820201 0.7100345 0.0283969 0.0173526
28 0.6001598 0.5850958 0.0283969 0.0173526
14 0.3110279 0.7100345 0.0283969 0.0173526
15 0.6001598 0.4601569 0.0283969 0.0173526
24 0.2387449 0.7100345 0.0283969 0.0173526
25 0.3110279 0.5226263 0.0283969 0.0173526
22 0.5278768 0.6475651 0.0283969 0.0173526
1 0.5278768 0.5850958 0.0283969 0.0173526
4 0.2387449 0.5850958 0.0283969 0.0173526
28 0.3820201 0.5226263 0.0283969 0.0173526
