24 0.5684079 0.4397684 0.0278804 0.0173703
3 0.4974395 0.6273677 0.0278804 0.0173703
32 0.4283722 0.4449795 0.5132531 0.4446798
33 0.4271049 0.2527481 0.4650960 0.0162123
25 0.3555029 0.3147022 0.0278804 0.0173703
8 0.4974395 0.3147022 0.0278804 0.0173703
27 0.5684079 0.3147022 0.0278804 0.0173703
9 0.6393762 0.3147022 0.0278804 0.0173703
34 0.6393762 0.3766563 0.0658991 0.0625331
1 0.6393762 0.3772353 0.0278804 0.0173703
19 0.2135662 0.4397684 0.0278804 0.0173703
23 0.2845346 0.4397684 0.0278804 0.0173703
20 0.2135662 0.5023015 0.0278804 0.0173703
26 0.3555029 0.5023015 0.0278804 0.0173703
22 0.6393762 0.5023015 0.0278804 0.0173703
24 0.4252039 0.5648346 0.0278804 0.0173703
31 0.4974395 0.5648346 0.0278804 0.0173703
12 0.5684079 0.5648346 0.0278804 0.0173703
13 0.2135662 0.6273677 0.0278804 0.0173703
11 0.4252039 0.6273677 0.0278804 0.0173703
2 0.6393762 0.6273677 0.0278804 0.0173703
14 0.2845346 0.5023015 0.0278804 0.0173703
13 0.4974395 0.3772353 0.0278804 0.0173703
11 0.4974395 0.5023015 0.0278804 0.0173703
21 0.4252039 0.3147022 0.0278804 0.0173703
10 0.2845346 0.5648346 0.0278804 0.0173703
16 0.3555029 0.4397684 0.0278804 0.0173703
9 0.6393762 0.4397684 0.0278804 0.0173703
3 0.5684079 0.3772353 0.0278804 0.0173703
20 0.2135662 0.3772353 0.0278804 0.0173703
15 0.5684079 0.6273677 0.0278804 0.0173703
19 0.2845346 0.6273677 0.0278804 0.0173703
18 0.4974395 0.4397684 0.0278804 0.0173703
13 0.4252039 0.5023015 0.0278804 0.0173703
17 0.2135662 0.3147022 0.0278804 0.0173703
28 0.3555029 0.6273677 0.0278804 0.0173703
9 0.3555029 0.3772353 0.0278804 0.0173703
6 0.6393762 0.5648346 0.0278804 0.0173703
25 0.4252039 0.4397684 0.0278804 0.0173703
11 0.2845346 0.3147022 0.0278804 0.0173703
8 0.4252039 0.3772353 0.0278804 0.0173703
20 0.5684079 0.5023015 0.0278804 0.0173703
2 0.2845346 0.3772353 0.0278804 0.0173703
1 0.3555029 0.5648346 0.0278804 0.0173703
17 0.2135662 0.5648346 0.0278804 0.0173703
