30 0.3584299 0.5937321 0.0278141 0.0162181
1 0.4292296 0.3601907 0.0278142 0.0162182
32 0.5019257 0.4818269 0.5120332 0.4151848
33 0.5006614 0.3023459 0.4639906 0.0151369
7 0.4987650 0.3601907 0.0278142 0.0162182
34 0.5701968 0.3596501 0.0670068 0.0583853
22 0.5708289 0.3601907 0.0278141 0.0162182
3 0.6416286 0.3601907 0.0278142 0.0162182
29 0.2876303 0.4769614 0.0278141 0.0162182
31 0.3584299 0.4769614 0.0278141 0.0162182
23 0.5708289 0.4769614 0.0278141 0.0162182
10 0.7124282 0.4769614 0.0278142 0.0162182
22 0.2876303 0.5353467 0.0278141 0.0162181
8 0.4292296 0.5353467 0.0278142 0.0162181
5 0.7124282 0.5353467 0.0278142 0.0162181
27 0.4292296 0.5937321 0.0278142 0.0162181
1 0.4987650 0.5937321 0.0278142 0.0162181
17 0.5708289 0.5937321 0.0278141 0.0162181
2 0.4292296 0.6521174 0.0278142 0.0162181
14 0.4987650 0.6521174 0.0278142 0.0162181
30 0.6416286 0.6521174 0.0278142 0.0162181
5 0.3584299 0.6521174 0.0278141 0.0162181
5 0.6416286 0.5353467 0.0278142 0.0162181
17 0.4292296 0.4769614 0.0278142 0.0162182
6 0.6416286 0.4769614 0.0278142 0.0162182
1 0.5708289 0.4185760 0.0278141 0.0162182
18 0.7124282 0.6521174 0.0278142 0.0162181
7 0.2876303 0.4185760 0.0278141 0.0162182
1 0.7124282 0.3601907 0.0278142 0.0162182
17 0.5708289 0.5353467 0.0278141 0.0162181
5 0.5708289 0.6521174 0.0278141 0.0162181
19 0.2876303 0.6521174 0.0278141 0.0162181
21 0.4987650 0.5353467 0.0278142 0.0162181
11 0.3584299 0.4185760 0.0278141 0.0162182
11 0.2876303 0.5937321 0.0278141 0.0162181
31 0.3584299 0.3601907 0.0278141 0.0162182
21 0.4292296 0.4185760 0.0278142 0.0162182
9 0.7124282 0.4185760 0.0278142 0.0162182
25 0.4987650 0.4769614 0.0278142 0.0162182
4 0.2876303 0.3601907 0.0278141 0.0162182
24 0.6416286 0.5937321 0.0278142 0.0162181
10 0.6416286 0.4185760 0.0278142 0.0162182
17 0.3584299 0.5353467 0.0278141 0.0162181
3 0.4987650 0.4185760 0.0278142 0.0162182
6 0.7124282 0.5937321 0.0278142 0.0162181
