2 0.3310317 0.3458981 0.0272321 0.0161388
31 0.5389857 0.2296992 0.0272321 0.0161387
32 0.4715245 0.3507397 0.5013178 0.4131515
33 0.4702866 0.1721378 0.4542805 0.0150628
12 0.4684299 0.2296992 0.0272321 0.0161387
9 0.6083038 0.2296992 0.0272321 0.0161387
26 0.4684299 0.2877987 0.0272321 0.0161387
16 0.6083038 0.2877987 0.0272321 0.0161387
10 0.2617137 0.3458981 0.0272321 0.0161388
3 0.4684299 0.3458981 0.0272321 0.0161388
22 0.6776218 0.3458981 0.0272321 0.0161388
34 0.2617137 0.4034596 0.0643667 0.0580994
18 0.2617137 0.4039975 0.0272321 0.0161387
7 0.4003497 0.4039975 0.0272321 0.0161387
11 0.2617137 0.4620969 0.0272321 0.0161387
19 0.3310317 0.4620969 0.0272321 0.0161387
6 0.6083038 0.4620969 0.0272321 0.0161387
29 0.6776218 0.4620969 0.0272321 0.0161387
1 0.2617137 0.5201964 0.0272321 0.0161387
15 0.3310317 0.5201964 0.0272321 0.0161387
24 0.5389857 0.5201964 0.0272321 0.0161387
25 0.3310317 0.2877987 0.0272321 0.0161387
6 0.5389857 0.2877987 0.0272321 0.0161387
20 0.5389857 0.4039975 0.0272321 0.0161387
13 0.6083038 0.5201964 0.0272321 0.0161387
17 0.3310317 0.4039975 0.0272321 0.0161387
15 0.6083038 0.4039975 0.0272321 0.0161387
7 0.4003497 0.3458981 0.0272321 0.0161388
2 0.4003497 0.2296992 0.0272321 0.0161387
3 0.6776218 0.5201964 0.0272321 0.0161387
13 0.6776218 0.2877987 0.0272321 0.0161387
28 0.4003497 0.5201964 0.0272321 0.0161387
16 0.5389857 0.4620969 0.0272321 0.0161387
12 0.4684299 0.4620969 0.0272321 0.0161387
19 0.4003497 0.2877987 0.0272321 0.0161387
1 0.6776218 0.4039975 0.0272321 0.0161387
29 0.4684299 0.5201964 0.0272321 0.0161387
15 0.2617137 0.2877987 0.0272321 0.0161387
28 0.4684299 0.4039975 0.0272321 0.0161387
7 0.3310317 0.2296992 0.0272321 0.0161387
21 0.6776218 0.2296992 0.0272321 0.0161387
5 0.5389857 0.3458981 0.0272321 0.0161388
25 0.6083038 0.3458981 0.0272321 0.0161388
6 0.4003497 0.4620969 0.0272321 0.0161387
9 0.2617137 0.2296992 0.0272321 0.0161387
