15 0.4220615 0.4755650 0.0278402 0.0170997
29 0.4220615 0.6602420 0.0278402 0.0170997
32 0.3530938 0.4806949 0.5125124 0.4377529
33 0.3518284 0.2914580 0.4644248 0.0159597
19 0.3499302 0.3524470 0.0278402 0.0170997
6 0.5637934 0.3524470 0.0278402 0.0170997
20 0.2094638 0.4140060 0.0278402 0.0170997
34 0.3499302 0.4134360 0.0658040 0.0615590
29 0.3499302 0.4140060 0.0278402 0.0170997
14 0.4220615 0.4140060 0.0278402 0.0170997
4 0.4929275 0.4140060 0.0278402 0.0170997
9 0.3499302 0.4755650 0.0278402 0.0170997
13 0.1385979 0.5371240 0.0278402 0.0170997
23 0.3499302 0.5371240 0.0278402 0.0170997
21 0.4220615 0.5371240 0.0278402 0.0170997
2 0.2803297 0.5986830 0.0278402 0.0170997
24 0.4929275 0.5986830 0.0278402 0.0170997
30 0.1385979 0.6602420 0.0278402 0.0170997
17 0.2803297 0.6602420 0.0278402 0.0170997
15 0.4929275 0.6602420 0.0278402 0.0170997
12 0.5637934 0.6602420 0.0278402 0.0170997
1 0.1385979 0.5986830 0.0278402 0.0170997
29 0.1385979 0.4755650 0.0278402 0.0170997
17 0.5637934 0.5371240 0.0278402 0.0170997
29 0.5637934 0.4140060 0.0278402 0.0170997
31 0.2094638 0.6602420 0.0278402 0.0170997
30 0.2094638 0.5371240 0.0278402 0.0170997
25 0.2094638 0.4755650 0.0278402 0.0170997
18 0.4929275 0.4755650 0.0278402 0.0170997
13 0.4220615 0.3524470 0.0278402 0.0170997
14 0.4929275 0.3524470 0.0278402 0.0170997
18 0.2803297 0.3524470 0.0278402 0.0170997
8 0.2094638 0.5986830 0.0278402 0.0170997
9 0.3499302 0.6602420 0.0278402 0.0170997
1 0.5637934 0.5986830 0.0278402 0.0170997
2 0.1385979 0.3524470 0.0278402 0.0170997
13 0.2803297 0.5371240 0.0278402 0.0170997
19 0.2803297 0.4140060 0.0278402 0.0170997
2 0.2094638 0.3524470 0.0278402 0.0170997
31 0.4929275 0.5371240 0.0278402 0.0170997
2 0.2803297 0.4755650 0.0278402 0.0170997
26 0.5637934 0.4755650 0.0278402 0.0170997
13 0.3499302 0.5986830 0.0278402 0.0170997
8 0.1385979 0.4140060 0.0278402 0.0170997
19 0.4220615 0.5986830 0.0278402 0.0170997
