1 0.4721666 0.6550583 0.0274835 0.0171124
27 0.2622925 0.7782673 0.0274835 0.0171124
32 0.3341244 0.5985875 0.5059465 0.4380764
33 0.3328752 0.4092107 0.4584750 0.0159715
27 0.1923345 0.4702448 0.0274835 0.0171124
18 0.2622925 0.4702448 0.0274835 0.0171124
9 0.5421246 0.4702448 0.0274835 0.0171124
6 0.4022086 0.5318493 0.0274835 0.0171124
1 0.5421246 0.5318493 0.0274835 0.0171124
16 0.2622925 0.5934538 0.0274835 0.0171124
30 0.3310013 0.5934538 0.0274835 0.0171124
25 0.4022086 0.5934538 0.0274835 0.0171124
34 0.1223764 0.6544878 0.0649610 0.0616045
8 0.1223764 0.6550583 0.0274835 0.0171124
12 0.1923345 0.6550583 0.0274835 0.0171124
3 0.5421246 0.6550583 0.0274835 0.0171124
29 0.1923345 0.7166628 0.0274835 0.0171124
14 0.4721666 0.7166628 0.0274835 0.0171124
21 0.1223764 0.7782673 0.0274835 0.0171124
11 0.1923345 0.7782673 0.0274835 0.0171124
19 0.4022086 0.7782673 0.0274835 0.0171124
16 0.2622925 0.7166628 0.0274835 0.0171124
1 0.1223764 0.4702448 0.0274835 0.0171124
11 0.1223764 0.7166628 0.0274835 0.0171124
9 0.3310013 0.7166628 0.0274835 0.0171124
26 0.1923345 0.5318493 0.0274835 0.0171124
13 0.4022086 0.4702448 0.0274835 0.0171124
22 0.2622925 0.5318493 0.0274835 0.0171124
16 0.5421246 0.7166628 0.0274835 0.0171124
19 0.4721666 0.5318493 0.0274835 0.0171124
30 0.4022086 0.6550583 0.0274835 0.0171124
22 0.1223764 0.5934538 0.0274835 0.0171124
24 0.2622925 0.6550583 0.0274835 0.0171124
11 0.5421246 0.7782673 0.0274835 0.0171124
26 0.4721666 0.4702448 0.0274835 0.0171124
6 0.3310013 0.4702448 0.0274835 0.0171124
21 0.5421246 0.5934538 0.0274835 0.0171124
8 0.3310013 0.7782673 0.0274835 0.0171124
6 0.3310013 0.5318493 0.0274835 0.0171124
30 0.3310013 0.6550583 0.0274835 0.0171124
8 0.1223764 0.5318493 0.0274835 0.0171124
4 0.4721666 0.5934538 0.0274835 0.0171124
13 0.1923345 0.5934538 0.0274835 0.0171124
9 0.4022086 0.7166628 0.0274835 0.0171124
20 0.4721666 0.7782673 0.0274835 0.0171124
