31 0.3187267 0.5598081 0.0265216 0.0160630
18 0.5887647 0.3863286 0.0265216 0.0160629
32 0.4555540 0.3911474 0.4882383 0.4112107
33 0.4543485 0.2133845 0.4424284 0.0149921
2 0.4525402 0.2706755 0.0265216 0.0160629
14 0.5212552 0.2706755 0.0265216 0.0160629
30 0.5887647 0.2706755 0.0265216 0.0160629
34 0.3181240 0.3279666 0.0614819 0.0578265
14 0.3187267 0.3285021 0.0265216 0.0160629
23 0.3862362 0.3285021 0.0265216 0.0160629
1 0.5212552 0.3285021 0.0265216 0.0160629
21 0.5887647 0.3285021 0.0265216 0.0160629
17 0.5212552 0.3863286 0.0265216 0.0160629
15 0.6562742 0.3863286 0.0265216 0.0160629
8 0.3187267 0.4441551 0.0265216 0.0160630
13 0.4525402 0.4441551 0.0265216 0.0160630
11 0.5212552 0.4441551 0.0265216 0.0160630
5 0.2512172 0.5019816 0.0265216 0.0160629
3 0.5212552 0.5019816 0.0265216 0.0160629
24 0.6562742 0.5019816 0.0265216 0.0160629
16 0.2512172 0.5598081 0.0265216 0.0160630
12 0.5212552 0.5598081 0.0265216 0.0160630
26 0.6562742 0.3285021 0.0265216 0.0160629
19 0.2512172 0.3285021 0.0265216 0.0160629
25 0.5887647 0.5019816 0.0265216 0.0160629
16 0.3187267 0.2706755 0.0265216 0.0160629
1 0.5887647 0.4441551 0.0265216 0.0160630
29 0.3187267 0.3863286 0.0265216 0.0160629
22 0.2512172 0.3863286 0.0265216 0.0160629
13 0.3862362 0.2706755 0.0265216 0.0160629
27 0.3862362 0.5019816 0.0265216 0.0160629
1 0.2512172 0.2706755 0.0265216 0.0160629
26 0.3862362 0.4441551 0.0265216 0.0160630
27 0.3862362 0.3863286 0.0265216 0.0160629
28 0.2512172 0.4441551 0.0265216 0.0160630
29 0.4525402 0.5598081 0.0265216 0.0160630
18 0.3862362 0.5598081 0.0265216 0.0160630
19 0.5887647 0.5598081 0.0265216 0.0160630
21 0.4525402 0.3863286 0.0265216 0.0160629
13 0.3187267 0.5019816 0.0265216 0.0160629
17 0.4525402 0.5019816 0.0265216 0.0160629
16 0.6562742 0.4441551 0.0265216 0.0160630
19 0.4525402 0.3285021 0.0265216 0.0160629
15 0.6562742 0.5598081 0.0265216 0.0160630
2 0.6562742 0.2706755 0.0265216 0.0160629
