11 0.3231376 0.3938209 0.0268934 0.0170983
20 0.2546817 0.4553746 0.0268934 0.0170983
32 0.4618832 0.5220578 0.4950833 0.4377154
33 0.4606608 0.3328371 0.4486310 0.0159584
9 0.4588271 0.3938209 0.0268934 0.0170983
34 0.6654174 0.3932509 0.0635662 0.0615537
13 0.6654174 0.3938209 0.0268935 0.0170983
1 0.4588271 0.4553746 0.0268934 0.0170983
30 0.3915936 0.5169283 0.0268934 0.0170983
27 0.5285055 0.5169283 0.0268934 0.0170983
12 0.5285055 0.5784820 0.0268934 0.0170983
18 0.6654174 0.5784820 0.0268935 0.0170983
11 0.2546817 0.6400357 0.0268934 0.0170983
21 0.3231376 0.6400357 0.0268934 0.0170983
5 0.5285055 0.6400357 0.0268934 0.0170983
19 0.6654174 0.6400357 0.0268935 0.0170983
16 0.3231376 0.7015895 0.0268934 0.0170983
24 0.3915936 0.7015895 0.0268934 0.0170983
17 0.4588271 0.7015895 0.0268934 0.0170983
23 0.5969614 0.7015895 0.0268934 0.0170983
14 0.6654174 0.7015895 0.0268935 0.0170983
14 0.6654174 0.5169283 0.0268935 0.0170983
21 0.5285055 0.3938209 0.0268934 0.0170983
18 0.3231376 0.5169283 0.0268934 0.0170983
25 0.2546817 0.5169283 0.0268934 0.0170983
13 0.6654174 0.4553746 0.0268935 0.0170983
13 0.4588271 0.6400357 0.0268934 0.0170983
3 0.5285055 0.4553746 0.0268934 0.0170983
17 0.3915936 0.5784820 0.0268934 0.0170983
17 0.5969614 0.3938209 0.0268934 0.0170983
6 0.4588271 0.5169283 0.0268934 0.0170983
26 0.2546817 0.7015895 0.0268934 0.0170983
26 0.3915936 0.3938209 0.0268934 0.0170983
27 0.3915936 0.4553746 0.0268934 0.0170983
13 0.5285055 0.7015895 0.0268934 0.0170983
31 0.3231376 0.4553746 0.0268934 0.0170983
5 0.5969614 0.6400357 0.0268934 0.0170983
12 0.2546817 0.5784820 0.0268934 0.0170983
10 0.5969614 0.5784820 0.0268934 0.0170983
22 0.4588271 0.5784820 0.0268934 0.0170983
30 0.5969614 0.5169283 0.0268934 0.0170983
29 0.2546817 0.3938209 0.0268934 0.0170983
2 0.3915936 0.6400357 0.0268934 0.0170983
17 0.5969614 0.4553746 0.0268934 0.0170983
27 0.3231376 0.5784820 0.0268934 0.0170983
