21 0.4648631 0.4997978 0.0279762 0.0167126
5 0.8209236 0.4997978 0.0279762 0.0167126
32 0.6091947 0.5048116 0.5150160 0.4278420
33 0.6079231 0.3198591 0.4666935 0.0155984
1 0.3936510 0.3794673 0.0279762 0.0167126
29 0.5360752 0.3794673 0.0279762 0.0167126
30 0.6060157 0.3794673 0.0279762 0.0167126
18 0.7497115 0.3794673 0.0279762 0.0167126
7 0.8209236 0.3794673 0.0279762 0.0167126
31 0.5360752 0.4396325 0.0279762 0.0167126
5 0.6784994 0.4396325 0.0279762 0.0167126
11 0.5360752 0.4997978 0.0279762 0.0167126
12 0.3936510 0.5599631 0.0279762 0.0167126
3 0.6060157 0.5599631 0.0279762 0.0167126
34 0.4642273 0.6195713 0.0648539 0.0601653
14 0.4648631 0.6201284 0.0279762 0.0167126
13 0.5360752 0.6201284 0.0279762 0.0167126
9 0.5360752 0.6802936 0.0279762 0.0167126
26 0.6060157 0.6802936 0.0279762 0.0167126
27 0.7497115 0.6802936 0.0279762 0.0167126
22 0.8209236 0.6802936 0.0279762 0.0167126
6 0.8209236 0.5599631 0.0279762 0.0167126
21 0.6784994 0.4997978 0.0279762 0.0167126
16 0.3936510 0.4997978 0.0279762 0.0167126
20 0.4648631 0.3794673 0.0279762 0.0167126
24 0.4648631 0.6802936 0.0279762 0.0167126
27 0.4648631 0.5599631 0.0279762 0.0167126
20 0.8209236 0.4396325 0.0279762 0.0167126
26 0.3936510 0.6802936 0.0279762 0.0167126
25 0.6060157 0.6201284 0.0279762 0.0167126
7 0.3936510 0.4396325 0.0279762 0.0167126
24 0.7497115 0.4396325 0.0279762 0.0167126
2 0.7497115 0.4997978 0.0279762 0.0167126
22 0.4648631 0.4396325 0.0279762 0.0167126
27 0.6060157 0.4396325 0.0279762 0.0167126
6 0.5360752 0.5599631 0.0279762 0.0167126
6 0.6060157 0.4997978 0.0279762 0.0167126
27 0.6784994 0.5599631 0.0279762 0.0167126
28 0.6784994 0.6802936 0.0279762 0.0167126
7 0.3936510 0.6201284 0.0279762 0.0167126
18 0.6784994 0.3794673 0.0279762 0.0167126
27 0.7497115 0.5599631 0.0279762 0.0167126
26 0.7497115 0.6201284 0.0279762 0.0167126
6 0.6784994 0.6201284 0.0279762 0.0167126
7 0.8209236 0.6201284 0.0279762 0.0167126
