13 0.4750928 0.4615546 0.0279030 0.0172788
29 0.6894384 0.3371476 0.0279030 0.0172787
32 0.4782636 0.4667382 0.5136684 0.4423361
33 0.4769953 0.2755200 0.4654723 0.0161268
31 0.4053354 0.3371476 0.0279030 0.0172787
24 0.3343096 0.3993511 0.0279030 0.0172787
11 0.4053354 0.3993511 0.0279030 0.0172787
16 0.3343096 0.4615546 0.0279030 0.0172788
14 0.6184126 0.4615546 0.0279030 0.0172788
10 0.6894384 0.4615546 0.0279030 0.0172788
29 0.3343096 0.5237581 0.0279030 0.0172788
30 0.4053354 0.5237581 0.0279030 0.0172788
25 0.5473869 0.5237581 0.0279029 0.0172788
19 0.2632839 0.5859616 0.0279030 0.0172788
20 0.3343096 0.5859616 0.0279030 0.0172788
6 0.4750928 0.5859616 0.0279030 0.0172788
34 0.5467527 0.5853857 0.0672208 0.0622035
16 0.5473869 0.5859616 0.0279029 0.0172788
9 0.6894384 0.5859616 0.0279030 0.0172788
3 0.2632839 0.6481651 0.0279030 0.0172788
8 0.6894384 0.6481651 0.0279030 0.0172788
13 0.4750928 0.3371476 0.0279030 0.0172787
30 0.3343096 0.6481651 0.0279030 0.0172788
7 0.6184126 0.5237581 0.0279030 0.0172788
4 0.6184126 0.5859616 0.0279030 0.0172788
29 0.6894384 0.5237581 0.0279030 0.0172788
15 0.4053354 0.5859616 0.0279030 0.0172788
31 0.2632839 0.3371476 0.0279030 0.0172787
28 0.4750928 0.3993511 0.0279030 0.0172787
1 0.2632839 0.3993511 0.0279030 0.0172787
28 0.3343096 0.3371476 0.0279030 0.0172787
17 0.5473869 0.6481651 0.0279029 0.0172788
27 0.4750928 0.6481651 0.0279030 0.0172788
9 0.4053354 0.4615546 0.0279030 0.0172788
19 0.5473869 0.3993511 0.0279029 0.0172787
30 0.2632839 0.5237581 0.0279030 0.0172788
25 0.5473869 0.4615546 0.0279029 0.0172788
4 0.6184126 0.3993511 0.0279030 0.0172787
26 0.2632839 0.4615546 0.0279030 0.0172788
6 0.6184126 0.3371476 0.0279030 0.0172787
30 0.6894384 0.3993511 0.0279030 0.0172787
17 0.6184126 0.6481651 0.0279030 0.0172788
22 0.4750928 0.5237581 0.0279030 0.0172788
20 0.4053354 0.6481651 0.0279030 0.0172788
15 0.5473869 0.3371476 0.0279029 0.0172787
