25 0.5302445 0.6226633 0.0261372 0.0166968
9 0.3318390 0.4423373 0.0261373 0.0166968
32 0.5332147 0.5074551 0.4811633 0.4274394
33 0.5320266 0.3226766 0.4360170 0.0155837
1 0.3318390 0.3822287 0.0261373 0.0166968
2 0.4649014 0.3822287 0.0261373 0.0166968
18 0.6644950 0.3822287 0.0261372 0.0166968
31 0.7310262 0.3822287 0.0261372 0.0166968
30 0.3983702 0.4423373 0.0261373 0.0166968
16 0.4649014 0.4423373 0.0261373 0.0166968
11 0.6644950 0.4423373 0.0261372 0.0166968
24 0.4649014 0.5024460 0.0261373 0.0166968
6 0.5979638 0.5024460 0.0261372 0.0166968
27 0.7310262 0.5024460 0.0261372 0.0166968
29 0.3983702 0.5625547 0.0261373 0.0166968
12 0.4649014 0.5625547 0.0261373 0.0166968
7 0.6644950 0.5625547 0.0261372 0.0166968
5 0.3318390 0.6226633 0.0261373 0.0166968
20 0.6644950 0.6226633 0.0261372 0.0166968
34 0.7310262 0.6221068 0.0617790 0.0601086
21 0.7310262 0.6226633 0.0261372 0.0166968
2 0.5302445 0.6827721 0.0261372 0.0166968
4 0.4649014 0.6226633 0.0261373 0.0166968
3 0.3983702 0.5024460 0.0261373 0.0166968
21 0.5979638 0.3822287 0.0261372 0.0166968
2 0.7310262 0.5625547 0.0261372 0.0166968
7 0.3318390 0.6827721 0.0261373 0.0166968
9 0.6644950 0.5024460 0.0261372 0.0166968
30 0.7310262 0.6827721 0.0261372 0.0166968
7 0.3318390 0.5024460 0.0261373 0.0166968
22 0.3983702 0.6827721 0.0261373 0.0166968
13 0.3318390 0.5625547 0.0261373 0.0166968
19 0.7310262 0.4423373 0.0261372 0.0166968
28 0.5979638 0.6226633 0.0261372 0.0166968
27 0.5302445 0.4423373 0.0261372 0.0166968
11 0.5979638 0.5625547 0.0261372 0.0166968
13 0.5302445 0.5625547 0.0261372 0.0166968
5 0.3983702 0.3822287 0.0261373 0.0166968
22 0.5979638 0.4423373 0.0261372 0.0166968
16 0.5979638 0.6827721 0.0261372 0.0166968
12 0.6644950 0.6827721 0.0261372 0.0166968
26 0.3983702 0.6226633 0.0261373 0.0166968
13 0.5302445 0.3822287 0.0261372 0.0166968
31 0.5302445 0.5024460 0.0261372 0.0166968
6 0.4649014 0.6827721 0.0261373 0.0166968
