28 0.3273700 0.7038607 0.0282731 0.0171145
26 0.4713059 0.6422485 0.0282731 0.0171145
32 0.5452016 0.5241585 0.5204826 0.4381314
33 0.5439164 0.3347579 0.4716471 0.0159735
15 0.3273700 0.3957996 0.0282731 0.0171145
17 0.3993380 0.3957996 0.0282731 0.0171145
34 0.4713059 0.3952292 0.0668274 0.0616122
8 0.4713059 0.3957996 0.0282731 0.0171145
27 0.6152419 0.3957996 0.0282732 0.0171145
14 0.7591777 0.3957996 0.0282731 0.0171145
22 0.3273700 0.4574119 0.0282731 0.0171145
20 0.6152419 0.4574119 0.0282732 0.0171145
11 0.6872098 0.4574119 0.0282732 0.0171145
7 0.3273700 0.5190241 0.0282731 0.0171145
21 0.7591777 0.5190241 0.0282731 0.0171145
24 0.4713059 0.5806363 0.0282731 0.0171145
31 0.5419888 0.5806363 0.0282732 0.0171145
12 0.6152419 0.5806363 0.0282732 0.0171145
13 0.5419888 0.6422485 0.0282732 0.0171145
3 0.6872098 0.6422485 0.0282732 0.0171145
2 0.5419888 0.7038607 0.0282732 0.0171145
21 0.3993380 0.5190241 0.0282731 0.0171145
13 0.6152419 0.5190241 0.0282732 0.0171145
21 0.6872098 0.7038607 0.0282732 0.0171145
6 0.6872098 0.5190241 0.0282732 0.0171145
31 0.7591777 0.4574119 0.0282731 0.0171145
26 0.5419888 0.3957996 0.0282732 0.0171145
2 0.3993380 0.4574119 0.0282731 0.0171145
31 0.7591777 0.5806363 0.0282731 0.0171145
19 0.6872098 0.3957996 0.0282732 0.0171145
22 0.4713059 0.7038607 0.0282731 0.0171145
14 0.6872098 0.5806363 0.0282732 0.0171145
29 0.4713059 0.5190241 0.0282731 0.0171145
8 0.3993380 0.7038607 0.0282731 0.0171145
20 0.5419888 0.5190241 0.0282732 0.0171145
28 0.7591777 0.6422485 0.0282731 0.0171145
4 0.3993380 0.6422485 0.0282731 0.0171145
3 0.3993380 0.5806363 0.0282731 0.0171145
20 0.6152419 0.6422485 0.0282732 0.0171145
26 0.4713059 0.4574119 0.0282731 0.0171145
5 0.3273700 0.6422485 0.0282731 0.0171145
28 0.5419888 0.4574119 0.0282732 0.0171145
22 0.3273700 0.5806363 0.0282731 0.0171145
7 0.6152419 0.7038607 0.0282732 0.0171145
14 0.7591777 0.7038607 0.0282731 0.0171145
