26 0.0333702 0.5810485 0.0283731 0.0167409
24 0.1778149 0.4605144 0.0283731 0.0167409
32 0.2571916 0.4052696 0.5118832 0.4285657
33 0.2506822 0.2200042 0.4733146 0.0156248
14 0.0333702 0.2797132 0.0283731 0.0167409
20 0.1778149 0.2797132 0.0283731 0.0167409
22 0.3222597 0.2797132 0.0283731 0.0167409
24 0.3944821 0.2797132 0.0283731 0.0167409
3 0.1055926 0.3399803 0.0283731 0.0167408
34 0.3216149 0.3394223 0.0683533 0.0602671
18 0.3222597 0.3399803 0.0283731 0.0167408
6 0.3944821 0.4002473 0.0283731 0.0167409
21 0.1055926 0.4605144 0.0283731 0.0167409
31 0.2487477 0.4605144 0.0283731 0.0167409
12 0.3222597 0.4605144 0.0283731 0.0167409
18 0.1055926 0.5207815 0.0283731 0.0167409
7 0.1778149 0.5207815 0.0283731 0.0167409
4 0.2487477 0.5207815 0.0283731 0.0167409
5 0.3944821 0.5207815 0.0283731 0.0167409
16 0.1055926 0.5810485 0.0283731 0.0167409
9 0.3944821 0.5810485 0.0283731 0.0167409
25 0.3944821 0.4605144 0.0283731 0.0167409
26 0.3222597 0.5207815 0.0283731 0.0167409
26 0.3222597 0.4002473 0.0283731 0.0167409
25 0.4667045 0.4605144 0.0283731 0.0167409
31 0.0333702 0.5207815 0.0283731 0.0167409
26 0.1778149 0.3399803 0.0283731 0.0167408
12 0.1055926 0.2797132 0.0283731 0.0167409
30 0.1778149 0.5810485 0.0283731 0.0167409
12 0.2487477 0.5810485 0.0283731 0.0167409
9 0.3944821 0.3399803 0.0283731 0.0167408
25 0.0333702 0.4605144 0.0283731 0.0167409
18 0.0333702 0.4002473 0.0283731 0.0167409
3 0.4667045 0.5207815 0.0283731 0.0167409
24 0.1778149 0.4002473 0.0283731 0.0167409
5 0.4667045 0.2797132 0.0283731 0.0167409
29 0.2487477 0.4002473 0.0283731 0.0167409
17 0.3222597 0.5810485 0.0283731 0.0167409
9 0.2487477 0.3399803 0.0283731 0.0167408
13 0.4667045 0.3399803 0.0283731 0.0167408
31 0.1055926 0.4002473 0.0283731 0.0167409
25 0.4667045 0.4002473 0.0283731 0.0167409
28 0.0333702 0.3399803 0.0283731 0.0167408
5 0.4667045 0.5810485 0.0283731 0.0167409
19 0.2487477 0.2797132 0.0283731 0.0167409
