12 0.5755536 0.4920375 0.0270630 0.0163529
31 0.1622277 0.6097780 0.0270630 0.0163529
32 0.3707359 0.4380732 0.4982053 0.4186326
33 0.3695057 0.2571018 0.4514601 0.0152627
9 0.1622277 0.3154269 0.0270630 0.0163528
18 0.3676605 0.3154269 0.0270630 0.0163528
4 0.4377783 0.3154269 0.0270630 0.0163528
20 0.5066660 0.3154269 0.0270630 0.0163528
14 0.5755536 0.3154269 0.0270630 0.0163528
11 0.1622277 0.3742971 0.0270630 0.0163528
27 0.5755536 0.3742971 0.0270630 0.0163528
12 0.3676605 0.4331673 0.0270630 0.0163528
23 0.4377783 0.4331673 0.0270630 0.0163528
6 0.2311154 0.4920375 0.0270630 0.0163529
25 0.3676605 0.4920375 0.0270630 0.0163529
29 0.4377783 0.4920375 0.0270630 0.0163529
1 0.3676605 0.5509077 0.0270630 0.0163528
30 0.4377783 0.5509077 0.0270630 0.0163528
34 0.5060509 0.5503627 0.0627370 0.0588702
29 0.5066660 0.5509077 0.0270630 0.0163528
19 0.4377783 0.6097780 0.0270630 0.0163529
28 0.3676605 0.3742971 0.0270630 0.0163528
29 0.2311154 0.4331673 0.0270630 0.0163528
11 0.5066660 0.4331673 0.0270630 0.0163528
11 0.1622277 0.4331673 0.0270630 0.0163528
29 0.3000030 0.3742971 0.0270630 0.0163528
22 0.5755536 0.4331673 0.0270630 0.0163528
2 0.3000030 0.4920375 0.0270630 0.0163529
2 0.2311154 0.6097780 0.0270630 0.0163529
22 0.1622277 0.4920375 0.0270630 0.0163529
20 0.3000030 0.3154269 0.0270630 0.0163528
6 0.1622277 0.5509077 0.0270630 0.0163528
27 0.3000030 0.5509077 0.0270630 0.0163528
26 0.5066660 0.6097780 0.0270630 0.0163529
27 0.2311154 0.5509077 0.0270630 0.0163528
14 0.2311154 0.3154269 0.0270630 0.0163528
12 0.3000030 0.4331673 0.0270630 0.0163528
29 0.2311154 0.3742971 0.0270630 0.0163528
17 0.5755536 0.6097780 0.0270630 0.0163529
19 0.3676605 0.6097780 0.0270630 0.0163529
29 0.5066660 0.4920375 0.0270630 0.0163529
19 0.5755536 0.5509077 0.0270630 0.0163528
18 0.3000030 0.6097780 0.0270630 0.0163529
9 0.4377783 0.3742971 0.0270630 0.0163528
11 0.5066660 0.3742971 0.0270630 0.0163528
