16 0.3736167 0.6485295 0.0269614 0.0159155
15 0.6481329 0.5912337 0.0269614 0.0159155
32 0.5813422 0.4814166 0.4963351 0.4074374
33 0.5801167 0.3052848 0.4497655 0.0148545
7 0.3736167 0.3620501 0.0269614 0.0159155
8 0.5108748 0.3620501 0.0269614 0.0159155
26 0.5782784 0.3620501 0.0269614 0.0159155
31 0.4422458 0.4193460 0.0269614 0.0159155
5 0.5108748 0.4193460 0.0269614 0.0159155
29 0.6481329 0.4193460 0.0269614 0.0159155
4 0.7853911 0.4193460 0.0269614 0.0159155
34 0.3736167 0.4761114 0.0637270 0.0572959
22 0.3736167 0.4766418 0.0269614 0.0159155
24 0.4422458 0.4766418 0.0269614 0.0159155
2 0.5108748 0.4766418 0.0269614 0.0159155
20 0.7167619 0.4766418 0.0269614 0.0159155
19 0.5782784 0.5339378 0.0269614 0.0159155
18 0.6481329 0.5339378 0.0269614 0.0159155
11 0.7167619 0.5339378 0.0269614 0.0159155
16 0.7853911 0.5912337 0.0269614 0.0159155
25 0.7853911 0.6485295 0.0269614 0.0159155
5 0.7853911 0.5339378 0.0269614 0.0159155
8 0.6481329 0.6485295 0.0269614 0.0159155
21 0.3736167 0.4193460 0.0269614 0.0159155
18 0.7853911 0.3620501 0.0269614 0.0159155
17 0.3736167 0.5339378 0.0269614 0.0159155
9 0.5782784 0.6485295 0.0269614 0.0159155
30 0.5782784 0.4766418 0.0269614 0.0159155
10 0.7167619 0.3620501 0.0269614 0.0159155
15 0.4422458 0.6485295 0.0269614 0.0159155
15 0.4422458 0.5912337 0.0269614 0.0159155
15 0.5782784 0.4193460 0.0269614 0.0159155
20 0.7167619 0.6485295 0.0269614 0.0159155
17 0.5782784 0.5912337 0.0269614 0.0159155
21 0.3736167 0.5912337 0.0269614 0.0159155
4 0.7167619 0.4193460 0.0269614 0.0159155
4 0.7167619 0.5912337 0.0269614 0.0159155
11 0.6481329 0.3620501 0.0269614 0.0159155
22 0.5108748 0.6485295 0.0269614 0.0159155
26 0.5108748 0.5339378 0.0269614 0.0159155
19 0.4422458 0.5339378 0.0269614 0.0159155
20 0.5108748 0.5912337 0.0269614 0.0159155
28 0.7853911 0.4766418 0.0269614 0.0159155
12 0.6481329 0.4766418 0.0269614 0.0159155
30 0.4422458 0.3620501 0.0269614 0.0159155
