5 0.4227224 0.2430507 0.0268755 0.0160387
25 0.4899111 0.2430507 0.0268755 0.0160387
32 0.4929652 0.3633413 0.4947537 0.4105919
33 0.4917435 0.1858458 0.4483324 0.0149695
29 0.2859016 0.2430507 0.0268755 0.0160387
22 0.3543120 0.2430507 0.0268755 0.0160387
1 0.6279535 0.2430507 0.0268755 0.0160387
26 0.5595431 0.3007901 0.0268755 0.0160388
21 0.6963639 0.3007901 0.0268755 0.0160388
31 0.4227224 0.3585296 0.0268755 0.0160388
30 0.6279535 0.3585296 0.0268755 0.0160388
23 0.3543120 0.4162691 0.0268755 0.0160388
19 0.4899111 0.4162691 0.0268755 0.0160388
10 0.6279535 0.4162691 0.0268755 0.0160388
34 0.3537012 0.4734740 0.0623023 0.0577395
20 0.3543120 0.4740086 0.0268755 0.0160388
6 0.4227224 0.4740086 0.0268755 0.0160388
18 0.5595431 0.4740086 0.0268755 0.0160388
7 0.3543120 0.5317481 0.0268755 0.0160388
3 0.4899111 0.5317481 0.0268755 0.0160388
14 0.5595431 0.5317481 0.0268755 0.0160388
25 0.5595431 0.2430507 0.0268755 0.0160387
18 0.3543120 0.3585296 0.0268755 0.0160388
2 0.6963639 0.4162691 0.0268755 0.0160388
11 0.4227224 0.3007901 0.0268755 0.0160388
24 0.4227224 0.4162691 0.0268755 0.0160388
25 0.6279535 0.3007901 0.0268755 0.0160388
15 0.6279535 0.4740086 0.0268755 0.0160388
19 0.2859016 0.3585296 0.0268755 0.0160388
3 0.2859016 0.5317481 0.0268755 0.0160388
7 0.4899111 0.4740086 0.0268755 0.0160388
24 0.2859016 0.3007901 0.0268755 0.0160388
18 0.4899111 0.3007901 0.0268755 0.0160388
28 0.6963639 0.4740086 0.0268755 0.0160388
15 0.2859016 0.4162691 0.0268755 0.0160388
6 0.6963639 0.2430507 0.0268755 0.0160387
30 0.2859016 0.4740086 0.0268755 0.0160388
13 0.6963639 0.3585296 0.0268755 0.0160388
12 0.6963639 0.5317481 0.0268755 0.0160388
30 0.6279535 0.5317481 0.0268755 0.0160388
22 0.4227224 0.5317481 0.0268755 0.0160388
26 0.3543120 0.3007901 0.0268755 0.0160388
4 0.5595431 0.3585296 0.0268755 0.0160388
22 0.5595431 0.4162691 0.0268755 0.0160388
12 0.4899111 0.3585296 0.0268755 0.0160388
