26 0.2724538 0.5525807 0.0268363 0.0165241
11 0.4090748 0.3741201 0.0268362 0.0165241
32 0.3425941 0.4385642 0.4940312 0.4230176
33 0.3413743 0.2556972 0.4476777 0.0154225
9 0.2724538 0.3146333 0.0268363 0.0165241
15 0.4773853 0.3146333 0.0268363 0.0165241
3 0.5456958 0.3146333 0.0268362 0.0165241
2 0.1358329 0.3741201 0.0268363 0.0165241
26 0.5456958 0.3741201 0.0268362 0.0165241
30 0.2724538 0.4336070 0.0268363 0.0165241
23 0.3395445 0.4336070 0.0268362 0.0165241
17 0.5456958 0.4336070 0.0268362 0.0165241
19 0.1358329 0.4930938 0.0268363 0.0165242
34 0.3395445 0.4925430 0.0634311 0.0594868
6 0.3395445 0.4930938 0.0268362 0.0165242
24 0.2041434 0.5525807 0.0268362 0.0165241
14 0.3395445 0.5525807 0.0268362 0.0165241
6 0.4090748 0.5525807 0.0268362 0.0165241
7 0.5456958 0.5525807 0.0268362 0.0165241
31 0.1358329 0.6120675 0.0268363 0.0165241
22 0.2041434 0.6120675 0.0268362 0.0165241
6 0.3395445 0.3146333 0.0268362 0.0165241
15 0.2041434 0.3741201 0.0268362 0.0165241
1 0.4090748 0.6120675 0.0268362 0.0165241
16 0.5456958 0.4930938 0.0268362 0.0165242
22 0.1358329 0.5525807 0.0268363 0.0165241
31 0.4773853 0.4336070 0.0268363 0.0165241
14 0.4773853 0.6120675 0.0268363 0.0165241
11 0.2041434 0.3146333 0.0268362 0.0165241
17 0.4773853 0.5525807 0.0268363 0.0165241
17 0.4773853 0.4930938 0.0268363 0.0165242
15 0.2724538 0.3741201 0.0268363 0.0165241
14 0.4090748 0.3146333 0.0268362 0.0165241
5 0.4090748 0.4930938 0.0268362 0.0165242
14 0.3395445 0.3741201 0.0268362 0.0165241
13 0.2724538 0.6120675 0.0268363 0.0165241
24 0.4090748 0.4336070 0.0268362 0.0165241
3 0.3395445 0.6120675 0.0268362 0.0165241
31 0.1358329 0.4336070 0.0268363 0.0165241
9 0.5456958 0.6120675 0.0268362 0.0165241
2 0.1358329 0.3146333 0.0268363 0.0165241
26 0.2041434 0.4930938 0.0268362 0.0165242
7 0.2041434 0.4336070 0.0268362 0.0165241
2 0.4773853 0.3741201 0.0268363 0.0165241
7 0.2724538 0.4930938 0.0268363 0.0165242
