1 0.2463098 0.5420131 0.0265773 0.0166627
17 0.3804042 0.4820275 0.0265773 0.0166627
32 0.3834244 0.3670550 0.4892633 0.4265645
33 0.3822163 0.1826548 0.4433571 0.0155518
34 0.1786586 0.2415295 0.0628190 0.0599856
30 0.1786586 0.2420850 0.0265773 0.0166627
31 0.3139611 0.2420850 0.0265772 0.0166627
27 0.4492635 0.2420850 0.0265773 0.0166627
15 0.5845660 0.2420850 0.0265773 0.0166627
30 0.1786586 0.3020706 0.0265773 0.0166627
23 0.5169147 0.3020706 0.0265773 0.0166627
8 0.2463098 0.3620562 0.0265773 0.0166627
5 0.2463098 0.4220419 0.0265773 0.0166627
14 0.3139611 0.4220419 0.0265772 0.0166627
4 0.3804042 0.4220419 0.0265773 0.0166627
29 0.4492635 0.4220419 0.0265773 0.0166627
6 0.5845660 0.4220419 0.0265773 0.0166627
17 0.4492635 0.4820275 0.0265773 0.0166627
20 0.5169147 0.4820275 0.0265773 0.0166627
21 0.1786586 0.5420131 0.0265773 0.0166627
18 0.3139611 0.5420131 0.0265772 0.0166627
3 0.3804042 0.3020706 0.0265773 0.0166627
22 0.2463098 0.2420850 0.0265773 0.0166627
25 0.5845660 0.3020706 0.0265773 0.0166627
25 0.5845660 0.4820275 0.0265773 0.0166627
22 0.5169147 0.4220419 0.0265773 0.0166627
10 0.5169147 0.3620562 0.0265773 0.0166627
2 0.1786586 0.4820275 0.0265773 0.0166627
25 0.3139611 0.3620562 0.0265772 0.0166627
3 0.3139611 0.3020706 0.0265772 0.0166627
14 0.5845660 0.5420131 0.0265773 0.0166627
16 0.3804042 0.3620562 0.0265773 0.0166627
17 0.3139611 0.4820275 0.0265772 0.0166627
21 0.5169147 0.5420131 0.0265773 0.0166627
10 0.5169147 0.2420850 0.0265773 0.0166627
17 0.3804042 0.2420850 0.0265773 0.0166627
8 0.3804042 0.5420131 0.0265773 0.0166627
6 0.4492635 0.3620562 0.0265773 0.0166627
11 0.1786586 0.3620562 0.0265773 0.0166627
4 0.1786586 0.4220419 0.0265773 0.0166627
18 0.2463098 0.4820275 0.0265773 0.0166627
13 0.4492635 0.3020706 0.0265773 0.0166627
2 0.5845660 0.3620562 0.0265773 0.0166627
9 0.4492635 0.5420131 0.0265773 0.0166627
28 0.2463098 0.3020706 0.0265773 0.0166627
