27 0.1392758 0.6177418 0.0270854 0.0159347
21 0.0703312 0.5603769 0.0270854 0.0159347
32 0.2790118 0.6225222 0.4986174 0.4079280
33 0.2777806 0.4461783 0.4518336 0.0148724
13 0.0703312 0.5030120 0.0270854 0.0159347
34 0.4144388 0.5024809 0.0627889 0.0573649
21 0.4150543 0.5030120 0.0270854 0.0159347
17 0.2082204 0.5603769 0.0270854 0.0159347
26 0.2759339 0.5603769 0.0270854 0.0159347
25 0.4839989 0.5603769 0.0270854 0.0159347
8 0.0703312 0.6177418 0.0270854 0.0159347
19 0.4839989 0.6177418 0.0270854 0.0159347
11 0.0703312 0.6751067 0.0270854 0.0159347
22 0.1392758 0.6751067 0.0270854 0.0159347
18 0.2082204 0.6751067 0.0270854 0.0159347
27 0.4839989 0.6751067 0.0270854 0.0159347
2 0.0703312 0.7324715 0.0270854 0.0159348
15 0.2759339 0.7324715 0.0270854 0.0159348
9 0.4150543 0.7324715 0.0270854 0.0159348
4 0.2759339 0.7898364 0.0270854 0.0159347
23 0.4839989 0.7898364 0.0270854 0.0159347
9 0.3461097 0.7898364 0.0270854 0.0159347
17 0.1392758 0.5603769 0.0270854 0.0159347
16 0.2082204 0.7898364 0.0270854 0.0159347
8 0.2759339 0.6177418 0.0270854 0.0159347
14 0.1392758 0.7898364 0.0270854 0.0159347
24 0.2759339 0.6751067 0.0270854 0.0159347
22 0.3461097 0.5030120 0.0270854 0.0159347
28 0.3461097 0.7324715 0.0270854 0.0159348
25 0.1392758 0.5030120 0.0270854 0.0159347
16 0.2082204 0.7324715 0.0270854 0.0159348
24 0.4150543 0.6177418 0.0270854 0.0159347
31 0.0703312 0.7898364 0.0270854 0.0159347
26 0.3461097 0.6751067 0.0270854 0.0159347
20 0.2082204 0.5030120 0.0270854 0.0159347
30 0.3461097 0.5603769 0.0270854 0.0159347
8 0.2759339 0.5030120 0.0270854 0.0159347
31 0.4839989 0.5030120 0.0270854 0.0159347
6 0.2082204 0.6177418 0.0270854 0.0159347
18 0.3461097 0.6177418 0.0270854 0.0159347
28 0.4150543 0.5603769 0.0270854 0.0159347
11 0.4150543 0.7898364 0.0270854 0.0159347
17 0.1392758 0.7324715 0.0270854 0.0159348
5 0.4150543 0.6751067 0.0270854 0.0159347
6 0.4839989 0.7324715 0.0270854 0.0159348
