13 0.4513634 0.3101846 0.0287406 0.0169583
22 0.3063541 0.3712347 0.0287406 0.0169584
32 0.4546294 0.4373723 0.5290883 0.4341342
33 0.4533231 0.2496997 0.4794455 0.0158278
12 0.2331962 0.3101846 0.0287406 0.0169583
21 0.5258278 0.3101846 0.0287406 0.0169583
27 0.2331962 0.3712347 0.0287406 0.0169584
3 0.5258278 0.3712347 0.0287406 0.0169584
5 0.6721436 0.3712347 0.0287406 0.0169584
9 0.2331962 0.4322848 0.0287406 0.0169583
4 0.3795119 0.4322848 0.0287406 0.0169583
17 0.5989856 0.4322848 0.0287406 0.0169583
34 0.3057009 0.4927697 0.0666259 0.0610501
5 0.3063541 0.4933349 0.0287406 0.0169583
14 0.4513634 0.4933349 0.0287406 0.0169583
6 0.2331962 0.5543851 0.0287406 0.0169583
26 0.3063541 0.5543851 0.0287406 0.0169583
23 0.3795119 0.5543851 0.0287406 0.0169583
8 0.5258278 0.5543851 0.0287406 0.0169583
2 0.5989856 0.5543851 0.0287406 0.0169583
11 0.4513634 0.6154352 0.0287406 0.0169584
18 0.2331962 0.4933349 0.0287406 0.0169583
28 0.4513634 0.3712347 0.0287406 0.0169584
11 0.4513634 0.5543851 0.0287406 0.0169583
9 0.5258278 0.4933349 0.0287406 0.0169583
14 0.3795119 0.4933349 0.0287406 0.0169583
28 0.3063541 0.4322848 0.0287406 0.0169583
6 0.5989856 0.6154352 0.0287406 0.0169584
8 0.5989856 0.4933349 0.0287406 0.0169583
30 0.3795119 0.3101846 0.0287406 0.0169583
28 0.5258278 0.6154352 0.0287406 0.0169584
15 0.3063541 0.6154352 0.0287406 0.0169584
27 0.4513634 0.4322848 0.0287406 0.0169583
8 0.5989856 0.3101846 0.0287406 0.0169583
30 0.5989856 0.3712347 0.0287406 0.0169584
4 0.6721436 0.6154352 0.0287406 0.0169584
19 0.3063541 0.3101846 0.0287406 0.0169583
20 0.6721436 0.4933349 0.0287406 0.0169583
25 0.6721436 0.3101846 0.0287406 0.0169583
9 0.6721436 0.4322848 0.0287406 0.0169583
6 0.3795119 0.3712347 0.0287406 0.0169584
4 0.5258278 0.4322848 0.0287406 0.0169583
9 0.3795119 0.6154352 0.0287406 0.0169584
12 0.2331962 0.6154352 0.0287406 0.0169584
12 0.6721436 0.5543851 0.0287406 0.0169583
