2 0.7208514 0.5970989 0.0277422 0.0171049
7 0.5077406 0.4123660 0.0277422 0.0171049
32 0.5108931 0.4790751 0.5107096 0.4378852
33 0.5096321 0.2897810 0.4627911 0.0159646
8 0.3677683 0.3507884 0.0277422 0.0171049
14 0.4383850 0.3507884 0.0277422 0.0171049
15 0.4383850 0.4123660 0.0277422 0.0171049
7 0.5796182 0.4123660 0.0277423 0.0171049
34 0.6496043 0.4117959 0.0643116 0.0615776
4 0.6502348 0.4123660 0.0277422 0.0171049
17 0.3677683 0.4739436 0.0277422 0.0171049
5 0.4383850 0.4739436 0.0277422 0.0171049
24 0.5077406 0.4739436 0.0277422 0.0171049
10 0.5796182 0.4739436 0.0277423 0.0171049
18 0.7208514 0.4739436 0.0277422 0.0171049
21 0.4383850 0.5970989 0.0277422 0.0171049
23 0.5077406 0.5970989 0.0277422 0.0171049
4 0.5796182 0.5970989 0.0277423 0.0171049
26 0.5077406 0.6586765 0.0277422 0.0171048
30 0.6502348 0.6586765 0.0277422 0.0171048
6 0.7208514 0.6586765 0.0277422 0.0171048
22 0.7208514 0.4123660 0.0277422 0.0171049
11 0.6502348 0.5970989 0.0277422 0.0171049
4 0.2971517 0.5970989 0.0277423 0.0171049
11 0.4383850 0.6586765 0.0277422 0.0171048
29 0.2971517 0.4739436 0.0277423 0.0171049
5 0.5077406 0.3507884 0.0277422 0.0171049
18 0.6502348 0.4739436 0.0277422 0.0171049
25 0.4383850 0.5355212 0.0277422 0.0171049
24 0.5796182 0.3507884 0.0277423 0.0171049
4 0.5796182 0.5355212 0.0277423 0.0171049
3 0.7208514 0.3507884 0.0277422 0.0171049
31 0.2971517 0.3507884 0.0277423 0.0171049
14 0.3677683 0.4123660 0.0277422 0.0171049
27 0.3677683 0.5970989 0.0277422 0.0171049
10 0.2971517 0.4123660 0.0277423 0.0171049
22 0.2971517 0.6586765 0.0277423 0.0171048
14 0.5796182 0.6586765 0.0277423 0.0171048
12 0.7208514 0.5355212 0.0277422 0.0171049
19 0.3677683 0.6586765 0.0277422 0.0171048
28 0.6502348 0.3507884 0.0277422 0.0171049
29 0.3677683 0.5355212 0.0277422 0.0171049
6 0.6502348 0.5355212 0.0277422 0.0171049
20 0.2971517 0.5355212 0.0277423 0.0171049
15 0.5077406 0.5355212 0.0277422 0.0171049
