22 0.5780561 0.6393496 0.0271997 0.0173574
17 0.7177640 0.5768629 0.0271998 0.0173574
32 0.5811469 0.4570966 0.5007228 0.4443503
33 0.5799106 0.2650076 0.4537414 0.0162003
17 0.3715852 0.3269158 0.0271998 0.0173574
26 0.4408209 0.3269158 0.0271997 0.0173574
34 0.5780561 0.3263372 0.0642904 0.0624867
24 0.5780561 0.3269158 0.0271997 0.0173574
15 0.6485281 0.3269158 0.0271998 0.0173574
2 0.7869997 0.3894026 0.0271997 0.0173574
31 0.3715852 0.4518893 0.0271998 0.0173574
6 0.4408209 0.4518893 0.0271997 0.0173574
22 0.5780561 0.4518893 0.0271997 0.0173574
24 0.6485281 0.4518893 0.0271998 0.0173574
23 0.7177640 0.4518893 0.0271998 0.0173574
30 0.3715852 0.5143761 0.0271998 0.0173574
20 0.6485281 0.5143761 0.0271998 0.0173574
27 0.5100567 0.5768629 0.0271997 0.0173574
8 0.6485281 0.5768629 0.0271998 0.0173574
25 0.6485281 0.6393496 0.0271998 0.0173574
1 0.7869997 0.6393496 0.0271997 0.0173574
13 0.7177640 0.6393496 0.0271998 0.0173574
26 0.4408209 0.3894026 0.0271997 0.0173574
20 0.7869997 0.3269158 0.0271997 0.0173574
2 0.7177640 0.3894026 0.0271998 0.0173574
26 0.5100567 0.3269158 0.0271997 0.0173574
27 0.7869997 0.4518893 0.0271997 0.0173574
13 0.4408209 0.6393496 0.0271997 0.0173574
20 0.5100567 0.5143761 0.0271997 0.0173574
13 0.5780561 0.3894026 0.0271997 0.0173574
1 0.4408209 0.5768629 0.0271997 0.0173574
17 0.5100567 0.6393496 0.0271997 0.0173574
27 0.7869997 0.5143761 0.0271997 0.0173574
16 0.3715852 0.5768629 0.0271998 0.0173574
11 0.7177640 0.3269158 0.0271998 0.0173574
5 0.3715852 0.6393496 0.0271998 0.0173574
13 0.5100567 0.4518893 0.0271997 0.0173574
22 0.5780561 0.5143761 0.0271997 0.0173574
17 0.7869997 0.5768629 0.0271997 0.0173574
13 0.4408209 0.5143761 0.0271997 0.0173574
8 0.3715852 0.3894026 0.0271998 0.0173574
9 0.5780561 0.5768629 0.0271997 0.0173574
10 0.6485281 0.3894026 0.0271998 0.0173574
27 0.7177640 0.5143761 0.0271998 0.0173574
21 0.5100567 0.3894026 0.0271997 0.0173574
