30 0.4879448 0.5156746 0.0262829 0.0161482
18 0.2203370 0.7482086 0.0262829 0.0161482
32 0.4228349 0.5786525 0.4838444 0.4133937
33 0.4216402 0.3999459 0.4384467 0.0150716
17 0.2203370 0.4575411 0.0262829 0.0161482
27 0.3541409 0.4575411 0.0262829 0.0161482
4 0.4198482 0.4575411 0.0262829 0.0161482
19 0.6217487 0.4575411 0.0262829 0.0161482
13 0.5548467 0.5156746 0.0262829 0.0161482
11 0.2203370 0.5738081 0.0262829 0.0161481
34 0.4198482 0.5732698 0.0621233 0.0581335
22 0.4198482 0.5738081 0.0262829 0.0161481
20 0.4879448 0.5738081 0.0262829 0.0161481
8 0.2203370 0.6319416 0.0262829 0.0161482
7 0.2872390 0.6319416 0.0262829 0.0161482
15 0.3541409 0.6319416 0.0262829 0.0161482
12 0.4879448 0.6319416 0.0262829 0.0161482
21 0.4198482 0.6900750 0.0262829 0.0161482
10 0.4879448 0.6900750 0.0262829 0.0161482
6 0.3541409 0.7482086 0.0262829 0.0161482
23 0.5548467 0.7482086 0.0262829 0.0161482
17 0.4198482 0.6319416 0.0262829 0.0161482
11 0.3541409 0.6900750 0.0262829 0.0161482
24 0.5548467 0.6900750 0.0262829 0.0161482
2 0.2872390 0.4575411 0.0262829 0.0161482
2 0.6217487 0.5156746 0.0262829 0.0161482
16 0.2203370 0.5156746 0.0262829 0.0161482
27 0.2203370 0.6900750 0.0262829 0.0161482
31 0.4879448 0.7482086 0.0262829 0.0161482
17 0.5548467 0.5738081 0.0262829 0.0161481
7 0.4198482 0.7482086 0.0262829 0.0161482
30 0.2872390 0.7482086 0.0262829 0.0161482
27 0.2872390 0.6900750 0.0262829 0.0161482
11 0.3541409 0.5738081 0.0262829 0.0161481
18 0.6217487 0.7482086 0.0262829 0.0161482
6 0.3541409 0.5156746 0.0262829 0.0161482
30 0.2872390 0.5156746 0.0262829 0.0161482
21 0.6217487 0.6319416 0.0262829 0.0161482
28 0.6217487 0.6900750 0.0262829 0.0161482
11 0.5548467 0.4575411 0.0262829 0.0161482
8 0.2872390 0.5738081 0.0262829 0.0161481
24 0.5548467 0.6319416 0.0262829 0.0161482
12 0.4879448 0.4575411 0.0262829 0.0161482
18 0.6217487 0.5738081 0.0262829 0.0161481
4 0.4198482 0.5156746 0.0262829 0.0161482
