28 0.3103384 0.4670945 0.0284690 0.0159865
15 0.3828048 0.4670945 0.0284690 0.0159865
32 0.5296788 0.5869931 0.5240876 0.4092540
33 0.5283847 0.4100760 0.4749139 0.0149207
22 0.5264436 0.4670945 0.0284689 0.0159865
1 0.6002041 0.4670945 0.0284690 0.0159865
16 0.6726706 0.4670945 0.0284690 0.0159865
17 0.3828048 0.5246458 0.0284690 0.0159865
11 0.6002041 0.5246458 0.0284690 0.0159865
7 0.7451370 0.5246458 0.0284690 0.0159865
2 0.3103384 0.5821972 0.0284690 0.0159865
14 0.5264436 0.5821972 0.0284689 0.0159865
8 0.6002041 0.5821972 0.0284690 0.0159865
26 0.3828048 0.6397485 0.0284690 0.0159865
34 0.4552713 0.6392156 0.0672903 0.0575513
28 0.4552712 0.6397485 0.0284690 0.0159865
31 0.6002041 0.6397485 0.0284690 0.0159865
6 0.7451370 0.6397485 0.0284690 0.0159865
25 0.7451370 0.6972999 0.0284690 0.0159865
12 0.5264436 0.7548512 0.0284689 0.0159865
5 0.6726706 0.7548512 0.0284690 0.0159865
12 0.6726706 0.5821972 0.0284690 0.0159865
4 0.3828048 0.7548512 0.0284690 0.0159865
13 0.6726706 0.6397485 0.0284690 0.0159865
29 0.3103384 0.6972999 0.0284690 0.0159865
18 0.6726706 0.5246458 0.0284690 0.0159865
18 0.3103384 0.6397485 0.0284690 0.0159865
2 0.6002041 0.6972999 0.0284690 0.0159865
26 0.4552712 0.7548512 0.0284690 0.0159865
29 0.3828048 0.5821972 0.0284690 0.0159865
8 0.6726706 0.6972999 0.0284690 0.0159865
14 0.5264436 0.6397485 0.0284689 0.0159865
14 0.7451370 0.5821972 0.0284690 0.0159865
4 0.6002041 0.7548512 0.0284690 0.0159865
1 0.4552712 0.4670945 0.0284690 0.0159865
7 0.7451370 0.7548512 0.0284690 0.0159865
25 0.7451370 0.4670945 0.0284690 0.0159865
15 0.5264436 0.5246458 0.0284689 0.0159865
15 0.5264436 0.6972999 0.0284689 0.0159865
4 0.3103384 0.5246458 0.0284690 0.0159865
31 0.4552712 0.5246458 0.0284690 0.0159865
7 0.4552712 0.5821972 0.0284690 0.0159865
16 0.3103384 0.7548512 0.0284690 0.0159865
14 0.4552712 0.6972999 0.0284690 0.0159865
24 0.3828048 0.6972999 0.0284690 0.0159865
