2 0.5773980 0.5023227 0.0264542 0.0158902
11 0.7794122 0.5023227 0.0264542 0.0158902
32 0.6465398 0.4498853 0.4869986 0.4067873
33 0.6453374 0.2740346 0.4413049 0.0148308
31 0.5773980 0.3307094 0.0264542 0.0158901
26 0.6435336 0.3307094 0.0264543 0.0158901
2 0.8467503 0.3307094 0.0264542 0.0158901
8 0.4427219 0.3879138 0.0264542 0.0158901
1 0.5100599 0.3879138 0.0264542 0.0158901
23 0.5773980 0.3879138 0.0264542 0.0158901
27 0.6435336 0.3879138 0.0264543 0.0158901
19 0.7120741 0.3879138 0.0264542 0.0158901
34 0.5094587 0.5017931 0.0613258 0.0572045
29 0.5100599 0.5023227 0.0264542 0.0158902
5 0.6435336 0.5023227 0.0264543 0.0158902
11 0.4427219 0.5595272 0.0264542 0.0158902
17 0.5773980 0.5595272 0.0264542 0.0158902
21 0.7794122 0.5595272 0.0264542 0.0158902
12 0.8467503 0.5595272 0.0264542 0.0158902
14 0.6435336 0.6167316 0.0264543 0.0158902
24 0.8467503 0.6167316 0.0264542 0.0158902
9 0.5100599 0.6167316 0.0264542 0.0158902
9 0.6435336 0.4451183 0.0264543 0.0158902
9 0.4427219 0.5023227 0.0264542 0.0158902
18 0.8467503 0.3879138 0.0264542 0.0158901
7 0.8467503 0.5023227 0.0264542 0.0158902
18 0.7120741 0.3307094 0.0264542 0.0158901
27 0.7794122 0.3307094 0.0264542 0.0158901
30 0.7794122 0.4451183 0.0264542 0.0158902
21 0.7120741 0.4451183 0.0264542 0.0158902
14 0.5773980 0.4451183 0.0264542 0.0158902
5 0.7120741 0.5023227 0.0264542 0.0158902
12 0.4427219 0.4451183 0.0264542 0.0158902
27 0.4427219 0.3307094 0.0264542 0.0158901
9 0.5100599 0.4451183 0.0264542 0.0158902
9 0.5100599 0.5595272 0.0264542 0.0158902
28 0.8467503 0.4451183 0.0264542 0.0158902
21 0.5773980 0.6167316 0.0264542 0.0158902
25 0.4427219 0.6167316 0.0264542 0.0158902
16 0.7794122 0.6167316 0.0264542 0.0158902
22 0.6435336 0.5595272 0.0264543 0.0158902
21 0.7120741 0.6167316 0.0264542 0.0158902
24 0.5100599 0.3307094 0.0264542 0.0158901
27 0.7120741 0.5595272 0.0264542 0.0158902
9 0.7794122 0.3879138 0.0264542 0.0158901
