5 0.3544951 0.3788802 0.0273069 0.0158742
28 0.7715462 0.6646149 0.0273068 0.0158742
32 0.5648825 0.4979363 0.5026955 0.4063782
33 0.5636413 0.3222624 0.4555291 0.0148159
16 0.4240036 0.3788802 0.0273069 0.0158742
6 0.3544951 0.4360272 0.0273069 0.0158742
2 0.4240036 0.4360272 0.0273069 0.0158742
21 0.4935121 0.4360272 0.0273069 0.0158742
19 0.5617794 0.4360272 0.0273069 0.0158742
7 0.6325291 0.4360272 0.0273069 0.0158742
8 0.7020377 0.4360272 0.0273068 0.0158742
24 0.5617794 0.4931741 0.0273069 0.0158742
10 0.7020377 0.4931741 0.0273068 0.0158742
1 0.3544951 0.5503210 0.0273069 0.0158742
34 0.4233830 0.5497919 0.0633024 0.0571469
8 0.4240036 0.5503210 0.0273069 0.0158742
25 0.4935121 0.5503210 0.0273069 0.0158742
20 0.5617794 0.5503210 0.0273069 0.0158742
11 0.6325291 0.5503210 0.0273069 0.0158742
17 0.4240036 0.6074679 0.0273069 0.0158742
31 0.5617794 0.6074679 0.0273069 0.0158742
17 0.4935121 0.4931741 0.0273069 0.0158742
28 0.4935121 0.6074679 0.0273069 0.0158742
5 0.7715462 0.4360272 0.0273068 0.0158742
14 0.7715462 0.4931741 0.0273068 0.0158742
8 0.6325291 0.3788802 0.0273069 0.0158742
12 0.4935121 0.6646149 0.0273069 0.0158742
18 0.7715462 0.5503210 0.0273068 0.0158742
22 0.6325291 0.6074679 0.0273069 0.0158742
24 0.5617794 0.3788802 0.0273069 0.0158742
15 0.4240036 0.4931741 0.0273069 0.0158742
18 0.4240036 0.6646149 0.0273069 0.0158742
7 0.3544951 0.6646149 0.0273069 0.0158742
25 0.4935121 0.3788802 0.0273069 0.0158742
2 0.7715462 0.3788802 0.0273068 0.0158742
11 0.7715462 0.6074679 0.0273068 0.0158742
1 0.5617794 0.6646149 0.0273069 0.0158742
9 0.7020377 0.5503210 0.0273068 0.0158742
5 0.7020377 0.6074679 0.0273068 0.0158742
10 0.3544951 0.6074679 0.0273069 0.0158742
15 0.7020377 0.3788802 0.0273068 0.0158742
18 0.7020377 0.6646149 0.0273068 0.0158742
19 0.3544951 0.4931741 0.0273069 0.0158742
22 0.6325291 0.4931741 0.0273069 0.0158742
1 0.6325291 0.6646149 0.0273069 0.0158742
