6 0.3716492 0.4390003 0.0286834 0.0167521
22 0.5893826 0.6199233 0.0286834 0.0167521
32 0.5926421 0.5646412 0.5280363 0.4288544
33 0.5913383 0.3792511 0.4784922 0.0156353
5 0.6636989 0.4390003 0.0286835 0.0167521
34 0.4440097 0.4987496 0.0664935 0.0603077
11 0.4446616 0.4993080 0.0286834 0.0167521
15 0.5176740 0.4993080 0.0286835 0.0167521
29 0.5893826 0.4993080 0.0286834 0.0167521
20 0.6636989 0.4993080 0.0286835 0.0167521
25 0.8097238 0.4993080 0.0286834 0.0167521
22 0.3716492 0.5596156 0.0286834 0.0167522
3 0.7367113 0.5596156 0.0286834 0.0167522
2 0.4446616 0.6199233 0.0286834 0.0167521
30 0.6636989 0.6199233 0.0286835 0.0167521
11 0.7367113 0.6199233 0.0286834 0.0167521
27 0.4446616 0.6802310 0.0286834 0.0167521
18 0.5893826 0.6802310 0.0286834 0.0167521
24 0.4446616 0.7405386 0.0286834 0.0167521
9 0.5893826 0.7405386 0.0286834 0.0167521
4 0.6636989 0.7405386 0.0286835 0.0167521
28 0.3716492 0.6199233 0.0286834 0.0167521
21 0.3716492 0.4993080 0.0286834 0.0167521
15 0.8097238 0.4390003 0.0286834 0.0167521
26 0.5176740 0.5596156 0.0286835 0.0167522
7 0.7367113 0.4390003 0.0286834 0.0167521
24 0.7367113 0.7405386 0.0286834 0.0167521
9 0.8097238 0.6802310 0.0286834 0.0167521
8 0.6636989 0.6802310 0.0286835 0.0167521
22 0.5893826 0.4390003 0.0286834 0.0167521
19 0.8097238 0.6199233 0.0286834 0.0167521
2 0.3716492 0.6802310 0.0286834 0.0167521
25 0.8097238 0.5596156 0.0286834 0.0167522
1 0.3716492 0.7405386 0.0286834 0.0167521
28 0.6636989 0.5596156 0.0286835 0.0167522
2 0.5176740 0.7405386 0.0286835 0.0167521
13 0.5176740 0.6802310 0.0286835 0.0167521
29 0.5176740 0.6199233 0.0286835 0.0167521
7 0.4446616 0.4390003 0.0286834 0.0167521
5 0.5893826 0.5596156 0.0286834 0.0167522
16 0.7367113 0.6802310 0.0286834 0.0167521
22 0.5176740 0.4390003 0.0286835 0.0167521
12 0.7367113 0.4993080 0.0286834 0.0167521
8 0.4446616 0.5596156 0.0286834 0.0167522
8 0.8097238 0.7405386 0.0286834 0.0167521
