8 0.7263030 0.4516596 0.0286835 0.0169609
16 0.3612407 0.5737784 0.0286835 0.0169610
32 0.5092213 0.4567478 0.5280366 0.4342003
33 0.5079175 0.2690467 0.4784924 0.0158302
14 0.2882282 0.3295407 0.0286835 0.0169610
7 0.4342532 0.3295407 0.0286835 0.0169610
21 0.5059618 0.3295407 0.0286835 0.0169610
22 0.2882282 0.3906002 0.0286835 0.0169610
17 0.3612407 0.3906002 0.0286835 0.0169610
11 0.4342532 0.3906002 0.0286835 0.0169610
24 0.5059618 0.3906002 0.0286835 0.0169610
23 0.3612407 0.4516596 0.0286835 0.0169609
10 0.4342532 0.4516596 0.0286835 0.0169609
3 0.5059618 0.4516596 0.0286835 0.0169609
16 0.5802781 0.4516596 0.0286835 0.0169609
19 0.6532906 0.4516596 0.0286835 0.0169609
34 0.2882282 0.5121537 0.0677973 0.0610594
17 0.2882282 0.5127190 0.0286835 0.0169609
20 0.7263030 0.5127190 0.0286835 0.0169609
9 0.4342532 0.6348378 0.0286835 0.0169609
29 0.5059618 0.6348378 0.0286835 0.0169609
10 0.7263030 0.6348378 0.0286835 0.0169609
8 0.5802781 0.5127190 0.0286835 0.0169609
20 0.2882282 0.4516596 0.0286835 0.0169609
19 0.7263030 0.3906002 0.0286835 0.0169610
2 0.3612407 0.6348378 0.0286835 0.0169609
21 0.6532906 0.5127190 0.0286835 0.0169609
3 0.6532906 0.3295407 0.0286835 0.0169610
28 0.5059618 0.5737784 0.0286835 0.0169610
10 0.5059618 0.5127190 0.0286835 0.0169609
22 0.5802781 0.3295407 0.0286835 0.0169610
21 0.4342532 0.5737784 0.0286835 0.0169610
9 0.7263030 0.3295407 0.0286835 0.0169610
28 0.3612407 0.5127190 0.0286835 0.0169609
30 0.2882282 0.6348378 0.0286835 0.0169609
19 0.7263030 0.5737784 0.0286835 0.0169610
6 0.2882282 0.5737784 0.0286835 0.0169610
4 0.5802781 0.3906002 0.0286835 0.0169610
19 0.4342532 0.5127190 0.0286835 0.0169609
20 0.3612407 0.3295407 0.0286835 0.0169610
12 0.6532906 0.5737784 0.0286835 0.0169610
25 0.5802781 0.5737784 0.0286835 0.0169610
29 0.6532906 0.3906002 0.0286835 0.0169610
18 0.6532906 0.6348378 0.0286835 0.0169609
2 0.5802781 0.6348378 0.0286835 0.0169609
