30 0.4115797 0.3434714 0.0273371 0.0169246
7 0.7595064 0.4653285 0.0273370 0.0169246
32 0.5526143 0.4704060 0.5032511 0.4332698
33 0.5513717 0.2831070 0.4560324 0.0157963
6 0.3419944 0.3434714 0.0273371 0.0169246
8 0.6203357 0.3434714 0.0273371 0.0169246
11 0.7595064 0.3434714 0.0273370 0.0169246
5 0.3419944 0.4044000 0.0273371 0.0169246
13 0.4811650 0.4044000 0.0273371 0.0169246
4 0.6203357 0.4044000 0.0273371 0.0169246
29 0.7595064 0.4044000 0.0273370 0.0169246
17 0.5495078 0.4653285 0.0273371 0.0169246
12 0.4115797 0.5262571 0.0273371 0.0169246
30 0.4115797 0.5871857 0.0273371 0.0169246
34 0.6197144 0.5866215 0.0658575 0.0609285
25 0.6203357 0.5871857 0.0273371 0.0169246
23 0.7595064 0.5871857 0.0273370 0.0169246
16 0.3419944 0.6481142 0.0273371 0.0169246
22 0.4811650 0.6481142 0.0273371 0.0169246
15 0.6203357 0.6481142 0.0273371 0.0169246
4 0.6203357 0.4653285 0.0273371 0.0169246
7 0.4811650 0.5871857 0.0273371 0.0169246
28 0.4115797 0.4044000 0.0273371 0.0169246
5 0.3419944 0.5262571 0.0273371 0.0169246
7 0.6899210 0.5871857 0.0273372 0.0169246
4 0.6899210 0.5262571 0.0273372 0.0169246
22 0.6899210 0.4044000 0.0273372 0.0169246
16 0.4811650 0.4653285 0.0273371 0.0169246
21 0.3419944 0.4653285 0.0273371 0.0169246
27 0.6899210 0.4653285 0.0273372 0.0169246
6 0.5495078 0.5262571 0.0273371 0.0169246
7 0.4115797 0.4653285 0.0273371 0.0169246
12 0.4811650 0.5262571 0.0273371 0.0169246
19 0.4115797 0.6481142 0.0273371 0.0169246
18 0.7595064 0.5262571 0.0273370 0.0169246
7 0.6203357 0.5262571 0.0273371 0.0169246
11 0.5495078 0.6481142 0.0273371 0.0169246
7 0.5495078 0.5871857 0.0273371 0.0169246
9 0.5495078 0.3434714 0.0273371 0.0169246
17 0.6899210 0.6481142 0.0273372 0.0169246
4 0.5495078 0.4044000 0.0273371 0.0169246
1 0.6899210 0.3434714 0.0273372 0.0169246
5 0.7595064 0.6481142 0.0273370 0.0169246
30 0.4811650 0.3434714 0.0273371 0.0169246
22 0.3419944 0.5871857 0.0273371 0.0169246
