17 0.7322340 0.5273049 0.0286940 0.0160948
30 0.5118121 0.5852460 0.0286940 0.0160948
32 0.5150727 0.4162511 0.5282303 0.4120260
33 0.5137685 0.2381357 0.4786679 0.0150218
31 0.2939986 0.2955403 0.0286940 0.0160948
11 0.5118121 0.2955403 0.0286940 0.0160948
27 0.7322340 0.2955403 0.0286940 0.0160948
8 0.5118121 0.3534815 0.0286940 0.0160948
12 0.6591948 0.3534815 0.0286940 0.0160948
10 0.5118121 0.4114226 0.0286940 0.0160948
19 0.5861555 0.4114226 0.0286940 0.0160948
22 0.7322340 0.4114226 0.0286940 0.0160948
15 0.2939986 0.4693638 0.0286940 0.0160948
30 0.5861555 0.4693638 0.0286940 0.0160948
25 0.6591948 0.4693638 0.0286940 0.0160948
23 0.5118121 0.5273049 0.0286940 0.0160948
34 0.5855034 0.5267684 0.0691264 0.0579411
13 0.5861555 0.5273049 0.0286940 0.0160948
17 0.5861555 0.5852460 0.0286940 0.0160948
13 0.6591948 0.5852460 0.0286940 0.0160948
4 0.2939986 0.5852460 0.0286940 0.0160948
5 0.4400771 0.4693638 0.0286940 0.0160948
10 0.3670378 0.3534815 0.0286940 0.0160948
25 0.5118121 0.4693638 0.0286940 0.0160948
2 0.4400771 0.2955403 0.0286940 0.0160948
9 0.5861555 0.3534815 0.0286940 0.0160948
30 0.4400771 0.5852460 0.0286940 0.0160948
18 0.6591948 0.5273049 0.0286940 0.0160948
3 0.3670378 0.4693638 0.0286940 0.0160948
30 0.6591948 0.4114226 0.0286940 0.0160948
26 0.7322340 0.5852460 0.0286940 0.0160948
7 0.7322340 0.3534815 0.0286940 0.0160948
22 0.4400771 0.3534815 0.0286940 0.0160948
19 0.4400771 0.4114226 0.0286940 0.0160948
25 0.7322340 0.4693638 0.0286940 0.0160948
8 0.5861555 0.2955403 0.0286940 0.0160948
18 0.2939986 0.5273049 0.0286940 0.0160948
22 0.3670378 0.2955403 0.0286940 0.0160948
18 0.3670378 0.5273049 0.0286940 0.0160948
4 0.3670378 0.5852460 0.0286940 0.0160948
14 0.2939986 0.3534815 0.0286940 0.0160948
20 0.3670378 0.4114226 0.0286940 0.0160948
18 0.2939986 0.4114226 0.0286940 0.0160948
19 0.4400771 0.5273049 0.0286940 0.0160948
8 0.6591948 0.2955403 0.0286940 0.0160948
