18 0.2131410 0.4502924 0.0271228 0.0171002
16 0.4190279 0.3887316 0.0271228 0.0171002
32 0.4221100 0.5169832 0.4993066 0.4377653
33 0.4208772 0.3277409 0.4524580 0.0159602
24 0.2821809 0.3887316 0.0271228 0.0171002
18 0.4893007 0.3887316 0.0271228 0.0171002
10 0.5583406 0.3887316 0.0271228 0.0171002
26 0.6273805 0.3887316 0.0271228 0.0171002
34 0.4886842 0.4497224 0.0653413 0.0615607
16 0.4893007 0.4502924 0.0271228 0.0171002
17 0.6273805 0.4502924 0.0271228 0.0171002
3 0.4893007 0.5118531 0.0271228 0.0171002
14 0.6273805 0.5118531 0.0271228 0.0171002
30 0.2821809 0.5734139 0.0271228 0.0171002
11 0.6273805 0.5734139 0.0271228 0.0171002
16 0.4190279 0.6349746 0.0271228 0.0171002
21 0.5583406 0.6349746 0.0271228 0.0171002
31 0.6273805 0.6349746 0.0271228 0.0171002
23 0.3512208 0.6965354 0.0271229 0.0171002
2 0.4190279 0.6965354 0.0271228 0.0171002
27 0.2821809 0.5118531 0.0271228 0.0171002
13 0.2131410 0.3887316 0.0271228 0.0171002
19 0.3512208 0.6349746 0.0271229 0.0171002
11 0.4190279 0.4502924 0.0271228 0.0171002
14 0.4190279 0.5118531 0.0271228 0.0171002
28 0.3512208 0.5118531 0.0271229 0.0171002
4 0.3512208 0.5734139 0.0271229 0.0171002
9 0.2131410 0.6965354 0.0271228 0.0171002
6 0.5583406 0.6965354 0.0271228 0.0171002
4 0.4893007 0.6965354 0.0271228 0.0171002
5 0.4190279 0.5734139 0.0271228 0.0171002
27 0.4893007 0.6349746 0.0271228 0.0171002
24 0.6273805 0.6965354 0.0271228 0.0171002
19 0.5583406 0.5118531 0.0271228 0.0171002
12 0.2131410 0.5734139 0.0271228 0.0171002
17 0.2821809 0.6349746 0.0271228 0.0171002
19 0.3512208 0.4502924 0.0271229 0.0171002
29 0.2821809 0.6965354 0.0271228 0.0171002
14 0.2131410 0.5118531 0.0271228 0.0171002
17 0.4893007 0.5734139 0.0271228 0.0171002
6 0.5583406 0.4502924 0.0271228 0.0171002
18 0.5583406 0.5734139 0.0271228 0.0171002
4 0.3512208 0.3887316 0.0271229 0.0171002
9 0.2131410 0.6349746 0.0271228 0.0171002
13 0.2821809 0.4502924 0.0271228 0.0171002
