16 0.0607234 0.4096711 0.0263582 0.0159010
10 0.3290978 0.6386460 0.0263582 0.0159011
32 0.2638014 0.5289288 0.4852305 0.4070664
33 0.2626033 0.3529574 0.4397028 0.0148410
17 0.2608061 0.4096711 0.0263582 0.0159010
1 0.1949106 0.4669148 0.0263582 0.0159010
31 0.4632850 0.4669148 0.0263582 0.0159010
9 0.0607234 0.5241585 0.0263582 0.0159011
3 0.2608061 0.5241585 0.0263582 0.0159011
27 0.3961914 0.5241585 0.0263582 0.0159011
13 0.4632850 0.5241585 0.0263582 0.0159011
26 0.0607234 0.5814022 0.0263582 0.0159011
29 0.3961914 0.5814022 0.0263582 0.0159011
15 0.0607234 0.6386460 0.0263582 0.0159011
20 0.1278170 0.6386460 0.0263582 0.0159011
34 0.1949106 0.6381159 0.0623012 0.0572437
5 0.1949106 0.6386460 0.0263582 0.0159011
7 0.3961914 0.6386460 0.0263582 0.0159011
24 0.0607234 0.6958897 0.0263582 0.0159010
6 0.4632850 0.6958897 0.0263582 0.0159010
15 0.0607234 0.4669148 0.0263582 0.0159010
20 0.3290978 0.5814022 0.0263582 0.0159011
2 0.4632850 0.4096711 0.0263582 0.0159010
16 0.2608061 0.5814022 0.0263582 0.0159011
16 0.3961914 0.4096711 0.0263582 0.0159010
14 0.4632850 0.6386460 0.0263582 0.0159011
11 0.3961914 0.4669148 0.0263582 0.0159010
19 0.1278170 0.6958897 0.0263582 0.0159010
9 0.1278170 0.5814022 0.0263582 0.0159011
8 0.4632850 0.5814022 0.0263582 0.0159011
12 0.2608061 0.6958897 0.0263582 0.0159010
6 0.3961914 0.6958897 0.0263582 0.0159010
15 0.1278170 0.5241585 0.0263582 0.0159011
18 0.1949106 0.4096711 0.0263582 0.0159010
9 0.1949106 0.5814022 0.0263582 0.0159011
2 0.1949106 0.6958897 0.0263582 0.0159010
26 0.3290978 0.5241585 0.0263582 0.0159011
29 0.2608061 0.4669148 0.0263582 0.0159010
22 0.3290978 0.4096711 0.0263582 0.0159010
2 0.3290978 0.6958897 0.0263582 0.0159010
17 0.1278170 0.4096711 0.0263582 0.0159010
7 0.2608061 0.6386460 0.0263582 0.0159011
2 0.1278170 0.4669148 0.0263582 0.0159010
5 0.3290978 0.4669148 0.0263582 0.0159010
5 0.1949106 0.5241585 0.0263582 0.0159011
