5 0.3898145 0.5125683 0.0276149 0.0171153
27 0.3182667 0.6974132 0.0276149 0.0171153
32 0.3214047 0.5177029 0.5083657 0.4381509
33 0.3201495 0.3282939 0.4606672 0.0159743
10 0.2492294 0.3893383 0.0276149 0.0171153
6 0.3898145 0.3893383 0.0276149 0.0171153
9 0.1086443 0.4509533 0.0276149 0.0171153
16 0.3898145 0.4509533 0.0276149 0.0171153
14 0.4601070 0.4509533 0.0276149 0.0171153
23 0.5303996 0.4509533 0.0276149 0.0171153
27 0.1086443 0.5125683 0.0276149 0.0171153
8 0.1789368 0.5125683 0.0276149 0.0171153
21 0.1789368 0.5741833 0.0276149 0.0171153
18 0.2492294 0.5741833 0.0276149 0.0171153
11 0.3898145 0.5741833 0.0276149 0.0171153
19 0.5303996 0.5741833 0.0276149 0.0171153
30 0.5303996 0.6357982 0.0276149 0.0171153
34 0.2492294 0.6968427 0.0652716 0.0616150
10 0.2492294 0.6974132 0.0276149 0.0171153
26 0.4601070 0.6974132 0.0276149 0.0171153
17 0.4601070 0.5125683 0.0276149 0.0171153
21 0.2492294 0.4509533 0.0276149 0.0171153
21 0.1789368 0.3893383 0.0276149 0.0171153
7 0.3182667 0.5741833 0.0276149 0.0171153
11 0.5303996 0.5125683 0.0276149 0.0171153
4 0.1086443 0.3893383 0.0276149 0.0171153
20 0.3898145 0.6974132 0.0276149 0.0171153
11 0.2492294 0.5125683 0.0276149 0.0171153
18 0.3898145 0.6357982 0.0276149 0.0171153
10 0.4601070 0.5741833 0.0276149 0.0171153
14 0.3182667 0.4509533 0.0276149 0.0171153
8 0.4601070 0.3893383 0.0276149 0.0171153
5 0.5303996 0.6974132 0.0276149 0.0171153
18 0.1086443 0.6357982 0.0276149 0.0171153
14 0.3182667 0.3893383 0.0276149 0.0171153
7 0.1086443 0.5741833 0.0276149 0.0171153
4 0.1789368 0.4509533 0.0276149 0.0171153
11 0.4601070 0.6357982 0.0276149 0.0171153
30 0.1789368 0.6974132 0.0276149 0.0171153
10 0.3182667 0.6357982 0.0276149 0.0171153
7 0.5303996 0.3893383 0.0276149 0.0171153
4 0.1086443 0.6974132 0.0276149 0.0171153
26 0.3182667 0.5125683 0.0276149 0.0171153
30 0.1789368 0.6357982 0.0276149 0.0171153
10 0.2492294 0.6357982 0.0276149 0.0171153
