24 0.4996344 0.2585231 0.0278455 0.0161789
2 0.4274894 0.3167671 0.0278455 0.0161789
32 0.4306536 0.3798647 0.5126097 0.4141794
33 0.4293879 0.2008184 0.4645130 0.0151003
10 0.5705138 0.2585231 0.0278455 0.0161789
12 0.6413931 0.2585231 0.0278455 0.0161789
2 0.2161170 0.3167671 0.0278455 0.0161789
6 0.3578757 0.3167671 0.0278455 0.0161789
4 0.4996344 0.3167671 0.0278455 0.0161789
13 0.6413931 0.3167671 0.0278455 0.0161789
29 0.3578757 0.3750111 0.0278455 0.0161789
34 0.5698809 0.3744718 0.0645509 0.0582440
30 0.5705138 0.3750111 0.0278455 0.0161789
17 0.2161170 0.4332550 0.0278455 0.0161789
9 0.6413931 0.4332550 0.0278455 0.0161789
21 0.2869963 0.4914990 0.0278455 0.0161789
3 0.4996344 0.4914990 0.0278455 0.0161789
23 0.6413931 0.4914990 0.0278455 0.0161789
24 0.3578757 0.5497430 0.0278455 0.0161789
14 0.6413931 0.5497430 0.0278455 0.0161789
9 0.2869963 0.3750111 0.0278455 0.0161789
29 0.5705138 0.5497430 0.0278455 0.0161789
25 0.2161170 0.2585231 0.0278455 0.0161789
20 0.4274894 0.5497430 0.0278455 0.0161789
9 0.2161170 0.3750111 0.0278455 0.0161789
1 0.4274894 0.4914990 0.0278455 0.0161789
15 0.5705138 0.4914990 0.0278455 0.0161789
11 0.4274894 0.4332550 0.0278455 0.0161789
26 0.5705138 0.3167671 0.0278455 0.0161789
18 0.4996344 0.3750111 0.0278455 0.0161789
2 0.2161170 0.4914990 0.0278455 0.0161789
21 0.2869963 0.2585231 0.0278455 0.0161789
14 0.4996344 0.5497430 0.0278455 0.0161789
18 0.2869963 0.4332550 0.0278455 0.0161789
2 0.2161170 0.5497430 0.0278455 0.0161789
13 0.3578757 0.4914990 0.0278455 0.0161789
13 0.2869963 0.5497430 0.0278455 0.0161789
19 0.4274894 0.3750111 0.0278455 0.0161789
8 0.5705138 0.4332550 0.0278455 0.0161789
5 0.4996344 0.4332550 0.0278455 0.0161789
9 0.3578757 0.4332550 0.0278455 0.0161789
21 0.6413931 0.3750111 0.0278455 0.0161789
8 0.3578757 0.2585231 0.0278455 0.0161789
30 0.2869963 0.3167671 0.0278455 0.0161789
20 0.4274894 0.2585231 0.0278455 0.0161789
