2 0.4467721 0.4262557 0.0282698 0.0169849
17 0.5906908 0.6096927 0.0282697 0.0169849
32 0.5206590 0.4924968 0.5204204 0.4348135
33 0.5193739 0.3045306 0.4715908 0.0158526
1 0.3748127 0.3651101 0.0282698 0.0169849
2 0.5174464 0.3651101 0.0282698 0.0169849
24 0.5906908 0.3651101 0.0282697 0.0169849
34 0.6620077 0.3645439 0.0655345 0.0611457
18 0.6626501 0.3651101 0.0282697 0.0169849
16 0.7346095 0.3651101 0.0282697 0.0169849
19 0.5174464 0.4262557 0.0282698 0.0169849
17 0.5906908 0.4262557 0.0282697 0.0169849
29 0.6626501 0.4262557 0.0282697 0.0169849
15 0.3028534 0.4874014 0.0282697 0.0169849
31 0.5174464 0.4874014 0.0282698 0.0169849
27 0.3028534 0.5485470 0.0282697 0.0169849
7 0.3748127 0.5485470 0.0282698 0.0169849
10 0.4467721 0.6096927 0.0282698 0.0169849
23 0.6626501 0.6096927 0.0282697 0.0169849
30 0.7346095 0.6708383 0.0282697 0.0169849
3 0.6626501 0.5485470 0.0282697 0.0169849
5 0.3748127 0.6708383 0.0282698 0.0169849
31 0.5174464 0.6096927 0.0282698 0.0169849
5 0.3748127 0.4262557 0.0282698 0.0169849
14 0.4467721 0.6708383 0.0282698 0.0169849
19 0.3028534 0.6708383 0.0282697 0.0169849
25 0.7346095 0.4262557 0.0282697 0.0169849
13 0.3748127 0.6096927 0.0282698 0.0169849
17 0.6626501 0.6708383 0.0282697 0.0169849
29 0.3028534 0.3651101 0.0282697 0.0169849
26 0.3028534 0.4262557 0.0282697 0.0169849
10 0.3748127 0.4874014 0.0282698 0.0169849
25 0.6626501 0.4874014 0.0282697 0.0169849
4 0.4467721 0.5485470 0.0282698 0.0169849
24 0.4467721 0.3651101 0.0282698 0.0169849
26 0.5906908 0.4874014 0.0282697 0.0169849
18 0.7346095 0.6096927 0.0282697 0.0169849
27 0.5174464 0.6708383 0.0282698 0.0169849
27 0.5906908 0.6708383 0.0282697 0.0169849
27 0.4467721 0.4874014 0.0282698 0.0169849
2 0.5174464 0.5485470 0.0282698 0.0169849
3 0.7346095 0.5485470 0.0282697 0.0169849
26 0.5906908 0.5485470 0.0282697 0.0169849
13 0.7346095 0.4874014 0.0282697 0.0169849
22 0.3028534 0.6096927 0.0282697 0.0169849
