10 0.2290729 0.5863152 0.0282464 0.0173717
27 0.5166727 0.2736241 0.0282464 0.0173717
32 0.3747987 0.4039121 0.5199907 0.4447161
33 0.3735147 0.2116650 0.4712015 0.0162136
30 0.4447727 0.2736241 0.0282464 0.0173717
8 0.1571729 0.3361623 0.0282464 0.0173718
16 0.2290729 0.3361623 0.0282464 0.0173718
1 0.4447727 0.3361623 0.0282464 0.0173718
26 0.5166727 0.3361623 0.0282464 0.0173718
3 0.4447727 0.3987006 0.0282464 0.0173717
9 0.1571729 0.4612387 0.0282464 0.0173717
14 0.2290729 0.4612387 0.0282464 0.0173717
12 0.3715889 0.4612387 0.0282464 0.0173717
7 0.5166727 0.4612387 0.0282464 0.0173717
23 0.4447727 0.5237770 0.0282464 0.0173718
10 0.3009728 0.5863152 0.0282464 0.0173717
11 0.4447727 0.5863152 0.0282464 0.0173717
34 0.5160307 0.5857361 0.0654803 0.0625382
6 0.5166727 0.5863152 0.0282464 0.0173717
13 0.5885726 0.5863152 0.0282464 0.0173717
19 0.5885726 0.3361623 0.0282464 0.0173718
26 0.5885726 0.4612387 0.0282464 0.0173717
18 0.2290729 0.3987006 0.0282464 0.0173717
31 0.2290729 0.5237770 0.0282464 0.0173718
6 0.3009728 0.3987006 0.0282464 0.0173717
14 0.1571729 0.2736241 0.0282464 0.0173717
30 0.2290729 0.2736241 0.0282464 0.0173717
19 0.3715889 0.3361623 0.0282464 0.0173718
28 0.4447727 0.4612387 0.0282464 0.0173717
13 0.5166727 0.5237770 0.0282464 0.0173718
27 0.5885726 0.2736241 0.0282464 0.0173717
29 0.3009728 0.5237770 0.0282464 0.0173718
6 0.3715889 0.3987006 0.0282464 0.0173717
2 0.1571729 0.5237770 0.0282464 0.0173718
31 0.5885726 0.5237770 0.0282464 0.0173718
27 0.3715889 0.5863152 0.0282464 0.0173717
31 0.5166727 0.3987006 0.0282464 0.0173717
17 0.3715889 0.2736241 0.0282464 0.0173717
21 0.5885726 0.3987006 0.0282464 0.0173717
22 0.1571729 0.3987006 0.0282464 0.0173717
10 0.3009728 0.4612387 0.0282464 0.0173717
28 0.3009728 0.2736241 0.0282464 0.0173717
29 0.3009728 0.3361623 0.0282464 0.0173718
15 0.3715889 0.5237770 0.0282464 0.0173718
15 0.1571729 0.5863152 0.0282464 0.0173717
