13 0.3952673 0.5871933 0.0274815 0.0159483
31 0.6750788 0.7020211 0.0274815 0.0159484
32 0.6069997 0.5345639 0.5059091 0.4082766
33 0.6057505 0.3580693 0.4584410 0.0148851
20 0.6038768 0.4149516 0.0274815 0.0159483
17 0.6750788 0.4149516 0.0274815 0.0159483
4 0.7450317 0.4149516 0.0274815 0.0159483
2 0.4652202 0.4723655 0.0274815 0.0159483
27 0.6750788 0.5297794 0.0274815 0.0159484
23 0.7450317 0.5297794 0.0274815 0.0159484
34 0.4645956 0.5866616 0.0637071 0.0574139
22 0.4652202 0.5871933 0.0274815 0.0159483
14 0.6038768 0.5871933 0.0274815 0.0159483
26 0.7450317 0.5871933 0.0274815 0.0159483
11 0.3952673 0.6446072 0.0274815 0.0159483
21 0.6038768 0.6446072 0.0274815 0.0159483
31 0.6750788 0.6446072 0.0274815 0.0159483
19 0.7450317 0.6446072 0.0274815 0.0159483
7 0.8149845 0.6446072 0.0274815 0.0159483
13 0.3952673 0.7020211 0.0274815 0.0159484
9 0.3952673 0.5297794 0.0274815 0.0159484
7 0.5351731 0.5297794 0.0274815 0.0159484
17 0.7450317 0.7020211 0.0274815 0.0159484
26 0.8149845 0.4723655 0.0274815 0.0159483
22 0.6038768 0.5297794 0.0274815 0.0159484
30 0.7450317 0.4723655 0.0274815 0.0159483
19 0.3952673 0.4723655 0.0274815 0.0159483
17 0.6750788 0.4723655 0.0274815 0.0159483
24 0.5351731 0.7020211 0.0274815 0.0159484
3 0.8149845 0.5297794 0.0274815 0.0159484
31 0.6750788 0.5871933 0.0274815 0.0159483
16 0.4652202 0.6446072 0.0274815 0.0159483
21 0.8149845 0.5871933 0.0274815 0.0159483
28 0.8149845 0.4149516 0.0274815 0.0159483
14 0.4652202 0.7020211 0.0274815 0.0159484
15 0.5351731 0.5871933 0.0274815 0.0159483
2 0.5351731 0.4149516 0.0274815 0.0159483
31 0.5351731 0.6446072 0.0274815 0.0159483
16 0.6038768 0.7020211 0.0274815 0.0159484
11 0.6038768 0.4723655 0.0274815 0.0159483
10 0.3952673 0.4149516 0.0274815 0.0159483
28 0.5351731 0.4723655 0.0274815 0.0159483
9 0.4652202 0.4149516 0.0274815 0.0159483
5 0.8149845 0.7020211 0.0274815 0.0159484
4 0.4652202 0.5297794 0.0274815 0.0159484
