29 0.2205269 0.7876113 0.0269232 0.0174868
20 0.2890588 0.6617059 0.0269232 0.0174868
32 0.3594263 0.6039993 0.4956324 0.4476634
33 0.3582026 0.4104782 0.4491286 0.0163210
8 0.5631863 0.4728479 0.0269233 0.0174868
31 0.1519950 0.5358006 0.0269232 0.0174868
27 0.4261225 0.5358006 0.0269233 0.0174868
34 0.4940425 0.5352177 0.0624129 0.0629527
27 0.4946544 0.5358006 0.0269233 0.0174868
4 0.2205269 0.5987533 0.0269232 0.0174868
23 0.5631863 0.5987533 0.0269233 0.0174868
19 0.1519950 0.6617059 0.0269232 0.0174868
18 0.3563669 0.6617059 0.0269233 0.0174868
1 0.4261225 0.6617059 0.0269233 0.0174868
26 0.1519950 0.7246586 0.0269232 0.0174868
17 0.2205269 0.7246586 0.0269232 0.0174868
2 0.2890588 0.7246586 0.0269232 0.0174868
15 0.3563669 0.7246586 0.0269233 0.0174868
12 0.4261225 0.7246586 0.0269233 0.0174868
25 0.1519950 0.7876113 0.0269232 0.0174868
31 0.2890588 0.4728479 0.0269232 0.0174868
18 0.4261225 0.5987533 0.0269233 0.0174868
31 0.4946544 0.7246586 0.0269233 0.0174868
5 0.1519950 0.4728479 0.0269232 0.0174868
27 0.4261225 0.4728479 0.0269233 0.0174868
24 0.3563669 0.5987533 0.0269233 0.0174868
21 0.5631863 0.7876113 0.0269233 0.0174868
29 0.2205269 0.6617059 0.0269232 0.0174868
18 0.2205269 0.5358006 0.0269232 0.0174868
29 0.4946544 0.5987533 0.0269233 0.0174868
1 0.4946544 0.6617059 0.0269233 0.0174868
6 0.1519950 0.5987533 0.0269232 0.0174868
4 0.2890588 0.7876113 0.0269232 0.0174868
3 0.5631863 0.7246586 0.0269233 0.0174868
9 0.4261225 0.7876113 0.0269233 0.0174868
5 0.2205269 0.4728479 0.0269232 0.0174868
2 0.2890588 0.5358006 0.0269232 0.0174868
8 0.3563669 0.5358006 0.0269233 0.0174868
2 0.5631863 0.6617059 0.0269233 0.0174868
21 0.4946544 0.4728479 0.0269233 0.0174868
27 0.3563669 0.4728479 0.0269233 0.0174868
18 0.2890588 0.5987533 0.0269232 0.0174868
26 0.3563669 0.7876113 0.0269233 0.0174868
15 0.4946544 0.7876113 0.0269233 0.0174868
15 0.5631863 0.5358006 0.0269233 0.0174868
