16 0.2994916 0.3587903 0.0275278 0.0161451
18 0.5097037 0.5331575 0.0275278 0.0161451
32 0.3714392 0.4798786 0.5067613 0.4133147
33 0.3701880 0.3012061 0.4592133 0.0150688
14 0.1593502 0.3587903 0.0275278 0.0161451
18 0.2294209 0.3587903 0.0275278 0.0161451
22 0.3683111 0.3587903 0.0275278 0.0161451
15 0.2294209 0.4169127 0.0275278 0.0161451
16 0.5097037 0.4169127 0.0275278 0.0161451
27 0.2294209 0.5331575 0.0275278 0.0161451
3 0.2994916 0.5331575 0.0275278 0.0161451
6 0.3683111 0.5331575 0.0275278 0.0161451
2 0.5797744 0.5331575 0.0275278 0.0161451
21 0.1593502 0.5912798 0.0275278 0.0161452
23 0.5097037 0.5912798 0.0275278 0.0161452
24 0.1593502 0.6494023 0.0275278 0.0161451
31 0.2294209 0.6494023 0.0275278 0.0161451
34 0.3683111 0.6488641 0.0650656 0.0581224
19 0.3683111 0.6494023 0.0275278 0.0161451
30 0.5097037 0.6494023 0.0275278 0.0161451
3 0.3683111 0.4750351 0.0275278 0.0161451
4 0.4396330 0.4169127 0.0275278 0.0161451
6 0.2994916 0.4750351 0.0275278 0.0161451
25 0.2294209 0.4750351 0.0275278 0.0161451
5 0.5797744 0.4169127 0.0275278 0.0161451
28 0.4396330 0.4750351 0.0275278 0.0161451
17 0.5797744 0.3587903 0.0275278 0.0161451
16 0.2994916 0.5912798 0.0275278 0.0161452
22 0.4396330 0.6494023 0.0275278 0.0161451
19 0.1593502 0.5331575 0.0275278 0.0161451
17 0.4396330 0.5912798 0.0275278 0.0161452
20 0.5797744 0.5912798 0.0275278 0.0161452
7 0.1593502 0.4169127 0.0275278 0.0161451
13 0.4396330 0.5331575 0.0275278 0.0161451
26 0.2994916 0.4169127 0.0275278 0.0161451
18 0.1593502 0.4750351 0.0275278 0.0161451
10 0.2294209 0.5912798 0.0275278 0.0161452
8 0.2994916 0.6494023 0.0275278 0.0161451
4 0.3683111 0.4169127 0.0275278 0.0161451
25 0.5797744 0.4750351 0.0275278 0.0161451
19 0.3683111 0.5912798 0.0275278 0.0161452
18 0.5097037 0.4750351 0.0275278 0.0161451
4 0.5797744 0.6494023 0.0275278 0.0161451
27 0.4396330 0.3587903 0.0275278 0.0161451
12 0.5097037 0.3587903 0.0275278 0.0161451
