1 0.4700275 0.6434475 0.0266993 0.0163367
26 0.4700275 0.7022596 0.0266993 0.0163367
32 0.2679626 0.5307245 0.4915091 0.4182189
33 0.2667490 0.3499319 0.4453922 0.0152476
16 0.0622570 0.4081994 0.0266993 0.0163367
9 0.1302187 0.4081994 0.0266993 0.0163367
29 0.2649286 0.4081994 0.0266993 0.0163367
34 0.3334972 0.4076548 0.0643209 0.0588120
3 0.3341040 0.4081994 0.0266993 0.0163367
7 0.0622570 0.4670114 0.0266993 0.0163367
6 0.1302187 0.4670114 0.0266993 0.0163367
19 0.1981805 0.4670114 0.0266993 0.0163367
25 0.2649286 0.4670114 0.0266993 0.0163367
8 0.2649286 0.5258235 0.0266993 0.0163367
14 0.4700275 0.5258235 0.0266993 0.0163367
15 0.1981805 0.5846355 0.0266993 0.0163367
3 0.2649286 0.5846355 0.0266993 0.0163367
27 0.4020657 0.5846355 0.0266993 0.0163367
26 0.4700275 0.5846355 0.0266993 0.0163367
18 0.1981805 0.6434475 0.0266993 0.0163367
18 0.3341040 0.7022596 0.0266993 0.0163367
4 0.4020657 0.4670114 0.0266993 0.0163367
7 0.1302187 0.5258235 0.0266993 0.0163367
3 0.4020657 0.5258235 0.0266993 0.0163367
24 0.1981805 0.5258235 0.0266993 0.0163367
11 0.4700275 0.4081994 0.0266993 0.0163367
10 0.1302187 0.5846355 0.0266993 0.0163367
17 0.0622570 0.5258235 0.0266993 0.0163367
19 0.4020657 0.6434475 0.0266993 0.0163367
6 0.3341040 0.4670114 0.0266993 0.0163367
6 0.2649286 0.6434475 0.0266993 0.0163367
3 0.4020657 0.7022596 0.0266993 0.0163367
12 0.1302187 0.7022596 0.0266993 0.0163367
25 0.0622570 0.7022596 0.0266993 0.0163367
12 0.3341040 0.5258235 0.0266993 0.0163367
8 0.3341040 0.6434475 0.0266993 0.0163367
25 0.4700275 0.4670114 0.0266993 0.0163367
9 0.1981805 0.4081994 0.0266993 0.0163367
15 0.0622570 0.6434475 0.0266993 0.0163367
2 0.4020657 0.4081994 0.0266993 0.0163367
11 0.2649286 0.7022596 0.0266993 0.0163367
15 0.3341040 0.5846355 0.0266993 0.0163367
20 0.0622570 0.5846355 0.0266993 0.0163367
30 0.1302187 0.6434475 0.0266993 0.0163367
31 0.1981805 0.7022596 0.0266993 0.0163367
