3 0.6202074 0.5821920 0.0283495 0.0169735
21 0.6923697 0.4599831 0.0283495 0.0169735
32 0.5499780 0.5872841 0.5218883 0.4345206
33 0.5486893 0.3994444 0.4729210 0.0158419
29 0.4037204 0.5210875 0.0283495 0.0169735
20 0.4758827 0.5210875 0.0283495 0.0169735
1 0.6202074 0.5210875 0.0283495 0.0169735
30 0.5467564 0.5821920 0.0283495 0.0169735
14 0.7645320 0.5821920 0.0283495 0.0169735
22 0.3315581 0.6432964 0.0283495 0.0169735
7 0.4758827 0.6432964 0.0283495 0.0169735
10 0.6923697 0.6432964 0.0283495 0.0169735
9 0.3315581 0.7044009 0.0283495 0.0169735
4 0.4758827 0.7044009 0.0283495 0.0169735
19 0.7645320 0.7044009 0.0283495 0.0169735
34 0.3315581 0.7649396 0.0670079 0.0611045
16 0.3315581 0.7655054 0.0283495 0.0169735
11 0.4037204 0.7655054 0.0283495 0.0169735
23 0.6202074 0.7655054 0.0283495 0.0169735
2 0.7645320 0.7655054 0.0283495 0.0169735
31 0.3315581 0.4599831 0.0283495 0.0169735
8 0.6202074 0.7044009 0.0283495 0.0169735
9 0.4037204 0.6432964 0.0283495 0.0169735
22 0.7645320 0.4599831 0.0283495 0.0169735
7 0.3315581 0.5821920 0.0283495 0.0169735
16 0.6923697 0.7044009 0.0283495 0.0169735
2 0.7645320 0.5210875 0.0283495 0.0169735
26 0.6923697 0.5210875 0.0283495 0.0169735
19 0.3315581 0.5210875 0.0283495 0.0169735
31 0.7645320 0.6432964 0.0283495 0.0169735
6 0.6923697 0.7655054 0.0283495 0.0169735
1 0.5467564 0.5210875 0.0283495 0.0169735
25 0.5467564 0.7044009 0.0283495 0.0169735
6 0.4758827 0.7655054 0.0283495 0.0169735
10 0.6202074 0.6432964 0.0283495 0.0169735
19 0.4758827 0.4599831 0.0283495 0.0169735
25 0.4037204 0.5821920 0.0283495 0.0169735
26 0.5467564 0.7655054 0.0283495 0.0169735
30 0.4037204 0.7044009 0.0283495 0.0169735
20 0.5467564 0.6432964 0.0283495 0.0169735
15 0.4037204 0.4599831 0.0283495 0.0169735
26 0.4758827 0.5821920 0.0283495 0.0169735
8 0.6202074 0.4599831 0.0283495 0.0169735
31 0.6923697 0.5821920 0.0283495 0.0169735
5 0.5467564 0.4599831 0.0283495 0.0169735
