20 0.2970105 0.5027699 0.0285245 0.0167387
13 0.3696182 0.5630292 0.0285245 0.0167387
32 0.4441708 0.5680509 0.5251091 0.4285108
33 0.4428742 0.3828092 0.4758396 0.0156228
29 0.2970105 0.4425106 0.0285245 0.0167387
10 0.5148336 0.4425106 0.0285244 0.0167387
12 0.5874413 0.4425106 0.0285245 0.0167387
18 0.6600490 0.4425106 0.0285244 0.0167387
4 0.2244028 0.5027699 0.0285245 0.0167387
34 0.3696182 0.5022120 0.0674214 0.0602593
11 0.3696182 0.5027699 0.0285245 0.0167387
20 0.2970105 0.5630292 0.0285245 0.0167387
22 0.5148336 0.5630292 0.0285244 0.0167387
7 0.6600490 0.5630292 0.0285244 0.0167387
19 0.5148336 0.6232886 0.0285244 0.0167387
14 0.6600490 0.6232886 0.0285244 0.0167387
9 0.2244028 0.6835479 0.0285245 0.0167387
26 0.6600490 0.6835479 0.0285244 0.0167387
23 0.4409293 0.7438072 0.0285245 0.0167387
24 0.6600490 0.7438072 0.0285244 0.0167387
29 0.4409293 0.5630292 0.0285245 0.0167387
6 0.6600490 0.5027699 0.0285244 0.0167387
15 0.5874413 0.6835479 0.0285245 0.0167387
31 0.2244028 0.7438072 0.0285245 0.0167387
10 0.2244028 0.6232886 0.0285245 0.0167387
1 0.3696182 0.4425106 0.0285245 0.0167387
14 0.4409293 0.6232886 0.0285245 0.0167387
30 0.2970105 0.7438072 0.0285245 0.0167387
18 0.2244028 0.4425106 0.0285245 0.0167387
9 0.2970105 0.6835479 0.0285245 0.0167387
28 0.3696182 0.6835479 0.0285245 0.0167387
25 0.4409293 0.5027699 0.0285245 0.0167387
29 0.2244028 0.5630292 0.0285245 0.0167387
14 0.3696182 0.6232886 0.0285245 0.0167387
20 0.4409293 0.4425106 0.0285245 0.0167387
3 0.5874413 0.5027699 0.0285245 0.0167387
20 0.2970105 0.6232886 0.0285245 0.0167387
6 0.4409293 0.6835479 0.0285245 0.0167387
15 0.5874413 0.6232886 0.0285245 0.0167387
26 0.5874413 0.5630292 0.0285245 0.0167387
24 0.5148336 0.6835479 0.0285244 0.0167387
10 0.3696182 0.7438072 0.0285245 0.0167387
9 0.5874413 0.7438072 0.0285245 0.0167387
4 0.5148336 0.7438072 0.0285244 0.0167387
20 0.5148336 0.5027699 0.0285244 0.0167387
