5 0.4825807 0.5351786 0.0268541 0.0165664
22 0.2787336 0.4755393 0.0268541 0.0165665
32 0.4856323 0.4208700 0.4943597 0.4241012
33 0.4844117 0.2375346 0.4479753 0.0154620
2 0.2787336 0.2966216 0.0268541 0.0165664
4 0.4154455 0.2966216 0.0268541 0.0165664
5 0.6205132 0.2966216 0.0268541 0.0165664
19 0.4825807 0.3562609 0.0268541 0.0165664
27 0.6205132 0.3562609 0.0268541 0.0165664
29 0.6888691 0.3562609 0.0268541 0.0165664
10 0.3470895 0.4159001 0.0268541 0.0165665
8 0.6205132 0.4159001 0.0268541 0.0165665
15 0.6888691 0.4159001 0.0268541 0.0165665
34 0.5515469 0.4749871 0.0646940 0.0596392
3 0.5521573 0.4755393 0.0268541 0.0165665
24 0.6205132 0.4755393 0.0268541 0.0165665
3 0.2787336 0.5351786 0.0268541 0.0165664
31 0.5521573 0.5351786 0.0268541 0.0165664
12 0.2787336 0.5948178 0.0268541 0.0165664
13 0.6205132 0.5948178 0.0268541 0.0165664
11 0.5521573 0.3562609 0.0268541 0.0165664
1 0.3470895 0.2966216 0.0268541 0.0165664
26 0.6888691 0.4755393 0.0268541 0.0165665
22 0.4154455 0.3562609 0.0268541 0.0165664
10 0.3470895 0.4755393 0.0268541 0.0165665
21 0.3470895 0.5948178 0.0268541 0.0165664
24 0.6888691 0.5948178 0.0268541 0.0165664
7 0.4825807 0.2966216 0.0268541 0.0165664
18 0.6205132 0.5351786 0.0268541 0.0165664
25 0.2787336 0.4159001 0.0268541 0.0165665
25 0.4825807 0.5948178 0.0268541 0.0165664
10 0.4154455 0.5948178 0.0268541 0.0165664
25 0.6888691 0.2966216 0.0268541 0.0165664
5 0.4825807 0.4755393 0.0268541 0.0165665
5 0.5521573 0.4159001 0.0268541 0.0165665
16 0.4154455 0.4755393 0.0268541 0.0165665
30 0.6888691 0.5351786 0.0268541 0.0165664
14 0.2787336 0.3562609 0.0268541 0.0165664
6 0.3470895 0.5351786 0.0268541 0.0165664
5 0.3470895 0.3562609 0.0268541 0.0165664
25 0.4154455 0.4159001 0.0268541 0.0165665
9 0.4154455 0.5351786 0.0268541 0.0165664
20 0.5521573 0.5948178 0.0268541 0.0165664
17 0.4825807 0.4159001 0.0268541 0.0165665
27 0.5521573 0.2966216 0.0268541 0.0165664
