9 0.2724659 0.6252231 0.0261541 0.0172253
19 0.3390398 0.5012012 0.0261541 0.0172253
32 0.4739711 0.5063688 0.4814725 0.4409667
33 0.4727822 0.3157425 0.4362973 0.0160769
14 0.2724659 0.3771793 0.0261541 0.0172253
13 0.3390398 0.3771793 0.0261541 0.0172253
4 0.6719098 0.3771793 0.0261541 0.0172253
16 0.3390398 0.4391902 0.0261541 0.0172253
31 0.4056139 0.4391902 0.0261541 0.0172253
9 0.5387618 0.4391902 0.0261541 0.0172253
29 0.5387618 0.5012012 0.0261541 0.0172253
27 0.6053358 0.5012012 0.0261540 0.0172253
34 0.6719098 0.5006270 0.0618187 0.0620110
6 0.6719098 0.5012012 0.0261541 0.0172253
5 0.4056139 0.6252231 0.0261541 0.0172253
24 0.5387618 0.6252231 0.0261541 0.0172253
11 0.3390398 0.6872340 0.0261541 0.0172253
30 0.4056139 0.6872340 0.0261541 0.0172253
19 0.4709990 0.6872340 0.0261540 0.0172253
23 0.6719098 0.6872340 0.0261541 0.0172253
12 0.2724659 0.6872340 0.0261541 0.0172253
18 0.4709990 0.6252231 0.0261540 0.0172253
26 0.3390398 0.5632121 0.0261541 0.0172253
21 0.5387618 0.3771793 0.0261541 0.0172253
27 0.2724659 0.5632121 0.0261541 0.0172253
29 0.3390398 0.6252231 0.0261541 0.0172253
19 0.6719098 0.6252231 0.0261541 0.0172253
27 0.2724659 0.5012012 0.0261541 0.0172253
5 0.6053358 0.4391902 0.0261540 0.0172253
17 0.6053358 0.6872340 0.0261540 0.0172253
2 0.6053358 0.5632121 0.0261540 0.0172253
24 0.4056139 0.5632121 0.0261541 0.0172253
12 0.4709990 0.5012012 0.0261540 0.0172253
3 0.5387618 0.6872340 0.0261541 0.0172253
21 0.4056139 0.5012012 0.0261541 0.0172253
28 0.4056139 0.3771793 0.0261541 0.0172253
2 0.6719098 0.5632121 0.0261541 0.0172253
10 0.2724659 0.4391902 0.0261541 0.0172253
29 0.4709990 0.5632121 0.0261540 0.0172253
8 0.4709990 0.4391902 0.0261540 0.0172253
4 0.6053358 0.6252231 0.0261540 0.0172253
21 0.6053358 0.3771793 0.0261540 0.0172253
29 0.6719098 0.4391902 0.0261541 0.0172253
5 0.4709990 0.3771793 0.0261540 0.0172253
16 0.5387618 0.5632121 0.0261541 0.0172253
