20 0.3066370 0.5588271 0.0282820 0.0170581
12 0.3066370 0.3131903 0.0282820 0.0170581
32 0.5245370 0.4411262 0.5206459 0.4366877
33 0.5232515 0.2523497 0.4717951 0.0159209
12 0.3786276 0.3131903 0.0282820 0.0170581
14 0.4506181 0.3131903 0.0282820 0.0170581
5 0.5213232 0.3131903 0.0282820 0.0170581
30 0.5945992 0.3131903 0.0282820 0.0170581
11 0.6665897 0.3131903 0.0282820 0.0170581
22 0.5945992 0.3745995 0.0282820 0.0170581
8 0.3066370 0.4360087 0.0282820 0.0170581
7 0.3786276 0.4360087 0.0282820 0.0170581
23 0.4506181 0.4360087 0.0282820 0.0170581
34 0.5939565 0.4354401 0.0681339 0.0614092
6 0.5945992 0.4360087 0.0282820 0.0170581
20 0.6665897 0.4360087 0.0282820 0.0170581
18 0.7385803 0.4360087 0.0282819 0.0170581
6 0.3066370 0.4974179 0.0282820 0.0170582
31 0.5945992 0.4974179 0.0282820 0.0170582
17 0.3786276 0.6202363 0.0282820 0.0170581
16 0.7385803 0.4974179 0.0282819 0.0170582
7 0.4506181 0.4974179 0.0282820 0.0170582
25 0.6665897 0.6202363 0.0282820 0.0170581
28 0.5213232 0.6202363 0.0282820 0.0170581
12 0.5213232 0.4974179 0.0282820 0.0170582
28 0.6665897 0.4974179 0.0282820 0.0170582
17 0.4506181 0.6202363 0.0282820 0.0170581
24 0.3786276 0.4974179 0.0282820 0.0170582
19 0.3066370 0.3745995 0.0282820 0.0170581
7 0.7385803 0.3745995 0.0282819 0.0170581
13 0.5213232 0.4360087 0.0282820 0.0170581
10 0.3786276 0.5588271 0.0282820 0.0170581
1 0.3786276 0.3745995 0.0282820 0.0170581
6 0.3066370 0.6202363 0.0282820 0.0170581
31 0.5213232 0.3745995 0.0282820 0.0170581
14 0.5213232 0.5588271 0.0282820 0.0170581
8 0.4506181 0.5588271 0.0282820 0.0170581
9 0.7385803 0.3131903 0.0282819 0.0170581
20 0.6665897 0.3745995 0.0282820 0.0170581
2 0.7385803 0.5588271 0.0282819 0.0170581
14 0.5945992 0.6202363 0.0282820 0.0170581
18 0.5945992 0.5588271 0.0282820 0.0170581
8 0.6665897 0.5588271 0.0282820 0.0170581
9 0.7385803 0.6202363 0.0282819 0.0170581
10 0.4506181 0.3745995 0.0282820 0.0170581
