10 0.1910375 0.6556101 0.0282042 0.0165965
14 0.1192451 0.4166201 0.0282041 0.0165965
32 0.3365452 0.5410941 0.5192126 0.4248713
33 0.3352632 0.3574258 0.4704964 0.0154901
2 0.3333402 0.4166201 0.0282042 0.0165965
3 0.4782069 0.4166201 0.0282042 0.0165965
16 0.2628299 0.4763676 0.0282042 0.0165965
14 0.4064146 0.4763676 0.0282042 0.0165965
10 0.2628299 0.5361151 0.0282042 0.0165965
20 0.3333402 0.5361151 0.0282042 0.0165965
4 0.4064146 0.5361151 0.0282042 0.0165965
27 0.2628299 0.5958626 0.0282042 0.0165965
25 0.4782069 0.5958626 0.0282042 0.0165965
21 0.5499993 0.5958626 0.0282041 0.0165965
8 0.3333402 0.6556101 0.0282042 0.0165965
30 0.5499993 0.6556101 0.0282041 0.0165965
13 0.1192451 0.7153577 0.0282041 0.0165965
34 0.1903965 0.7148045 0.0653823 0.0597476
12 0.1910375 0.7153577 0.0282042 0.0165965
12 0.2628299 0.7153577 0.0282042 0.0165965
14 0.4064146 0.4166201 0.0282042 0.0165965
1 0.1192451 0.6556101 0.0282041 0.0165965
19 0.5499993 0.5361151 0.0282041 0.0165965
11 0.1910375 0.5958626 0.0282042 0.0165965
28 0.1192451 0.5361151 0.0282041 0.0165965
30 0.3333402 0.7153577 0.0282042 0.0165965
21 0.4064146 0.5958626 0.0282042 0.0165965
27 0.1910375 0.5361151 0.0282042 0.0165965
5 0.3333402 0.4763676 0.0282042 0.0165965
11 0.3333402 0.5958626 0.0282042 0.0165965
31 0.1910375 0.4763676 0.0282042 0.0165965
22 0.4782069 0.4763676 0.0282042 0.0165965
10 0.1910375 0.4166201 0.0282042 0.0165965
14 0.1192451 0.4763676 0.0282041 0.0165965
15 0.5499993 0.4166201 0.0282041 0.0165965
17 0.4064146 0.7153577 0.0282042 0.0165965
5 0.4782069 0.6556101 0.0282042 0.0165965
8 0.5499993 0.4763676 0.0282041 0.0165965
13 0.5499993 0.7153577 0.0282041 0.0165965
16 0.4782069 0.7153577 0.0282042 0.0165965
7 0.2628299 0.6556101 0.0282042 0.0165965
19 0.4782069 0.5361151 0.0282042 0.0165965
24 0.4064146 0.6556101 0.0282042 0.0165965
2 0.2628299 0.4166201 0.0282042 0.0165965
22 0.1192451 0.5958626 0.0282041 0.0165965
