8 0.3540662 0.4815438 0.0276949 0.0162026
29 0.5642954 0.4815438 0.0276949 0.0162026
32 0.5674426 0.4280754 0.5098374 0.4147852
33 0.5661837 0.2487673 0.4620008 0.0151224
34 0.4239328 0.3060162 0.0642018 0.0583292
13 0.4245622 0.3065563 0.0276949 0.0162025
3 0.5642954 0.3065563 0.0276949 0.0162025
7 0.6360503 0.3065563 0.0276949 0.0162025
29 0.4245622 0.3648855 0.0276949 0.0162026
27 0.4950582 0.3648855 0.0276949 0.0162026
31 0.6360503 0.3648855 0.0276949 0.0162026
23 0.3540662 0.4232147 0.0276949 0.0162025
4 0.6360503 0.4232147 0.0276949 0.0162025
18 0.7770424 0.4232147 0.0276949 0.0162025
21 0.4950582 0.4815438 0.0276949 0.0162026
11 0.6360503 0.4815438 0.0276949 0.0162026
14 0.4950582 0.5398730 0.0276949 0.0162025
19 0.5642954 0.5398730 0.0276949 0.0162025
30 0.4950582 0.5982022 0.0276949 0.0162025
24 0.5642954 0.5982022 0.0276949 0.0162025
2 0.5642954 0.4232147 0.0276949 0.0162025
16 0.4245622 0.5398730 0.0276949 0.0162025
26 0.7065463 0.5982022 0.0276949 0.0162025
29 0.5642954 0.3648855 0.0276949 0.0162026
30 0.6360503 0.5982022 0.0276949 0.0162025
26 0.7065463 0.4232147 0.0276949 0.0162025
2 0.7065463 0.3065563 0.0276949 0.0162025
13 0.3540662 0.3065563 0.0276949 0.0162025
31 0.4245622 0.4232147 0.0276949 0.0162025
4 0.7065463 0.3648855 0.0276949 0.0162026
18 0.3540662 0.5398730 0.0276949 0.0162025
1 0.4950582 0.4232147 0.0276949 0.0162025
4 0.3540662 0.5982022 0.0276949 0.0162025
30 0.7770424 0.4815438 0.0276949 0.0162026
30 0.7770424 0.3648855 0.0276949 0.0162026
26 0.7770424 0.5982022 0.0276949 0.0162025
7 0.4245622 0.4815438 0.0276949 0.0162026
12 0.4245622 0.5982022 0.0276949 0.0162025
24 0.7065463 0.4815438 0.0276949 0.0162026
4 0.6360503 0.5398730 0.0276949 0.0162025
20 0.7770424 0.5398730 0.0276949 0.0162025
21 0.4950582 0.3065563 0.0276949 0.0162025
14 0.7065463 0.5398730 0.0276949 0.0162025
14 0.3540662 0.3648855 0.0276949 0.0162026
10 0.7770424 0.3065563 0.0276949 0.0162025
