5 0.4240906 0.5218729 0.0278003 0.0173941
20 0.4240906 0.3966360 0.0278003 0.0173940
32 0.4967504 0.5270911 0.5117778 0.4452867
33 0.4954868 0.3345974 0.4637592 0.0162344
6 0.3533263 0.3966360 0.0278003 0.0173940
25 0.5656193 0.3966360 0.0278003 0.0173940
13 0.6363836 0.3966360 0.0278003 0.0173940
8 0.3533263 0.4592545 0.0278003 0.0173940
12 0.4935912 0.4592545 0.0278003 0.0173940
17 0.5656193 0.4592545 0.0278003 0.0173940
18 0.2825619 0.5218729 0.0278003 0.0173941
15 0.5656193 0.5218729 0.0278003 0.0173941
22 0.3533263 0.5844914 0.0278003 0.0173940
30 0.4935912 0.5844914 0.0278003 0.0173940
3 0.6363836 0.5844914 0.0278003 0.0173940
34 0.2825619 0.6465299 0.0657097 0.0626185
30 0.2825619 0.6471098 0.0278003 0.0173940
5 0.2825619 0.7097282 0.0278003 0.0173940
14 0.3533263 0.7097282 0.0278003 0.0173940
21 0.5656193 0.7097282 0.0278003 0.0173940
17 0.4240906 0.7097282 0.0278003 0.0173940
7 0.3533263 0.6471098 0.0278003 0.0173940
20 0.6363836 0.7097282 0.0278003 0.0173940
9 0.7071479 0.5218729 0.0278003 0.0173941
10 0.4935912 0.7097282 0.0278003 0.0173940
15 0.2825619 0.4592545 0.0278003 0.0173940
25 0.7071479 0.7097282 0.0278003 0.0173940
24 0.4935912 0.3966360 0.0278003 0.0173940
19 0.4240906 0.6471098 0.0278003 0.0173940
5 0.4240906 0.5844914 0.0278003 0.0173940
3 0.5656193 0.6471098 0.0278003 0.0173940
15 0.2825619 0.5844914 0.0278003 0.0173940
1 0.6363836 0.5218729 0.0278003 0.0173941
28 0.7071479 0.4592545 0.0278003 0.0173940
28 0.6363836 0.4592545 0.0278003 0.0173940
14 0.7071479 0.3966360 0.0278003 0.0173940
18 0.4935912 0.5218729 0.0278003 0.0173941
11 0.6363836 0.6471098 0.0278003 0.0173940
18 0.5656193 0.5844914 0.0278003 0.0173940
31 0.2825619 0.3966360 0.0278003 0.0173940
19 0.4240906 0.4592545 0.0278003 0.0173940
17 0.7071479 0.5844914 0.0278003 0.0173940
5 0.4935912 0.6471098 0.0278003 0.0173940
17 0.3533263 0.5218729 0.0278003 0.0173941
18 0.7071479 0.6471098 0.0278003 0.0173940
