9 0.5056159 0.5302712 0.0269409 0.0158907
10 0.6427698 0.5874778 0.0269409 0.0158906
32 0.5760297 0.5350384 0.4959583 0.4068019
33 0.5748051 0.3591814 0.4494239 0.0148313
11 0.5729683 0.4158582 0.0269410 0.0158907
7 0.6427698 0.4158582 0.0269409 0.0158907
25 0.7113467 0.4158582 0.0269409 0.0158907
20 0.7799237 0.4158582 0.0269409 0.0158907
27 0.3684620 0.4730647 0.0269409 0.0158907
12 0.5729683 0.4730647 0.0269410 0.0158907
8 0.6427698 0.4730647 0.0269409 0.0158907
6 0.7113467 0.4730647 0.0269409 0.0158907
5 0.3684620 0.5874778 0.0269409 0.0158906
3 0.5056159 0.5874778 0.0269409 0.0158906
26 0.4370390 0.6446842 0.0269409 0.0158907
9 0.6427698 0.6446842 0.0269409 0.0158907
10 0.7113467 0.6446842 0.0269409 0.0158907
34 0.5056159 0.7013611 0.0636786 0.0572066
29 0.5056159 0.7018907 0.0269409 0.0158907
30 0.7113467 0.7018907 0.0269409 0.0158907
3 0.4370390 0.4730647 0.0269409 0.0158907
4 0.4370390 0.7018907 0.0269409 0.0158907
22 0.7799237 0.5302712 0.0269409 0.0158907
24 0.3684620 0.5302712 0.0269409 0.0158907
4 0.5729683 0.5874778 0.0269410 0.0158906
28 0.4370390 0.5874778 0.0269409 0.0158906
28 0.5729683 0.6446842 0.0269410 0.0158907
28 0.4370390 0.4158582 0.0269409 0.0158907
14 0.3684620 0.7018907 0.0269409 0.0158907
25 0.6427698 0.7018907 0.0269409 0.0158907
1 0.3684620 0.4158582 0.0269409 0.0158907
16 0.3684620 0.6446842 0.0269409 0.0158907
22 0.7799237 0.5874778 0.0269409 0.0158906
3 0.7113467 0.5302712 0.0269409 0.0158907
28 0.5729683 0.7018907 0.0269410 0.0158907
11 0.4370390 0.5302712 0.0269409 0.0158907
8 0.6427698 0.5302712 0.0269409 0.0158907
15 0.7799237 0.4730647 0.0269409 0.0158907
18 0.5056159 0.4158582 0.0269409 0.0158907
22 0.5056159 0.6446842 0.0269409 0.0158907
14 0.7799237 0.7018907 0.0269409 0.0158907
26 0.7113467 0.5874778 0.0269409 0.0158906
14 0.5729683 0.5302712 0.0269410 0.0158907
2 0.5056159 0.4730647 0.0269409 0.0158907
18 0.7799237 0.6446842 0.0269409 0.0158907
