9 0.4691586 0.7608983 0.0285453 0.0174209
4 0.3964979 0.5727525 0.0285453 0.0174209
32 0.5437656 0.5779788 0.5254926 0.4459750
33 0.5424681 0.3851875 0.4761872 0.0162595
5 0.3238372 0.4473220 0.0285453 0.0174209
31 0.3238372 0.5100373 0.0285453 0.0174209
14 0.3964979 0.5100373 0.0285453 0.0174209
8 0.4691586 0.5100373 0.0285453 0.0174209
30 0.6144801 0.5100373 0.0285453 0.0174209
3 0.7598015 0.5100373 0.0285452 0.0174209
9 0.3238372 0.5727525 0.0285453 0.0174209
26 0.5405218 0.5727525 0.0285453 0.0174209
6 0.3964979 0.6354678 0.0285453 0.0174209
10 0.5405218 0.6354678 0.0285453 0.0174209
34 0.6138313 0.6348871 0.0687682 0.0627153
2 0.6144801 0.6354678 0.0285453 0.0174209
27 0.3964979 0.6981831 0.0285453 0.0174209
11 0.3964979 0.7608983 0.0285453 0.0174209
24 0.6871408 0.7608983 0.0285453 0.0174209
23 0.7598015 0.7608983 0.0285452 0.0174209
22 0.6144801 0.6981831 0.0285453 0.0174209
12 0.6871408 0.6981831 0.0285453 0.0174209
12 0.6144801 0.7608983 0.0285453 0.0174209
7 0.5405218 0.7608983 0.0285453 0.0174209
20 0.3238372 0.7608983 0.0285453 0.0174209
11 0.5405218 0.5100373 0.0285453 0.0174209
19 0.6144801 0.5727525 0.0285453 0.0174209
19 0.4691586 0.4473220 0.0285453 0.0174209
28 0.6871408 0.4473220 0.0285453 0.0174209
8 0.7598015 0.6354678 0.0285452 0.0174209
25 0.6871408 0.5727525 0.0285453 0.0174209
26 0.6144801 0.4473220 0.0285453 0.0174209
12 0.7598015 0.6981831 0.0285452 0.0174209
30 0.3238372 0.6354678 0.0285453 0.0174209
5 0.5405218 0.6981831 0.0285453 0.0174209
11 0.6871408 0.5100373 0.0285453 0.0174209
30 0.3238372 0.6981831 0.0285453 0.0174209
21 0.3964979 0.4473220 0.0285453 0.0174209
9 0.4691586 0.6354678 0.0285453 0.0174209
28 0.4691586 0.6981831 0.0285453 0.0174209
13 0.5405218 0.4473220 0.0285453 0.0174209
28 0.7598015 0.4473220 0.0285452 0.0174209
3 0.7598015 0.5727525 0.0285452 0.0174209
12 0.4691586 0.5727525 0.0285453 0.0174209
16 0.6871408 0.6354678 0.0285453 0.0174209
