10 0.2695678 0.4062423 0.0263197 0.0163261
15 0.4035592 0.6413383 0.0263197 0.0163261
32 0.4723494 0.4699141 0.4845224 0.4179484
33 0.4711531 0.2892386 0.4390611 0.0152377
25 0.2695678 0.3474683 0.0263197 0.0163261
24 0.3365635 0.3474683 0.0263197 0.0163261
15 0.4035592 0.3474683 0.0263197 0.0163261
34 0.6039481 0.3469241 0.0610139 0.0587740
15 0.6045462 0.3474683 0.0263197 0.0163261
18 0.4035592 0.4062423 0.0263197 0.0163261
12 0.5375506 0.4062423 0.0263197 0.0163261
6 0.4035592 0.4650163 0.0263197 0.0163262
14 0.4693585 0.4650163 0.0263197 0.0163262
29 0.5375506 0.4650163 0.0263197 0.0163262
8 0.3365635 0.5237903 0.0263197 0.0163262
26 0.6045462 0.5237903 0.0263197 0.0163262
3 0.3365635 0.5825643 0.0263197 0.0163261
21 0.2695678 0.6413383 0.0263197 0.0163261
2 0.3365635 0.6413383 0.0263197 0.0163261
10 0.5375506 0.6413383 0.0263197 0.0163261
6 0.6045462 0.4062423 0.0263197 0.0163261
21 0.4693585 0.3474683 0.0263197 0.0163261
4 0.5375506 0.5237903 0.0263197 0.0163262
26 0.4693585 0.6413383 0.0263197 0.0163261
27 0.4693585 0.5825643 0.0263197 0.0163261
9 0.6715420 0.3474683 0.0263197 0.0163261
2 0.2695678 0.4650163 0.0263197 0.0163262
28 0.4693585 0.5237903 0.0263197 0.0163262
22 0.3365635 0.4062423 0.0263197 0.0163261
30 0.4693585 0.4062423 0.0263197 0.0163261
14 0.2695678 0.5237903 0.0263197 0.0163262
19 0.2695678 0.5825643 0.0263197 0.0163261
13 0.5375506 0.3474683 0.0263197 0.0163261
17 0.3365635 0.4650163 0.0263197 0.0163262
12 0.6715420 0.6413383 0.0263197 0.0163261
29 0.5375506 0.5825643 0.0263197 0.0163261
1 0.4035592 0.5825643 0.0263197 0.0163261
29 0.6715420 0.4062423 0.0263197 0.0163261
15 0.6045462 0.6413383 0.0263197 0.0163261
14 0.6715420 0.4650163 0.0263197 0.0163262
27 0.6715420 0.5825643 0.0263197 0.0163261
7 0.6045462 0.5825643 0.0263197 0.0163261
7 0.4035592 0.5237903 0.0263197 0.0163262
26 0.6045462 0.4650163 0.0263197 0.0163262
30 0.6715420 0.5237903 0.0263197 0.0163262
