16 0.6267246 0.3931137 0.0266021 0.0166844
6 0.6944389 0.5733053 0.0266021 0.0166844
32 0.5608241 0.4581828 0.4897197 0.4271208
33 0.5596148 0.2735421 0.4437707 0.0155721
23 0.5578011 0.3330499 0.0266020 0.0166844
22 0.7621532 0.3330499 0.0266020 0.0166844
2 0.3558672 0.3931137 0.0266021 0.0166844
12 0.5578011 0.3931137 0.0266020 0.0166844
5 0.6944389 0.3931137 0.0266021 0.0166844
34 0.7621532 0.3925575 0.0628777 0.0600638
17 0.7621532 0.3931137 0.0266020 0.0166844
8 0.4235816 0.4531776 0.0266021 0.0166844
21 0.3558672 0.5132414 0.0266021 0.0166844
27 0.4912959 0.5132414 0.0266021 0.0166844
11 0.7621532 0.5132414 0.0266020 0.0166844
29 0.7621532 0.5733053 0.0266020 0.0166844
6 0.3558672 0.6333691 0.0266021 0.0166844
26 0.4235816 0.6333691 0.0266021 0.0166844
3 0.4912959 0.6333691 0.0266021 0.0166844
13 0.6267246 0.6333691 0.0266021 0.0166844
27 0.7621532 0.6333691 0.0266020 0.0166844
20 0.4235816 0.3931137 0.0266021 0.0166844
29 0.6944389 0.5132414 0.0266021 0.0166844
18 0.5578011 0.4531776 0.0266020 0.0166844
2 0.4912959 0.3931137 0.0266021 0.0166844
1 0.4235816 0.5733053 0.0266021 0.0166844
5 0.4912959 0.3330499 0.0266021 0.0166844
13 0.5578011 0.5132414 0.0266020 0.0166844
14 0.3558672 0.3330499 0.0266021 0.0166844
5 0.4235816 0.5132414 0.0266021 0.0166844
25 0.6944389 0.6333691 0.0266021 0.0166844
21 0.6267246 0.5132414 0.0266021 0.0166844
21 0.6267246 0.4531776 0.0266021 0.0166844
6 0.5578011 0.5733053 0.0266020 0.0166844
8 0.5578011 0.6333691 0.0266020 0.0166844
31 0.4912959 0.5733053 0.0266021 0.0166844
28 0.4912959 0.4531776 0.0266021 0.0166844
26 0.7621532 0.4531776 0.0266020 0.0166844
12 0.4235816 0.3330499 0.0266021 0.0166844
11 0.6267246 0.3330499 0.0266021 0.0166844
26 0.6944389 0.3330499 0.0266021 0.0166844
5 0.6267246 0.5733053 0.0266021 0.0166844
13 0.3558672 0.4531776 0.0266021 0.0166844
13 0.6944389 0.4531776 0.0266021 0.0166844
10 0.3558672 0.5733053 0.0266021 0.0166844
