8 0.5442219 0.4786323 0.0267089 0.0163154
24 0.6122081 0.5373679 0.0267089 0.0163154
32 0.4100706 0.3660556 0.4916858 0.4176756
33 0.4088566 0.1854979 0.4455523 0.0152277
7 0.5442219 0.2436897 0.0267089 0.0163154
20 0.2042910 0.3024254 0.0267089 0.0163154
13 0.4070355 0.3024254 0.0267089 0.0163154
26 0.6122081 0.3024254 0.0267089 0.0163154
23 0.2722772 0.3611610 0.0267089 0.0163154
34 0.3402634 0.3606172 0.0631300 0.0587357
12 0.3402634 0.3611610 0.0267088 0.0163154
1 0.4762357 0.3611610 0.0267088 0.0163154
3 0.3402634 0.4198967 0.0267088 0.0163154
29 0.4762357 0.4198967 0.0267088 0.0163154
14 0.2722772 0.4786323 0.0267089 0.0163154
12 0.4070355 0.4786323 0.0267089 0.0163154
9 0.4762357 0.4786323 0.0267088 0.0163154
18 0.6122081 0.4786323 0.0267089 0.0163154
6 0.3402634 0.5373679 0.0267088 0.0163154
5 0.5442219 0.5373679 0.0267089 0.0163154
30 0.4762357 0.3024254 0.0267088 0.0163154
22 0.2042910 0.4786323 0.0267089 0.0163154
16 0.4070355 0.2436897 0.0267089 0.0163154
7 0.2722772 0.4198967 0.0267089 0.0163154
6 0.5442219 0.3024254 0.0267089 0.0163154
17 0.3402634 0.3024254 0.0267088 0.0163154
16 0.2722772 0.2436897 0.0267089 0.0163154
22 0.4070355 0.3611610 0.0267089 0.0163154
24 0.4762357 0.2436897 0.0267088 0.0163154
29 0.3402634 0.2436897 0.0267088 0.0163154
15 0.2042910 0.4198967 0.0267089 0.0163154
11 0.2722772 0.3024254 0.0267089 0.0163154
14 0.3402634 0.4786323 0.0267088 0.0163154
7 0.6122081 0.2436897 0.0267089 0.0163154
14 0.2722772 0.5373679 0.0267089 0.0163154
26 0.4762357 0.5373679 0.0267088 0.0163154
29 0.2042910 0.2436897 0.0267089 0.0163154
7 0.4070355 0.5373679 0.0267089 0.0163154
28 0.2042910 0.3611610 0.0267089 0.0163154
2 0.6122081 0.4198967 0.0267089 0.0163154
15 0.5442219 0.4198967 0.0267089 0.0163154
7 0.4070355 0.4198967 0.0267089 0.0163154
3 0.6122081 0.3611610 0.0267089 0.0163154
15 0.2042910 0.5373679 0.0267089 0.0163154
2 0.5442219 0.3611610 0.0267089 0.0163154
