12 0.4578677 0.4653592 0.0286945 0.0169308
27 0.4578677 0.3434573 0.0286945 0.0169308
32 0.3137430 0.4704385 0.5282398 0.4334290
33 0.3124388 0.2830707 0.4786766 0.0158021
25 0.3104823 0.3434573 0.0286945 0.0169308
29 0.2387460 0.4044083 0.0286945 0.0169308
16 0.3104823 0.4044083 0.0286945 0.0169308
6 0.4578677 0.4044083 0.0286945 0.0169308
7 0.2387460 0.4653592 0.0286945 0.0169308
34 0.3104823 0.4647949 0.0678234 0.0609509
9 0.3104823 0.4653592 0.0286945 0.0169308
5 0.2387460 0.5263102 0.0286945 0.0169308
1 0.3848272 0.5263102 0.0286945 0.0169308
12 0.5309083 0.5263102 0.0286945 0.0169308
11 0.1657055 0.5872611 0.0286945 0.0169308
8 0.2387460 0.5872611 0.0286945 0.0169308
31 0.3848272 0.5872611 0.0286945 0.0169308
19 0.3104823 0.6482121 0.0286945 0.0169308
9 0.3848272 0.6482121 0.0286945 0.0169308
2 0.4578677 0.6482121 0.0286945 0.0169308
22 0.2387460 0.6482121 0.0286945 0.0169308
27 0.4578677 0.5872611 0.0286945 0.0169308
2 0.1657055 0.4653592 0.0286945 0.0169308
5 0.1657055 0.5263102 0.0286945 0.0169308
12 0.4578677 0.5263102 0.0286945 0.0169308
27 0.3104823 0.5872611 0.0286945 0.0169308
17 0.0926649 0.4653592 0.0286945 0.0169308
8 0.0926649 0.5263102 0.0286945 0.0169308
28 0.5309083 0.4044083 0.0286945 0.0169308
24 0.1657055 0.6482121 0.0286945 0.0169308
10 0.5309083 0.3434573 0.0286945 0.0169308
7 0.0926649 0.6482121 0.0286945 0.0169308
13 0.3104823 0.5263102 0.0286945 0.0169308
5 0.0926649 0.3434573 0.0286945 0.0169308
2 0.3848272 0.4653592 0.0286945 0.0169308
27 0.1657055 0.3434573 0.0286945 0.0169308
28 0.3848272 0.4044083 0.0286945 0.0169308
11 0.0926649 0.4044083 0.0286945 0.0169308
4 0.2387460 0.3434573 0.0286945 0.0169308
7 0.5309083 0.6482121 0.0286945 0.0169308
10 0.5309083 0.4653592 0.0286945 0.0169308
13 0.3848272 0.3434573 0.0286945 0.0169308
25 0.1657055 0.4044083 0.0286945 0.0169308
7 0.0926649 0.5872611 0.0286945 0.0169308
31 0.5309083 0.5872611 0.0286945 0.0169308
