3 0.1692781 0.3677351 0.0266691 0.0160003
29 0.2371630 0.4829373 0.0266691 0.0160003
32 0.3068663 0.4877374 0.4909536 0.4096080
33 0.3056541 0.3106672 0.4448888 0.0149336
25 0.2371630 0.3677351 0.0266691 0.0160003
14 0.3038357 0.3677351 0.0266691 0.0160003
31 0.4408178 0.3677351 0.0266691 0.0160003
26 0.5087027 0.4253362 0.0266691 0.0160003
34 0.3038357 0.4824039 0.0630360 0.0576011
24 0.3038357 0.4829373 0.0266691 0.0160003
17 0.5087027 0.4829373 0.0266691 0.0160003
30 0.1013931 0.5405384 0.0266691 0.0160003
21 0.1692781 0.5405384 0.0266691 0.0160003
23 0.3038357 0.5405384 0.0266691 0.0160003
9 0.3038357 0.5981395 0.0266691 0.0160004
2 0.4408178 0.5981395 0.0266691 0.0160004
4 0.5087027 0.5981395 0.0266691 0.0160004
5 0.1013931 0.6557407 0.0266691 0.0160003
10 0.2371630 0.6557407 0.0266691 0.0160003
3 0.3729329 0.6557407 0.0266691 0.0160003
19 0.1692781 0.5981395 0.0266691 0.0160004
10 0.3729329 0.5405384 0.0266691 0.0160003
29 0.1013931 0.5981395 0.0266691 0.0160004
26 0.2371630 0.5981395 0.0266691 0.0160004
14 0.1013931 0.4253362 0.0266691 0.0160003
13 0.4408178 0.5405384 0.0266691 0.0160003
26 0.5087027 0.3677351 0.0266691 0.0160003
30 0.3729329 0.4253362 0.0266691 0.0160003
14 0.2371630 0.5405384 0.0266691 0.0160003
3 0.3038357 0.6557407 0.0266691 0.0160003
8 0.1692781 0.4829373 0.0266691 0.0160003
15 0.1013931 0.4829373 0.0266691 0.0160003
3 0.4408178 0.4253362 0.0266691 0.0160003
16 0.3729329 0.3677351 0.0266691 0.0160003
7 0.3729329 0.4829373 0.0266691 0.0160003
14 0.5087027 0.6557407 0.0266691 0.0160003
26 0.4408178 0.4829373 0.0266691 0.0160003
14 0.1692781 0.4253362 0.0266691 0.0160003
10 0.4408178 0.6557407 0.0266691 0.0160003
22 0.2371630 0.4253362 0.0266691 0.0160003
27 0.3729329 0.5981395 0.0266691 0.0160004
13 0.1013931 0.3677351 0.0266691 0.0160003
3 0.5087027 0.5405384 0.0266691 0.0160003
3 0.3038357 0.4253362 0.0266691 0.0160003
27 0.1692781 0.6557407 0.0266691 0.0160003
