5 0.4007830 0.3569911 0.0281779 0.0168666
20 0.3277765 0.4784303 0.0281780 0.0168665
32 0.3309785 0.4834903 0.5187304 0.4317837
33 0.3296977 0.2968337 0.4700594 0.0157421
16 0.1856059 0.3569911 0.0281779 0.0168666
19 0.2573316 0.3569911 0.0281779 0.0168666
12 0.1138802 0.4177107 0.0281779 0.0168665
30 0.2573316 0.4177107 0.0281779 0.0168665
31 0.4007830 0.4177107 0.0281779 0.0168665
24 0.5442343 0.4177107 0.0281779 0.0168665
9 0.2573316 0.4784303 0.0281779 0.0168665
8 0.1138802 0.5391498 0.0281779 0.0168666
34 0.3277765 0.5385876 0.0666024 0.0607195
12 0.3277765 0.5391498 0.0281780 0.0168666
27 0.4725087 0.5391498 0.0281779 0.0168666
23 0.1138802 0.5998694 0.0281779 0.0168665
21 0.2573316 0.5998694 0.0281779 0.0168665
11 0.4725087 0.5998694 0.0281779 0.0168665
26 0.1138802 0.6605891 0.0281779 0.0168665
2 0.3277765 0.6605891 0.0281780 0.0168665
10 0.5442343 0.5998694 0.0281779 0.0168665
25 0.4725087 0.4177107 0.0281779 0.0168665
28 0.1856059 0.6605891 0.0281779 0.0168665
17 0.4725087 0.3569911 0.0281779 0.0168666
28 0.1138802 0.4784303 0.0281779 0.0168665
9 0.3277765 0.5998694 0.0281780 0.0168665
18 0.1856059 0.5998694 0.0281779 0.0168665
25 0.3277765 0.4177107 0.0281780 0.0168665
6 0.5442343 0.5391498 0.0281779 0.0168666
20 0.1856059 0.5391498 0.0281779 0.0168666
24 0.5442343 0.3569911 0.0281779 0.0168666
10 0.4007830 0.5391498 0.0281779 0.0168666
13 0.5442343 0.4784303 0.0281779 0.0168665
21 0.4007830 0.6605891 0.0281779 0.0168665
9 0.2573316 0.5391498 0.0281779 0.0168666
1 0.4725087 0.4784303 0.0281779 0.0168665
15 0.4725087 0.6605891 0.0281779 0.0168665
26 0.4007830 0.4784303 0.0281779 0.0168665
30 0.1856059 0.4177107 0.0281779 0.0168665
11 0.1856059 0.4784303 0.0281779 0.0168665
24 0.5442343 0.6605891 0.0281779 0.0168665
20 0.4007830 0.5998694 0.0281779 0.0168665
4 0.2573316 0.6605891 0.0281779 0.0168665
14 0.3277765 0.3569911 0.0281780 0.0168666
27 0.1138802 0.3569911 0.0281779 0.0168666
