7 0.2477613 0.4754749 0.0282389 0.0166597
15 0.6071652 0.2955495 0.0282389 0.0166597
32 0.3934483 0.3605225 0.5198521 0.4264898
33 0.3921647 0.1761545 0.4710758 0.0155491
5 0.3196421 0.2355743 0.0282389 0.0166597
2 0.5352844 0.2355743 0.0282389 0.0166597
30 0.6071652 0.2355743 0.0282389 0.0166597
15 0.3902393 0.2955495 0.0282389 0.0166597
11 0.4634037 0.2955495 0.0282389 0.0166597
7 0.5352844 0.2955495 0.0282389 0.0166597
23 0.1758806 0.3555246 0.0282389 0.0166598
29 0.2477613 0.3555246 0.0282389 0.0166598
24 0.1758806 0.4154997 0.0282389 0.0166597
19 0.2477613 0.4154997 0.0282389 0.0166597
34 0.3196421 0.4149444 0.0667464 0.0599751
27 0.3196421 0.4154997 0.0282389 0.0166597
13 0.3196421 0.5354500 0.0282389 0.0166597
1 0.3902393 0.5354500 0.0282389 0.0166597
22 0.5352844 0.5354500 0.0282389 0.0166597
17 0.6071652 0.5354500 0.0282389 0.0166597
6 0.3902393 0.4754749 0.0282389 0.0166597
30 0.1758806 0.5354500 0.0282389 0.0166597
14 0.4634037 0.5354500 0.0282389 0.0166597
7 0.3196421 0.2955495 0.0282389 0.0166597
18 0.3902393 0.4154997 0.0282389 0.0166597
24 0.4634037 0.4154997 0.0282389 0.0166597
8 0.1758806 0.2955495 0.0282389 0.0166597
19 0.5352844 0.4154997 0.0282389 0.0166597
27 0.3196421 0.3555246 0.0282389 0.0166598
17 0.5352844 0.4754749 0.0282389 0.0166597
30 0.5352844 0.3555246 0.0282389 0.0166598
27 0.2477613 0.5354500 0.0282389 0.0166597
30 0.2477613 0.2955495 0.0282389 0.0166597
5 0.6071652 0.4154997 0.0282389 0.0166597
1 0.4634037 0.3555246 0.0282389 0.0166598
25 0.3196421 0.4754749 0.0282389 0.0166597
15 0.4634037 0.4754749 0.0282389 0.0166597
4 0.1758806 0.2355743 0.0282389 0.0166597
27 0.2477613 0.2355743 0.0282389 0.0166597
2 0.6071652 0.4754749 0.0282389 0.0166597
27 0.3902393 0.2355743 0.0282389 0.0166597
14 0.4634037 0.2355743 0.0282389 0.0166597
17 0.1758806 0.4754749 0.0282389 0.0166597
31 0.3902393 0.3555246 0.0282389 0.0166598
17 0.6071652 0.3555246 0.0282389 0.0166598
