3 0.5302800 0.4272737 0.0288037 0.0158958
17 0.2370060 0.6561731 0.0288037 0.0158958
32 0.3122884 0.4892673 0.5302499 0.4069323
33 0.3109791 0.3133538 0.4804981 0.0148361
15 0.2370060 0.3700488 0.0288037 0.0158958
22 0.3090152 0.3700488 0.0288037 0.0158958
27 0.3836430 0.3700488 0.0288037 0.0158958
3 0.1636874 0.4272737 0.0288037 0.0158958
4 0.3090152 0.4272737 0.0288037 0.0158958
12 0.1636874 0.4844985 0.0288037 0.0158958
24 0.4569615 0.4844985 0.0288037 0.0158958
19 0.5302800 0.4844985 0.0288037 0.0158958
7 0.1636874 0.5417234 0.0288037 0.0158958
11 0.2370060 0.5417234 0.0288037 0.0158958
34 0.3829884 0.5411935 0.0693907 0.0572249
21 0.3836430 0.5417234 0.0288037 0.0158958
31 0.4569615 0.5417234 0.0288037 0.0158958
30 0.0903689 0.5989483 0.0288037 0.0158958
26 0.1636874 0.5989483 0.0288037 0.0158958
25 0.1636874 0.6561731 0.0288037 0.0158958
11 0.3090152 0.5989483 0.0288037 0.0158958
7 0.3836430 0.4844985 0.0288037 0.0158958
2 0.4569615 0.6561731 0.0288037 0.0158958
13 0.5302800 0.5417234 0.0288037 0.0158958
12 0.0903689 0.3700488 0.0288037 0.0158958
22 0.3090152 0.6561731 0.0288037 0.0158958
30 0.4569615 0.4272737 0.0288037 0.0158958
21 0.3090152 0.4844985 0.0288037 0.0158958
31 0.3836430 0.6561731 0.0288037 0.0158958
27 0.0903689 0.4844985 0.0288037 0.0158958
28 0.3836430 0.5989483 0.0288037 0.0158958
2 0.3836430 0.4272737 0.0288037 0.0158958
25 0.1636874 0.3700488 0.0288037 0.0158958
8 0.5302800 0.3700488 0.0288037 0.0158958
13 0.4569615 0.3700488 0.0288037 0.0158958
30 0.4569615 0.5989483 0.0288037 0.0158958
29 0.2370060 0.4844985 0.0288037 0.0158958
19 0.0903689 0.4272737 0.0288037 0.0158958
3 0.2370060 0.4272737 0.0288037 0.0158958
16 0.2370060 0.5989483 0.0288037 0.0158958
16 0.5302800 0.5989483 0.0288037 0.0158958
11 0.0903689 0.5417234 0.0288037 0.0158958
11 0.3090152 0.5417234 0.0288037 0.0158958
28 0.0903689 0.6561731 0.0288037 0.0158958
8 0.5302800 0.6561731 0.0288037 0.0158958
