2 0.2673344 0.4844569 0.0277439 0.0169188
21 0.1273537 0.6671802 0.0277439 0.0169188
32 0.2704872 0.5504403 0.5107404 0.4331219
33 0.2692261 0.3632052 0.4628191 0.0157909
34 0.1979746 0.4229851 0.0655766 0.0609078
25 0.1979746 0.4235491 0.0277439 0.0169188
30 0.2673344 0.4235491 0.0277439 0.0169188
3 0.3392164 0.4235491 0.0277439 0.0169188
10 0.4098373 0.4235491 0.0277439 0.0169188
25 0.0567328 0.4844569 0.0277439 0.0169188
1 0.1273537 0.4844569 0.0277439 0.0169188
6 0.4098373 0.4844569 0.0277439 0.0169188
17 0.1979746 0.5453646 0.0277439 0.0169189
12 0.2673344 0.6062724 0.0277439 0.0169188
15 0.4098373 0.6062724 0.0277439 0.0169188
27 0.4804582 0.6062724 0.0277439 0.0169188
11 0.0567328 0.6671802 0.0277439 0.0169188
16 0.1979746 0.6671802 0.0277439 0.0169188
4 0.4098373 0.6671802 0.0277439 0.0169188
20 0.1979746 0.7280880 0.0277439 0.0169189
29 0.3392164 0.6671802 0.0277439 0.0169188
15 0.3392164 0.4844569 0.0277439 0.0169188
13 0.4098373 0.5453646 0.0277439 0.0169189
15 0.1979746 0.6062724 0.0277439 0.0169188
29 0.1273537 0.4235491 0.0277439 0.0169188
26 0.4804582 0.4844569 0.0277439 0.0169188
31 0.1273537 0.6062724 0.0277439 0.0169188
5 0.4804582 0.6671802 0.0277439 0.0169188
3 0.3392164 0.5453646 0.0277439 0.0169189
18 0.4804582 0.4235491 0.0277439 0.0169188
8 0.2673344 0.6671802 0.0277439 0.0169188
11 0.2673344 0.7280880 0.0277439 0.0169189
29 0.0567328 0.6062724 0.0277439 0.0169188
17 0.4098373 0.7280880 0.0277439 0.0169189
11 0.2673344 0.5453646 0.0277439 0.0169189
26 0.0567328 0.4235491 0.0277439 0.0169188
18 0.4804582 0.7280880 0.0277439 0.0169189
19 0.3392164 0.6062724 0.0277439 0.0169188
12 0.1273537 0.5453646 0.0277439 0.0169189
31 0.4804582 0.5453646 0.0277439 0.0169189
20 0.0567328 0.5453646 0.0277439 0.0169189
27 0.3392164 0.7280880 0.0277439 0.0169189
17 0.0567328 0.7280880 0.0277439 0.0169189
26 0.1979746 0.4844569 0.0277439 0.0169188
21 0.1273537 0.7280880 0.0277439 0.0169189
