14 0.6343419 0.3274668 0.0273692 0.0163906
31 0.6343419 0.5044847 0.0273692 0.0163905
32 0.6374520 0.3913899 0.5038422 0.4195981
33 0.6362080 0.2100011 0.4565681 0.0152978
1 0.7052530 0.2684608 0.0273692 0.0163906
13 0.4265847 0.3274668 0.0273692 0.0163906
34 0.4956297 0.3269204 0.0634468 0.0590060
13 0.4962518 0.3274668 0.0273692 0.0163906
10 0.5659188 0.3274668 0.0273692 0.0163906
27 0.5659188 0.3864727 0.0273692 0.0163906
5 0.6343419 0.3864727 0.0273692 0.0163906
12 0.7052530 0.3864727 0.0273692 0.0163906
20 0.7749200 0.3864727 0.0273692 0.0163906
19 0.8445871 0.3864727 0.0273692 0.0163906
23 0.7749200 0.4454787 0.0273692 0.0163905
24 0.7052530 0.5044847 0.0273692 0.0163905
15 0.8445871 0.5044847 0.0273692 0.0163905
25 0.4962518 0.5634907 0.0273692 0.0163906
31 0.7052530 0.5634907 0.0273692 0.0163906
16 0.7749200 0.5634907 0.0273692 0.0163906
8 0.4265847 0.5634907 0.0273692 0.0163906
7 0.5659188 0.2684608 0.0273692 0.0163906
10 0.7749200 0.2684608 0.0273692 0.0163906
12 0.4962518 0.4454787 0.0273692 0.0163905
20 0.6343419 0.4454787 0.0273692 0.0163905
15 0.4962518 0.2684608 0.0273692 0.0163906
31 0.5659188 0.4454787 0.0273692 0.0163905
18 0.8445871 0.4454787 0.0273692 0.0163905
6 0.7052530 0.4454787 0.0273692 0.0163905
17 0.5659188 0.5044847 0.0273692 0.0163905
3 0.6343419 0.2684608 0.0273692 0.0163906
24 0.6343419 0.5634907 0.0273692 0.0163906
7 0.4265847 0.4454787 0.0273692 0.0163905
7 0.7052530 0.3274668 0.0273692 0.0163906
18 0.4265847 0.5044847 0.0273692 0.0163905
29 0.4962518 0.3864727 0.0273692 0.0163906
22 0.8445871 0.2684608 0.0273692 0.0163906
12 0.7749200 0.3274668 0.0273692 0.0163906
16 0.8445871 0.5634907 0.0273692 0.0163906
19 0.4265847 0.2684608 0.0273692 0.0163906
17 0.7749200 0.5044847 0.0273692 0.0163905
26 0.4265847 0.3864727 0.0273692 0.0163906
10 0.5659188 0.5634907 0.0273692 0.0163906
29 0.8445871 0.3274668 0.0273692 0.0163906
13 0.4962518 0.5044847 0.0273692 0.0163905
