12 0.3889912 0.5495125 0.0280972 0.0167262
16 0.6750714 0.6097268 0.0280972 0.0167262
32 0.6054671 0.4943160 0.5172433 0.4281910
33 0.6041899 0.3092126 0.4687118 0.0156111
2 0.3889912 0.3688694 0.0280972 0.0167262
7 0.4605112 0.3688694 0.0280972 0.0167262
23 0.5320313 0.3688694 0.0280972 0.0167262
29 0.6750714 0.3688694 0.0280972 0.0167262
26 0.3889912 0.4290838 0.0280972 0.0167262
11 0.5320313 0.4290838 0.0280972 0.0167262
16 0.6022742 0.4290838 0.0280972 0.0167262
34 0.3889912 0.4887406 0.0664115 0.0602144
14 0.3889912 0.4892982 0.0280972 0.0167262
25 0.5320313 0.4892982 0.0280972 0.0167262
27 0.6750714 0.4892982 0.0280972 0.0167262
10 0.8181116 0.4892982 0.0280972 0.0167262
21 0.7465915 0.5495125 0.0280972 0.0167262
12 0.8181116 0.5495125 0.0280972 0.0167262
18 0.5320313 0.6097268 0.0280972 0.0167262
3 0.7465915 0.6699412 0.0280972 0.0167262
6 0.7465915 0.4892982 0.0280972 0.0167262
29 0.6022742 0.6097268 0.0280972 0.0167262
1 0.6750714 0.4290838 0.0280972 0.0167262
21 0.8181116 0.3688694 0.0280972 0.0167262
8 0.7465915 0.4290838 0.0280972 0.0167262
25 0.3889912 0.6097268 0.0280972 0.0167262
7 0.8181116 0.6699412 0.0280972 0.0167262
11 0.6750714 0.5495125 0.0280972 0.0167262
26 0.3889912 0.6699412 0.0280972 0.0167262
28 0.7465915 0.6097268 0.0280972 0.0167262
26 0.6022742 0.4892982 0.0280972 0.0167262
5 0.8181116 0.4290838 0.0280972 0.0167262
3 0.4605112 0.4290838 0.0280972 0.0167262
9 0.4605112 0.6097268 0.0280972 0.0167262
11 0.4605112 0.5495125 0.0280972 0.0167262
4 0.4605112 0.4892982 0.0280972 0.0167262
20 0.6022742 0.6699412 0.0280972 0.0167262
10 0.6022742 0.3688694 0.0280972 0.0167262
17 0.5320313 0.6699412 0.0280972 0.0167262
26 0.6022742 0.5495125 0.0280972 0.0167262
24 0.8181116 0.6097268 0.0280972 0.0167262
30 0.7465915 0.3688694 0.0280972 0.0167262
24 0.4605112 0.6699412 0.0280972 0.0167262
19 0.5320313 0.5495125 0.0280972 0.0167262
30 0.6750714 0.6699412 0.0280972 0.0167262
