5 0.2818197 0.3649410 0.0263615 0.0163084
17 0.1476157 0.3062309 0.0263615 0.0163084
32 0.3507191 0.3698335 0.4852914 0.4174942
33 0.3495209 0.1893542 0.4397579 0.0152212
31 0.2147177 0.2475207 0.0263615 0.0163084
19 0.4831258 0.2475207 0.0263615 0.0163084
8 0.3477235 0.3062309 0.0263615 0.0163084
29 0.4831258 0.3062309 0.0263615 0.0163084
23 0.3477235 0.3649410 0.0263615 0.0163084
27 0.5502278 0.3649410 0.0263615 0.0163084
26 0.1476157 0.4236511 0.0263615 0.0163084
30 0.2147177 0.4236511 0.0263615 0.0163084
25 0.2818197 0.4236511 0.0263615 0.0163084
34 0.2141186 0.4818176 0.0611108 0.0587101
17 0.2147177 0.4823612 0.0263615 0.0163084
1 0.2818197 0.4823612 0.0263615 0.0163084
16 0.4160238 0.4823612 0.0263615 0.0163084
13 0.1476157 0.5410713 0.0263615 0.0163084
14 0.2147177 0.5410713 0.0263615 0.0163084
5 0.2818197 0.5410713 0.0263615 0.0163084
30 0.4160238 0.3062309 0.0263615 0.0163084
10 0.4831258 0.4236511 0.0263615 0.0163084
11 0.4831258 0.3649410 0.0263615 0.0163084
16 0.5502278 0.3062309 0.0263615 0.0163084
7 0.5502278 0.4236511 0.0263615 0.0163084
6 0.4831258 0.5410713 0.0263615 0.0163084
8 0.2818197 0.2475207 0.0263615 0.0163084
2 0.1476157 0.2475207 0.0263615 0.0163084
24 0.3477235 0.2475207 0.0263615 0.0163084
29 0.1476157 0.3649410 0.0263615 0.0163084
4 0.4160238 0.3649410 0.0263615 0.0163084
15 0.5502278 0.5410713 0.0263615 0.0163084
17 0.3477235 0.5410713 0.0263615 0.0163084
22 0.4831258 0.4823612 0.0263615 0.0163084
12 0.3477235 0.4236511 0.0263615 0.0163084
13 0.2147177 0.3649410 0.0263615 0.0163084
5 0.3477235 0.4823612 0.0263615 0.0163084
10 0.5502278 0.4823612 0.0263615 0.0163084
31 0.2818197 0.3062309 0.0263615 0.0163084
16 0.4160238 0.5410713 0.0263615 0.0163084
6 0.5502278 0.2475207 0.0263615 0.0163084
5 0.4160238 0.2475207 0.0263615 0.0163084
20 0.2147177 0.3062309 0.0263615 0.0163084
10 0.1476157 0.4823612 0.0263615 0.0163084
17 0.4160238 0.4236511 0.0263615 0.0163084
