21 0.4478166 0.3874578 0.0267708 0.0172036
11 0.3127458 0.4493906 0.0267708 0.0172035
32 0.4508588 0.4545517 0.4928259 0.4404111
33 0.4496419 0.2641656 0.4465855 0.0160567
31 0.2446020 0.3255250 0.0267708 0.0172035
10 0.4478166 0.3255250 0.0267708 0.0172035
3 0.2446020 0.3874578 0.0267708 0.0172036
6 0.5171773 0.4493906 0.0267708 0.0172035
27 0.6534650 0.4493906 0.0267709 0.0172035
13 0.3808897 0.5113234 0.0267708 0.0172036
12 0.5853212 0.5113234 0.0267708 0.0172036
20 0.6534650 0.5113234 0.0267709 0.0172036
9 0.3808897 0.5732562 0.0267708 0.0172036
4 0.5171773 0.5732562 0.0267708 0.0172036
14 0.6534650 0.5732562 0.0267709 0.0172036
15 0.4478166 0.6351891 0.0267708 0.0172036
34 0.5165689 0.6346156 0.0644933 0.0619328
13 0.5171773 0.6351891 0.0267708 0.0172036
29 0.5853212 0.6351891 0.0267708 0.0172036
13 0.3808897 0.3874578 0.0267708 0.0172036
24 0.5853212 0.4493906 0.0267708 0.0172035
10 0.2446020 0.6351891 0.0267708 0.0172036
22 0.3127458 0.3255250 0.0267708 0.0172035
18 0.3808897 0.4493906 0.0267708 0.0172035
10 0.3127458 0.3874578 0.0267708 0.0172036
2 0.3808897 0.6351891 0.0267708 0.0172036
2 0.5171773 0.3874578 0.0267708 0.0172036
20 0.3808897 0.3255250 0.0267708 0.0172035
8 0.5853212 0.5732562 0.0267708 0.0172036
28 0.4478166 0.5113234 0.0267708 0.0172036
21 0.2446020 0.5732562 0.0267708 0.0172036
13 0.5853212 0.3874578 0.0267708 0.0172036
3 0.6534650 0.6351891 0.0267709 0.0172036
15 0.6534650 0.3874578 0.0267709 0.0172036
26 0.4478166 0.4493906 0.0267708 0.0172035
17 0.6534650 0.3255250 0.0267709 0.0172035
7 0.5171773 0.3255250 0.0267708 0.0172035
19 0.5171773 0.5113234 0.0267708 0.0172036
14 0.5853212 0.3255250 0.0267708 0.0172035
17 0.2446020 0.4493906 0.0267708 0.0172035
10 0.3127458 0.5113234 0.0267708 0.0172036
30 0.4478166 0.5732562 0.0267708 0.0172036
25 0.3127458 0.5732562 0.0267708 0.0172036
4 0.3127458 0.6351891 0.0267708 0.0172036
24 0.2446020 0.5113234 0.0267708 0.0172036
