22 0.4592962 0.3608175 0.0288295 0.0168660
10 0.4592962 0.6036883 0.0288295 0.0168660
32 0.6080302 0.4873127 0.5307248 0.4317701
33 0.6067197 0.3006621 0.4809284 0.0157416
4 0.5326803 0.3608175 0.0288295 0.0168660
34 0.7521776 0.3602553 0.0668320 0.0607177
16 0.7528329 0.3608175 0.0288295 0.0168660
24 0.3859120 0.4822529 0.0288295 0.0168660
9 0.7528329 0.4822529 0.0288295 0.0168660
2 0.8262170 0.4822529 0.0288295 0.0168660
20 0.3859120 0.5429706 0.0288295 0.0168660
14 0.4592962 0.5429706 0.0288295 0.0168660
17 0.5326803 0.5429706 0.0288295 0.0168660
15 0.8262170 0.5429706 0.0288295 0.0168660
1 0.5326803 0.6036883 0.0288295 0.0168660
18 0.6794486 0.6036883 0.0288295 0.0168660
16 0.8262170 0.6036883 0.0288295 0.0168660
8 0.4592962 0.6644059 0.0288295 0.0168660
30 0.6047541 0.6644059 0.0288295 0.0168660
6 0.6047541 0.5429706 0.0288295 0.0168660
28 0.5326803 0.4822529 0.0288295 0.0168660
7 0.4592962 0.4822529 0.0288295 0.0168660
7 0.6794486 0.5429706 0.0288295 0.0168660
12 0.6047541 0.6036883 0.0288295 0.0168660
5 0.7528329 0.4215352 0.0288295 0.0168660
13 0.6794486 0.3608175 0.0288295 0.0168660
13 0.6794486 0.4215352 0.0288295 0.0168660
7 0.5326803 0.6644059 0.0288295 0.0168660
17 0.8262170 0.3608175 0.0288295 0.0168660
30 0.6047541 0.4822529 0.0288295 0.0168660
10 0.7528329 0.5429706 0.0288295 0.0168660
30 0.6794486 0.6644059 0.0288295 0.0168660
28 0.6047541 0.3608175 0.0288295 0.0168660
11 0.8262170 0.6644059 0.0288295 0.0168660
7 0.3859120 0.6644059 0.0288295 0.0168660
4 0.8262170 0.4215352 0.0288295 0.0168660
31 0.3859120 0.3608175 0.0288295 0.0168660
17 0.5326803 0.4215352 0.0288295 0.0168660
31 0.3859120 0.6036883 0.0288295 0.0168660
21 0.3859120 0.4215352 0.0288295 0.0168660
18 0.4592962 0.4215352 0.0288295 0.0168660
28 0.7528329 0.6036883 0.0288295 0.0168660
26 0.6794486 0.4822529 0.0288295 0.0168660
3 0.6047541 0.4215352 0.0288295 0.0168660
7 0.7528329 0.6644059 0.0288295 0.0168660
