14 0.5317912 0.5356403 0.0272383 0.0172469
22 0.1851218 0.3493731 0.0272383 0.0172470
32 0.3256467 0.3545472 0.5014326 0.4415223
33 0.3244086 0.1636808 0.4543846 0.0160972
27 0.1157879 0.2251950 0.0272383 0.0172470
22 0.4624573 0.2251950 0.0272383 0.0172470
25 0.2544557 0.3493731 0.0272383 0.0172470
10 0.4624573 0.3493731 0.0272383 0.0172470
23 0.5317912 0.3493731 0.0272383 0.0172470
2 0.1851218 0.4114622 0.0272383 0.0172470
26 0.1157879 0.4735513 0.0272383 0.0172470
4 0.3931234 0.4735513 0.0272383 0.0172470
3 0.4624573 0.4735513 0.0272383 0.0172470
7 0.5317912 0.4735513 0.0272383 0.0172470
13 0.1157879 0.5356403 0.0272383 0.0172469
1 0.2544557 0.5356403 0.0272383 0.0172469
34 0.3225515 0.5350654 0.0643815 0.0620891
16 0.3225514 0.5356403 0.0272383 0.0172469
9 0.3931234 0.5356403 0.0272383 0.0172469
15 0.4624573 0.2872840 0.0272383 0.0172470
15 0.1851218 0.4735513 0.0272383 0.0172470
11 0.2544557 0.2251950 0.0272383 0.0172470
29 0.4624573 0.4114622 0.0272383 0.0172470
11 0.3225514 0.3493731 0.0272383 0.0172470
9 0.3225514 0.4114622 0.0272383 0.0172470
29 0.1157879 0.4114622 0.0272383 0.0172470
31 0.1157879 0.3493731 0.0272383 0.0172470
7 0.3931234 0.4114622 0.0272383 0.0172470
18 0.5317912 0.4114622 0.0272383 0.0172470
28 0.5317912 0.2872840 0.0272383 0.0172470
15 0.3225514 0.2251950 0.0272383 0.0172470
24 0.3931234 0.2251950 0.0272383 0.0172470
5 0.4624573 0.5356403 0.0272383 0.0172469
19 0.2544557 0.2872840 0.0272383 0.0172470
28 0.3931234 0.2872840 0.0272383 0.0172470
25 0.2544557 0.4735513 0.0272383 0.0172470
29 0.3225514 0.2872840 0.0272383 0.0172470
20 0.1851218 0.5356403 0.0272383 0.0172469
16 0.1851218 0.2872840 0.0272383 0.0172470
11 0.1851218 0.2251950 0.0272383 0.0172470
7 0.2544557 0.4114622 0.0272383 0.0172470
30 0.3931234 0.3493731 0.0272383 0.0172470
5 0.5317912 0.2251950 0.0272383 0.0172470
22 0.1157879 0.2872840 0.0272383 0.0172470
11 0.3225514 0.4735513 0.0272383 0.0172470
