17 0.3407529 0.5423316 0.0270382 0.0163567
5 0.4083484 0.4834473 0.0270382 0.0163567
32 0.4114209 0.5472386 0.4977484 0.4187327
33 0.4101919 0.3662240 0.4510461 0.0152663
3 0.3407529 0.4245630 0.0270382 0.0163567
26 0.4083484 0.4245630 0.0270382 0.0163567
27 0.4784018 0.4245630 0.0270382 0.0163567
13 0.5472263 0.4245630 0.0270382 0.0163567
22 0.2719284 0.5423316 0.0270382 0.0163567
11 0.5472263 0.5423316 0.0270382 0.0163567
25 0.2031040 0.6012159 0.0270382 0.0163567
30 0.2719284 0.6012159 0.0270382 0.0163567
2 0.4083484 0.6012159 0.0270382 0.0163567
14 0.5472263 0.6012159 0.0270382 0.0163567
34 0.2713139 0.6595549 0.0626794 0.0588843
4 0.2719284 0.6601002 0.0270382 0.0163567
29 0.3407529 0.6601002 0.0270382 0.0163567
17 0.6160508 0.6601002 0.0270382 0.0163567
21 0.5472263 0.7189844 0.0270382 0.0163567
14 0.6160508 0.7189844 0.0270382 0.0163567
22 0.6160508 0.4245630 0.0270382 0.0163567
31 0.4083484 0.5423316 0.0270382 0.0163567
6 0.4083484 0.6601002 0.0270382 0.0163567
31 0.4784018 0.7189844 0.0270382 0.0163567
28 0.4784018 0.5423316 0.0270382 0.0163567
1 0.2031040 0.7189844 0.0270382 0.0163567
21 0.2031040 0.4834473 0.0270382 0.0163567
4 0.5472263 0.6601002 0.0270382 0.0163567
29 0.4083484 0.7189844 0.0270382 0.0163567
4 0.4784018 0.4834473 0.0270382 0.0163567
18 0.3407529 0.4834473 0.0270382 0.0163567
27 0.2719284 0.4245630 0.0270382 0.0163567
22 0.2031040 0.4245630 0.0270382 0.0163567
9 0.2031040 0.5423316 0.0270382 0.0163567
8 0.4784018 0.6601002 0.0270382 0.0163567
18 0.3407529 0.7189844 0.0270382 0.0163567
24 0.2719284 0.4834473 0.0270382 0.0163567
5 0.6160508 0.4834473 0.0270382 0.0163567
5 0.2719284 0.7189844 0.0270382 0.0163567
13 0.6160508 0.6012159 0.0270382 0.0163567
26 0.5472263 0.4834473 0.0270382 0.0163567
29 0.3407529 0.6012159 0.0270382 0.0163567
10 0.2031040 0.6601002 0.0270382 0.0163567
3 0.6160508 0.5423316 0.0270382 0.0163567
5 0.4784018 0.6012159 0.0270382 0.0163567
