14 0.5445237 0.7383017 0.0280843 0.0164953
7 0.6147345 0.7383017 0.0280843 0.0164953
32 0.6179259 0.6244842 0.5170067 0.4222797
33 0.6166493 0.4419362 0.4684974 0.0153956
10 0.4730364 0.5007694 0.0280843 0.0164953
31 0.8304731 0.5007694 0.0280843 0.0164953
8 0.4015490 0.5601526 0.0280843 0.0164953
7 0.4730364 0.5601526 0.0280843 0.0164953
18 0.6874984 0.6195356 0.0280843 0.0164953
34 0.4015491 0.6783689 0.0663811 0.0593831
3 0.4015490 0.6789187 0.0280843 0.0164953
19 0.5445237 0.6789187 0.0280843 0.0164953
13 0.8304731 0.6789187 0.0280843 0.0164953
11 0.7589857 0.7383017 0.0280844 0.0164953
14 0.8304731 0.7383017 0.0280843 0.0164953
4 0.4730364 0.7976849 0.0280843 0.0164953
29 0.5445237 0.7976849 0.0280843 0.0164953
9 0.7589857 0.7976849 0.0280844 0.0164953
2 0.8304731 0.7976849 0.0280843 0.0164953
25 0.6874984 0.5601526 0.0280843 0.0164953
1 0.5445237 0.5007694 0.0280843 0.0164953
20 0.7589857 0.5007694 0.0280844 0.0164953
10 0.8304731 0.5601526 0.0280843 0.0164953
26 0.6874984 0.7383017 0.0280843 0.0164953
19 0.8304731 0.6195356 0.0280843 0.0164953
18 0.7589857 0.5601526 0.0280844 0.0164953
13 0.6874984 0.5007694 0.0280843 0.0164953
13 0.5445237 0.6195356 0.0280843 0.0164953
24 0.4015490 0.7383017 0.0280843 0.0164953
28 0.5445237 0.5601526 0.0280843 0.0164953
21 0.6147345 0.5007694 0.0280843 0.0164953
25 0.4730364 0.6789187 0.0280843 0.0164953
4 0.6147345 0.6789187 0.0280843 0.0164953
25 0.6874984 0.6789187 0.0280843 0.0164953
4 0.4015490 0.6195356 0.0280843 0.0164953
16 0.6147345 0.6195356 0.0280843 0.0164953
29 0.7589857 0.6195356 0.0280844 0.0164953
13 0.4015490 0.7976849 0.0280843 0.0164953
28 0.7589857 0.6789187 0.0280844 0.0164953
29 0.4015490 0.5007694 0.0280843 0.0164953
7 0.6147345 0.5601526 0.0280843 0.0164953
12 0.6147345 0.7976849 0.0280843 0.0164953
4 0.6874984 0.7976849 0.0280843 0.0164953
6 0.4730364 0.6195356 0.0280843 0.0164953
21 0.4730364 0.7383017 0.0280843 0.0164953
