2 0.3501402 0.4709579 0.0288367 0.0167211
4 0.4956347 0.4709579 0.0288367 0.0167211
32 0.4989116 0.3555822 0.5308582 0.4280609
33 0.4976009 0.1705350 0.4810492 0.0156064
12 0.3501402 0.2301737 0.0288367 0.0167211
1 0.4956347 0.2301737 0.0288367 0.0167211
10 0.5703481 0.2301737 0.0288367 0.0167211
5 0.2767376 0.2903698 0.0288367 0.0167211
3 0.3501402 0.2903698 0.0288367 0.0167211
27 0.4235429 0.2903698 0.0288367 0.0167211
23 0.5703481 0.3505658 0.0288367 0.0167211
11 0.6437506 0.3505658 0.0288367 0.0167211
30 0.7171533 0.3505658 0.0288367 0.0167211
19 0.2767376 0.4107619 0.0288367 0.0167211
14 0.5703481 0.4709579 0.0288367 0.0167211
34 0.2767376 0.5305967 0.0681596 0.0601961
16 0.2767376 0.5311540 0.0288367 0.0167211
24 0.4235429 0.5311540 0.0288367 0.0167211
8 0.4956347 0.5311540 0.0288367 0.0167211
26 0.2767376 0.4709579 0.0288367 0.0167211
7 0.7171533 0.2301737 0.0288367 0.0167211
21 0.6437506 0.4709579 0.0288367 0.0167211
26 0.4956347 0.3505658 0.0288367 0.0167211
7 0.3501402 0.3505658 0.0288367 0.0167211
2 0.2767376 0.2301737 0.0288367 0.0167211
29 0.3501402 0.4107619 0.0288367 0.0167211
10 0.4956347 0.2903698 0.0288367 0.0167211
27 0.3501402 0.5311540 0.0288367 0.0167211
17 0.6437506 0.5311540 0.0288367 0.0167211
12 0.4956347 0.4107619 0.0288367 0.0167211
5 0.4235429 0.3505658 0.0288367 0.0167211
10 0.4235429 0.2301737 0.0288367 0.0167211
7 0.5703481 0.2903698 0.0288367 0.0167211
29 0.4235429 0.4107619 0.0288367 0.0167211
22 0.5703481 0.4107619 0.0288367 0.0167211
1 0.6437506 0.4107619 0.0288367 0.0167211
5 0.2767376 0.3505658 0.0288367 0.0167211
15 0.7171533 0.5311540 0.0288367 0.0167211
22 0.4235429 0.4709579 0.0288367 0.0167211
19 0.7171533 0.2903698 0.0288367 0.0167211
21 0.6437506 0.2903698 0.0288367 0.0167211
25 0.7171533 0.4709579 0.0288367 0.0167211
16 0.5703481 0.5311540 0.0288367 0.0167211
12 0.7171533 0.4107619 0.0288367 0.0167211
3 0.6437506 0.2301737 0.0288367 0.0167211
