13 0.6109821 0.4855631 0.0281581 0.0162750
4 0.5405869 0.6027429 0.0281580 0.0162750
32 0.6141818 0.5490355 0.5183644 0.4166393
33 0.6129019 0.3689258 0.4697278 0.0151900
25 0.4689118 0.4269732 0.0281581 0.0162750
29 0.6839371 0.4269732 0.0281580 0.0162750
22 0.8272872 0.4269732 0.0281581 0.0162750
21 0.3972367 0.4855631 0.0281581 0.0162750
24 0.6839371 0.4855631 0.0281580 0.0162750
19 0.4689118 0.5441530 0.0281581 0.0162750
18 0.5405869 0.5441530 0.0281580 0.0162750
26 0.7556121 0.5441530 0.0281581 0.0162750
20 0.8272872 0.5441530 0.0281581 0.0162750
5 0.6109821 0.6027429 0.0281581 0.0162750
34 0.7549722 0.6022004 0.0652755 0.0585899
29 0.7556121 0.6027429 0.0281581 0.0162750
15 0.6839371 0.6613328 0.0281580 0.0162750
14 0.8272872 0.6613328 0.0281581 0.0162750
10 0.8272872 0.7199227 0.0281581 0.0162750
31 0.6839371 0.5441530 0.0281580 0.0162750
22 0.7556121 0.7199227 0.0281581 0.0162750
9 0.7556121 0.4855631 0.0281581 0.0162750
21 0.4689118 0.6027429 0.0281581 0.0162750
3 0.3972367 0.4269732 0.0281581 0.0162750
28 0.6839371 0.7199227 0.0281580 0.0162750
24 0.3972367 0.6613328 0.0281581 0.0162750
6 0.5405869 0.4855631 0.0281580 0.0162750
5 0.7556121 0.6613328 0.0281581 0.0162750
8 0.3972367 0.6027429 0.0281581 0.0162750
8 0.8272872 0.4855631 0.0281581 0.0162750
11 0.3972367 0.7199227 0.0281581 0.0162750
5 0.5405869 0.4269732 0.0281580 0.0162750
12 0.8272872 0.6027429 0.0281581 0.0162750
27 0.6109821 0.6613328 0.0281581 0.0162750
9 0.4689118 0.7199227 0.0281581 0.0162750
22 0.5405869 0.7199227 0.0281580 0.0162750
22 0.6839371 0.6027429 0.0281580 0.0162750
30 0.6109821 0.7199227 0.0281581 0.0162750
6 0.3972367 0.5441530 0.0281581 0.0162750
10 0.6109821 0.5441530 0.0281581 0.0162750
3 0.5405869 0.6613328 0.0281580 0.0162750
3 0.4689118 0.4855631 0.0281581 0.0162750
14 0.6109821 0.4269732 0.0281581 0.0162750
8 0.7556121 0.4269732 0.0281581 0.0162750
16 0.4689118 0.6613328 0.0281581 0.0162750
