17 0.5329645 0.4489744 0.0272723 0.0165019
1 0.3941235 0.3895673 0.0272723 0.0165020
32 0.4654035 0.3351107 0.5020589 0.4224505
33 0.4641638 0.1524890 0.4549522 0.0154018
2 0.2552825 0.2113460 0.0272723 0.0165020
5 0.4623044 0.2113460 0.0272723 0.0165020
17 0.6718056 0.2707531 0.0272723 0.0165019
1 0.5329645 0.3301602 0.0272723 0.0165020
16 0.2552825 0.3895673 0.0272723 0.0165020
12 0.3247030 0.3895673 0.0272723 0.0165020
30 0.4623044 0.3895673 0.0272723 0.0165020
34 0.5323447 0.3890172 0.0657015 0.0594071
8 0.5329645 0.3895673 0.0272723 0.0165020
3 0.2552825 0.4489744 0.0272723 0.0165019
10 0.3941235 0.4489744 0.0272723 0.0165019
26 0.4623044 0.4489744 0.0272723 0.0165019
27 0.6718056 0.4489744 0.0272723 0.0165019
20 0.3247030 0.5083814 0.0272723 0.0165019
4 0.4623044 0.5083814 0.0272723 0.0165019
19 0.5329645 0.2113460 0.0272723 0.0165020
15 0.3247030 0.3301602 0.0272723 0.0165020
11 0.6023850 0.3895673 0.0272723 0.0165020
28 0.2552825 0.5083814 0.0272723 0.0165019
6 0.3247030 0.4489744 0.0272723 0.0165019
13 0.6023850 0.3301602 0.0272723 0.0165020
10 0.3941235 0.2113460 0.0272723 0.0165020
3 0.3941235 0.3301602 0.0272723 0.0165020
13 0.3941235 0.5083814 0.0272723 0.0165019
26 0.4623044 0.2707531 0.0272723 0.0165019
5 0.3247030 0.2707531 0.0272723 0.0165019
4 0.5329645 0.5083814 0.0272723 0.0165019
30 0.6718056 0.3301602 0.0272723 0.0165020
7 0.2552825 0.3301602 0.0272723 0.0165020
14 0.6023850 0.4489744 0.0272723 0.0165019
15 0.6718056 0.5083814 0.0272723 0.0165019
11 0.6023850 0.2113460 0.0272723 0.0165020
15 0.3247030 0.2113460 0.0272723 0.0165020
17 0.4623044 0.3301602 0.0272723 0.0165020
15 0.2552825 0.2707531 0.0272723 0.0165019
22 0.6718056 0.3895673 0.0272723 0.0165020
9 0.3941235 0.2707531 0.0272723 0.0165019
30 0.6718056 0.2113460 0.0272723 0.0165020
12 0.6023850 0.5083814 0.0272723 0.0165019
9 0.5329645 0.2707531 0.0272723 0.0165019
21 0.6023850 0.2707531 0.0272723 0.0165019
