6 0.0520031 0.6421008 0.0276582 0.0169154
20 0.3336134 0.3985188 0.0276581 0.0169154
32 0.2650966 0.4644889 0.5091614 0.4330346
33 0.2638394 0.2772916 0.4613882 0.0157877
12 0.2619536 0.3376233 0.0276582 0.0169154
9 0.0520031 0.3985188 0.0276582 0.0169154
34 0.1217771 0.3979549 0.0641166 0.0608955
2 0.1224057 0.3985188 0.0276581 0.0169154
22 0.2619536 0.3985188 0.0276582 0.0169154
13 0.0520031 0.4594143 0.0276582 0.0169154
17 0.1928082 0.4594143 0.0276582 0.0169154
20 0.3336134 0.4594143 0.0276581 0.0169154
26 0.0520031 0.5203098 0.0276582 0.0169154
1 0.3336134 0.5203098 0.0276581 0.0169154
5 0.1224057 0.5812053 0.0276581 0.0169154
27 0.2619536 0.5812053 0.0276582 0.0169154
25 0.3336134 0.5812053 0.0276581 0.0169154
11 0.1224057 0.6421008 0.0276581 0.0169154
31 0.3336134 0.6421008 0.0276581 0.0169154
29 0.3336134 0.3376233 0.0276581 0.0169154
17 0.4040159 0.3376233 0.0276582 0.0169154
10 0.4744185 0.3376233 0.0276582 0.0169154
9 0.4040159 0.3985188 0.0276582 0.0169154
29 0.4744185 0.5203098 0.0276582 0.0169154
3 0.4040159 0.5203098 0.0276582 0.0169154
21 0.4040159 0.6421008 0.0276582 0.0169154
21 0.2619536 0.4594143 0.0276582 0.0169154
25 0.0520031 0.3376233 0.0276582 0.0169154
2 0.1928082 0.5203098 0.0276582 0.0169154
8 0.1224057 0.5203098 0.0276581 0.0169154
5 0.4744185 0.3985188 0.0276582 0.0169154
7 0.1928082 0.3985188 0.0276582 0.0169154
11 0.2619536 0.5203098 0.0276582 0.0169154
11 0.2619536 0.6421008 0.0276582 0.0169154
26 0.4744185 0.4594143 0.0276582 0.0169154
2 0.1928082 0.5812053 0.0276582 0.0169154
13 0.1224057 0.3376233 0.0276581 0.0169154
28 0.1928082 0.3376233 0.0276582 0.0169154
10 0.4040159 0.4594143 0.0276582 0.0169154
16 0.1224057 0.4594143 0.0276581 0.0169154
22 0.4040159 0.5812053 0.0276582 0.0169154
4 0.4744185 0.6421008 0.0276582 0.0169154
3 0.0520031 0.5812053 0.0276582 0.0169154
10 0.4744185 0.5812053 0.0276582 0.0169154
3 0.1928082 0.6421008 0.0276582 0.0169154
