3 0.2040103 0.6066433 0.0282103 0.0162020
7 0.4194345 0.3733353 0.0282103 0.0162019
32 0.3495499 0.4948499 0.5193263 0.4147699
33 0.3482676 0.3155484 0.4705994 0.0151218
12 0.2758184 0.3733353 0.0282103 0.0162019
10 0.3463441 0.3733353 0.0282103 0.0162019
15 0.5630507 0.3733353 0.0282103 0.0162019
8 0.1322022 0.4316623 0.0282103 0.0162020
1 0.2758184 0.4316623 0.0282103 0.0162020
34 0.2033691 0.4894493 0.0653967 0.0583270
18 0.2040103 0.4899893 0.0282103 0.0162019
7 0.2758184 0.4899893 0.0282103 0.0162019
27 0.4194345 0.4899893 0.0282103 0.0162019
11 0.1322022 0.5483163 0.0282103 0.0162019
25 0.2040103 0.5483163 0.0282103 0.0162019
20 0.3463441 0.6066433 0.0282103 0.0162020
13 0.4194345 0.6066433 0.0282103 0.0162020
6 0.4912426 0.6066433 0.0282103 0.0162020
19 0.4912426 0.6649703 0.0282103 0.0162019
14 0.4912426 0.4316623 0.0282103 0.0162020
4 0.1322022 0.3733353 0.0282103 0.0162019
5 0.2758184 0.6649703 0.0282103 0.0162019
29 0.4194345 0.4316623 0.0282103 0.0162020
29 0.4194345 0.5483163 0.0282103 0.0162019
31 0.4194345 0.6649703 0.0282103 0.0162019
27 0.3463441 0.5483163 0.0282103 0.0162019
31 0.5630507 0.6066433 0.0282103 0.0162020
29 0.1322022 0.4899893 0.0282103 0.0162019
29 0.3463441 0.6649703 0.0282103 0.0162019
11 0.3463441 0.4316623 0.0282103 0.0162020
3 0.5630507 0.4316623 0.0282103 0.0162020
3 0.1322022 0.6649703 0.0282103 0.0162019
16 0.1322022 0.6066433 0.0282103 0.0162020
15 0.3463441 0.4899893 0.0282103 0.0162019
18 0.2758184 0.5483163 0.0282103 0.0162019
14 0.4912426 0.4899893 0.0282103 0.0162019
3 0.2040103 0.3733353 0.0282103 0.0162019
27 0.2040103 0.4316623 0.0282103 0.0162020
3 0.4912426 0.5483163 0.0282103 0.0162019
11 0.5630507 0.5483163 0.0282103 0.0162019
27 0.2040103 0.6649703 0.0282103 0.0162019
8 0.4912426 0.3733353 0.0282103 0.0162019
6 0.5630507 0.6649703 0.0282103 0.0162019
31 0.5630507 0.4899893 0.0282103 0.0162019
25 0.2758184 0.6066433 0.0282103 0.0162020
