15 0.7855888 0.5657998 0.0280503 0.0173956
30 0.7141879 0.3779280 0.0280504 0.0173955
32 0.5732985 0.5083945 0.5163818 0.4453258
33 0.5720235 0.3158839 0.4679312 0.0162358
30 0.3571832 0.3779280 0.0280503 0.0173955
7 0.7855888 0.3779280 0.0280503 0.0173955
8 0.3571832 0.4405520 0.0280503 0.0173956
17 0.7141879 0.4405520 0.0280504 0.0173956
34 0.4279466 0.5025960 0.0650259 0.0626240
6 0.4285841 0.5031759 0.0280503 0.0173956
4 0.4999850 0.5031759 0.0280504 0.0173956
11 0.6427869 0.5031759 0.0280504 0.0173956
16 0.7141879 0.5031759 0.0280504 0.0173956
22 0.3571832 0.5657998 0.0280503 0.0173956
5 0.4285841 0.5657998 0.0280503 0.0173956
20 0.4285841 0.6284238 0.0280503 0.0173955
29 0.4999850 0.6284238 0.0280504 0.0173955
12 0.5701110 0.6910477 0.0280503 0.0173956
24 0.7141879 0.6910477 0.0280504 0.0173956
12 0.6427869 0.6910477 0.0280504 0.0173956
6 0.3571832 0.5031759 0.0280503 0.0173956
8 0.5701110 0.4405520 0.0280503 0.0173956
11 0.6427869 0.5657998 0.0280504 0.0173956
15 0.4285841 0.4405520 0.0280503 0.0173956
8 0.5701110 0.6284238 0.0280503 0.0173955
6 0.4285841 0.6910477 0.0280503 0.0173956
2 0.7141879 0.6284238 0.0280504 0.0173955
14 0.7855888 0.6910477 0.0280503 0.0173956
18 0.5701110 0.5657998 0.0280503 0.0173956
9 0.7141879 0.5657998 0.0280504 0.0173956
25 0.4999850 0.6910477 0.0280504 0.0173956
16 0.4999850 0.5657998 0.0280504 0.0173956
15 0.3571832 0.6284238 0.0280503 0.0173955
30 0.6427869 0.4405520 0.0280504 0.0173956
11 0.7855888 0.4405520 0.0280503 0.0173956
5 0.4285841 0.3779280 0.0280503 0.0173955
31 0.7855888 0.6284238 0.0280503 0.0173955
9 0.5701110 0.3779280 0.0280503 0.0173955
10 0.6427869 0.3779280 0.0280504 0.0173955
4 0.7855888 0.5031759 0.0280503 0.0173956
27 0.3571832 0.6910477 0.0280503 0.0173956
15 0.4999850 0.3779280 0.0280504 0.0173955
25 0.6427869 0.6284238 0.0280504 0.0173955
4 0.5701110 0.5031759 0.0280503 0.0173956
20 0.4999850 0.4405520 0.0280504 0.0173956
