27 0.4534094 0.8044631 0.0270048 0.0168833
1 0.6596278 0.7436833 0.0270048 0.0168833
32 0.5927296 0.6271886 0.4971337 0.4322120
33 0.5915021 0.4403470 0.4504890 0.0157578
34 0.3846699 0.5000012 0.0638295 0.0607798
26 0.3846699 0.5005640 0.0270048 0.0168833
16 0.4534094 0.5005640 0.0270048 0.0168833
25 0.3846699 0.5613438 0.0270048 0.0168833
14 0.7971068 0.5613438 0.0270048 0.0168833
18 0.5221489 0.6221236 0.0270048 0.0168833
12 0.6596278 0.6221236 0.0270048 0.0168833
17 0.3846699 0.6829034 0.0270048 0.0168833
5 0.5896608 0.6829034 0.0270048 0.0168833
22 0.7283673 0.6829034 0.0270048 0.0168833
3 0.7971068 0.6829034 0.0270048 0.0168833
4 0.5221489 0.7436833 0.0270048 0.0168833
7 0.3846699 0.8044631 0.0270048 0.0168833
8 0.5896608 0.8044631 0.0270048 0.0168833
29 0.6596278 0.8044631 0.0270048 0.0168833
13 0.6596278 0.6829034 0.0270048 0.0168833
11 0.5896608 0.5005640 0.0270048 0.0168833
20 0.5896608 0.7436833 0.0270048 0.0168833
4 0.5221489 0.6829034 0.0270048 0.0168833
1 0.4534094 0.7436833 0.0270048 0.0168833
31 0.7283673 0.6221236 0.0270048 0.0168833
9 0.5896608 0.6221236 0.0270048 0.0168833
12 0.7971068 0.5005640 0.0270048 0.0168833
12 0.7283673 0.7436833 0.0270048 0.0168833
20 0.5221489 0.8044631 0.0270048 0.0168833
19 0.5221489 0.5005640 0.0270048 0.0168833
2 0.7283673 0.5005640 0.0270048 0.0168833
8 0.3846699 0.6221236 0.0270048 0.0168833
20 0.7971068 0.6221236 0.0270048 0.0168833
7 0.4534094 0.5613438 0.0270048 0.0168833
28 0.4534094 0.6221236 0.0270048 0.0168833
18 0.7971068 0.8044631 0.0270048 0.0168833
10 0.7971068 0.7436833 0.0270048 0.0168833
12 0.4534094 0.6829034 0.0270048 0.0168833
2 0.5896608 0.5613438 0.0270048 0.0168833
3 0.3846699 0.7436833 0.0270048 0.0168833
10 0.5221489 0.5613438 0.0270048 0.0168833
16 0.6596278 0.5613438 0.0270048 0.0168833
21 0.6596278 0.5005640 0.0270048 0.0168833
26 0.7283673 0.8044631 0.0270048 0.0168833
16 0.7283673 0.5613438 0.0270048 0.0168833
