11 0.7256075 0.4811732 0.0288294 0.0158910
26 0.7989915 0.7100036 0.0288294 0.0158910
32 0.5808051 0.6003557 0.5307239 0.4068095
33 0.5794946 0.4244953 0.4809276 0.0148316
13 0.6522234 0.4811732 0.0288295 0.0158910
22 0.3586872 0.5383808 0.0288294 0.0158910
12 0.6522234 0.5383808 0.0288295 0.0158910
30 0.4320713 0.5955884 0.0288295 0.0158910
7 0.5054553 0.5955884 0.0288295 0.0158910
23 0.7256075 0.5955884 0.0288294 0.0158910
16 0.3586872 0.6527960 0.0288294 0.0158910
3 0.5054553 0.6527960 0.0288295 0.0158910
6 0.7256075 0.6527960 0.0288294 0.0158910
11 0.5054553 0.7100036 0.0288295 0.0158910
24 0.5775290 0.7100036 0.0288294 0.0158910
34 0.3586872 0.7666815 0.0681423 0.0572076
5 0.3586872 0.7672112 0.0288294 0.0158910
8 0.5054553 0.7672112 0.0288295 0.0158910
20 0.7989915 0.7672112 0.0288294 0.0158910
5 0.7256075 0.5383808 0.0288294 0.0158910
12 0.5775290 0.5383808 0.0288294 0.0158910
15 0.6522234 0.7100036 0.0288295 0.0158910
1 0.7989915 0.5383808 0.0288294 0.0158910
17 0.6522234 0.6527960 0.0288295 0.0158910
14 0.3586872 0.4811732 0.0288294 0.0158910
16 0.7256075 0.7672112 0.0288294 0.0158910
11 0.4320713 0.5383808 0.0288295 0.0158910
18 0.4320713 0.7100036 0.0288295 0.0158910
4 0.5054553 0.5383808 0.0288295 0.0158910
17 0.5775290 0.5955884 0.0288294 0.0158910
21 0.7989915 0.5955884 0.0288294 0.0158910
19 0.5775290 0.4811732 0.0288294 0.0158910
10 0.6522234 0.7672112 0.0288295 0.0158910
12 0.5775290 0.7672112 0.0288294 0.0158910
25 0.6522234 0.5955884 0.0288295 0.0158910
11 0.3586872 0.7100036 0.0288294 0.0158910
9 0.7989915 0.4811732 0.0288294 0.0158910
28 0.5775290 0.6527960 0.0288294 0.0158910
8 0.4320713 0.7672112 0.0288295 0.0158910
6 0.7989915 0.6527960 0.0288294 0.0158910
7 0.7256075 0.7100036 0.0288294 0.0158910
5 0.4320713 0.4811732 0.0288295 0.0158910
2 0.3586872 0.5955884 0.0288294 0.0158910
17 0.5054553 0.4811732 0.0288295 0.0158910
29 0.4320713 0.6527960 0.0288295 0.0158910
