9 0.7901340 0.5278040 0.0278125 0.0161666
6 0.5764835 0.4696043 0.0278125 0.0161665
32 0.5796440 0.4744543 0.5120027 0.4138640
33 0.5783798 0.2955443 0.4639630 0.0150888
23 0.3653614 0.3532051 0.0278125 0.0161666
6 0.4361568 0.3532051 0.0278125 0.0161666
26 0.5069523 0.3532051 0.0278125 0.0161666
34 0.6479111 0.3526662 0.0670029 0.0581996
15 0.6485431 0.3532051 0.0278124 0.0161666
30 0.7901340 0.3532051 0.0278125 0.0161666
14 0.3653614 0.4114047 0.0278125 0.0161666
29 0.7901340 0.4114047 0.0278125 0.0161666
11 0.4361568 0.4696043 0.0278125 0.0161665
3 0.5069523 0.5860036 0.0278125 0.0161665
8 0.5764835 0.5860036 0.0278125 0.0161665
27 0.7901340 0.5860036 0.0278125 0.0161665
19 0.3653614 0.6442032 0.0278125 0.0161666
16 0.4361568 0.6442032 0.0278125 0.0161666
7 0.6485431 0.6442032 0.0278124 0.0161666
10 0.6485431 0.4114047 0.0278124 0.0161666
25 0.3653614 0.5860036 0.0278125 0.0161665
16 0.7193385 0.4114047 0.0278125 0.0161666
11 0.5764835 0.5278040 0.0278125 0.0161666
27 0.5069523 0.4696043 0.0278125 0.0161665
4 0.7193385 0.4696043 0.0278125 0.0161665
27 0.5764835 0.6442032 0.0278125 0.0161666
30 0.4361568 0.5278040 0.0278125 0.0161666
2 0.5764835 0.3532051 0.0278125 0.0161666
4 0.5069523 0.6442032 0.0278125 0.0161666
27 0.7193385 0.3532051 0.0278125 0.0161666
21 0.3653614 0.4696043 0.0278125 0.0161665
30 0.7901340 0.6442032 0.0278125 0.0161666
1 0.6485431 0.5860036 0.0278124 0.0161665
31 0.7193385 0.5860036 0.0278125 0.0161665
6 0.6485431 0.4696043 0.0278124 0.0161665
17 0.5764835 0.4114047 0.0278125 0.0161666
11 0.3653614 0.5278040 0.0278125 0.0161666
5 0.4361568 0.4114047 0.0278125 0.0161666
14 0.6485431 0.5278040 0.0278124 0.0161666
24 0.5069523 0.5278040 0.0278125 0.0161666
26 0.7193385 0.5278040 0.0278125 0.0161666
25 0.4361568 0.5860036 0.0278125 0.0161665
14 0.7901340 0.4696043 0.0278125 0.0161665
10 0.5069523 0.4114047 0.0278125 0.0161666
30 0.7193385 0.6442032 0.0278125 0.0161666
