26 0.4782597 0.4558906 0.0268901 0.0169991
31 0.6163773 0.4558906 0.0268901 0.0169991
32 0.4813154 0.3385971 0.4950230 0.4351757
33 0.4800931 0.1504743 0.4485764 0.0158658
19 0.4782597 0.2111042 0.0268901 0.0169991
13 0.2741391 0.2723009 0.0268901 0.0169990
34 0.5473185 0.2717342 0.0647808 0.0611966
18 0.5479296 0.2723009 0.0268901 0.0169990
3 0.6848249 0.2723009 0.0268901 0.0169990
5 0.3425867 0.3334974 0.0268901 0.0169990
12 0.5479296 0.3334974 0.0268901 0.0169990
18 0.6848249 0.3334974 0.0268901 0.0169990
26 0.2741391 0.3946940 0.0268901 0.0169990
24 0.3425867 0.3946940 0.0268901 0.0169990
29 0.4110344 0.3946940 0.0268902 0.0169990
4 0.4782597 0.3946940 0.0268901 0.0169990
11 0.5479296 0.3946940 0.0268901 0.0169990
2 0.3425867 0.4558906 0.0268901 0.0169991
25 0.4110344 0.5170872 0.0268902 0.0169990
22 0.5479296 0.5170872 0.0268901 0.0169990
5 0.2741391 0.5170872 0.0268901 0.0169990
5 0.6163773 0.3334974 0.0268901 0.0169990
17 0.4110344 0.2723009 0.0268902 0.0169990
20 0.6848249 0.2111042 0.0268901 0.0169991
14 0.4110344 0.2111042 0.0268902 0.0169991
29 0.4782597 0.2723009 0.0268901 0.0169990
11 0.4110344 0.4558906 0.0268902 0.0169991
14 0.6848249 0.4558906 0.0268901 0.0169991
8 0.6848249 0.3946940 0.0268901 0.0169990
6 0.4782597 0.5170872 0.0268901 0.0169990
1 0.2741391 0.3334974 0.0268901 0.0169990
14 0.6163773 0.2723009 0.0268901 0.0169990
15 0.6848249 0.5170872 0.0268901 0.0169990
9 0.6163773 0.3946940 0.0268901 0.0169990
20 0.4110344 0.3334974 0.0268902 0.0169990
11 0.2741391 0.2111042 0.0268901 0.0169991
9 0.3425867 0.2723009 0.0268901 0.0169990
21 0.2741391 0.4558906 0.0268901 0.0169991
19 0.6163773 0.5170872 0.0268901 0.0169990
5 0.3425867 0.5170872 0.0268901 0.0169990
22 0.6163773 0.2111042 0.0268901 0.0169991
3 0.3425867 0.2111042 0.0268901 0.0169991
22 0.5479296 0.4558906 0.0268901 0.0169991
20 0.5479296 0.2111042 0.0268901 0.0169991
2 0.4782597 0.3334974 0.0268901 0.0169990
