22 0.2401314 0.4627690 0.0275217 0.0162235
31 0.3789909 0.5211736 0.0275217 0.0162235
32 0.3821184 0.5260406 0.5066496 0.4153215
33 0.3808673 0.3465007 0.4591121 0.0151419
5 0.1700761 0.4043645 0.0275217 0.0162235
20 0.5203524 0.4043645 0.0275217 0.0162235
25 0.1700761 0.4627690 0.0275217 0.0162235
19 0.3101866 0.4627690 0.0275217 0.0162235
8 0.4502971 0.5211736 0.0275217 0.0162235
1 0.5904076 0.5211736 0.0275217 0.0162235
13 0.2401314 0.5795782 0.0275217 0.0162235
27 0.3101866 0.5795782 0.0275217 0.0162235
34 0.3789909 0.5790374 0.0650513 0.0584045
3 0.3789909 0.5795782 0.0275217 0.0162235
24 0.2401314 0.6379827 0.0275217 0.0162235
2 0.3101866 0.6379827 0.0275217 0.0162235
9 0.4502971 0.6379827 0.0275217 0.0162235
18 0.2401314 0.6963874 0.0275217 0.0162235
23 0.3101866 0.6963874 0.0275217 0.0162235
28 0.4502971 0.4627690 0.0275217 0.0162235
9 0.2401314 0.5211736 0.0275217 0.0162235
25 0.5203524 0.6963874 0.0275217 0.0162235
17 0.3789909 0.4627690 0.0275217 0.0162235
2 0.5904076 0.4627690 0.0275217 0.0162235
5 0.3789909 0.4043645 0.0275217 0.0162235
14 0.4502971 0.5795782 0.0275217 0.0162235
28 0.3789909 0.6963874 0.0275217 0.0162235
16 0.5203524 0.4627690 0.0275217 0.0162235
28 0.5203524 0.6379827 0.0275217 0.0162235
12 0.1700761 0.6379827 0.0275217 0.0162235
19 0.1700761 0.5795782 0.0275217 0.0162235
25 0.3101866 0.5211736 0.0275217 0.0162235
11 0.5904076 0.4043645 0.0275217 0.0162235
16 0.5904076 0.5795782 0.0275217 0.0162235
12 0.2401314 0.4043645 0.0275217 0.0162235
28 0.5904076 0.6379827 0.0275217 0.0162235
13 0.3789909 0.6379827 0.0275217 0.0162235
24 0.3101866 0.4043645 0.0275217 0.0162235
16 0.1700761 0.5211736 0.0275217 0.0162235
27 0.1700761 0.6963874 0.0275217 0.0162235
6 0.5203524 0.5211736 0.0275217 0.0162235
21 0.5203524 0.5795782 0.0275217 0.0162235
5 0.4502971 0.4043645 0.0275217 0.0162235
1 0.4502971 0.6963874 0.0275217 0.0162235
27 0.5904076 0.6963874 0.0275217 0.0162235
