25 0.6102862 0.4432447 0.0276665 0.0172406
4 0.3285909 0.6915091 0.0276665 0.0172405
32 0.5417487 0.5104830 0.5093153 0.4413588
33 0.5404911 0.3196872 0.4615276 0.0160912
10 0.3285909 0.3811786 0.0276665 0.0172406
30 0.4694385 0.3811786 0.0276665 0.0172406
8 0.7511339 0.3811786 0.0276665 0.0172406
11 0.3990147 0.4432447 0.0276665 0.0172406
16 0.4694385 0.4432447 0.0276665 0.0172406
3 0.3990147 0.5053108 0.0276665 0.0172405
21 0.5386048 0.5053108 0.0276665 0.0172405
19 0.6102862 0.5053108 0.0276665 0.0172405
34 0.7511339 0.5047361 0.0653936 0.0620661
10 0.7511339 0.5053108 0.0276665 0.0172405
9 0.3990147 0.5673769 0.0276665 0.0172406
29 0.3285909 0.6294430 0.0276665 0.0172406
23 0.4694385 0.6915091 0.0276665 0.0172405
13 0.5386048 0.6915091 0.0276665 0.0172405
20 0.6102862 0.6915091 0.0276665 0.0172405
6 0.6807101 0.6915091 0.0276665 0.0172405
18 0.7511339 0.6294430 0.0276665 0.0172406
27 0.4694385 0.6294430 0.0276665 0.0172406
20 0.7511339 0.6915091 0.0276665 0.0172405
8 0.5386048 0.4432447 0.0276665 0.0172406
21 0.6807101 0.6294430 0.0276665 0.0172406
26 0.6807101 0.4432447 0.0276665 0.0172406
11 0.3285909 0.4432447 0.0276665 0.0172406
12 0.3990147 0.3811786 0.0276665 0.0172406
4 0.6807101 0.3811786 0.0276665 0.0172406
8 0.6102862 0.6294430 0.0276665 0.0172406
9 0.6807101 0.5053108 0.0276665 0.0172405
20 0.5386048 0.5673769 0.0276665 0.0172406
13 0.4694385 0.5053108 0.0276665 0.0172405
6 0.3990147 0.6915091 0.0276665 0.0172405
28 0.6102862 0.3811786 0.0276665 0.0172406
4 0.4694385 0.5673769 0.0276665 0.0172406
25 0.7511339 0.4432447 0.0276665 0.0172406
6 0.7511339 0.5673769 0.0276665 0.0172406
20 0.5386048 0.3811786 0.0276665 0.0172406
21 0.3990147 0.6294430 0.0276665 0.0172406
2 0.3285909 0.5053108 0.0276665 0.0172405
10 0.5386048 0.6294430 0.0276665 0.0172406
9 0.3285909 0.5673769 0.0276665 0.0172406
13 0.6807101 0.5673769 0.0276665 0.0172406
20 0.6102862 0.5673769 0.0276665 0.0172406
