11 0.4198396 0.2628820 0.0274898 0.0173368
5 0.2798917 0.3252945 0.0274898 0.0173368
32 0.3517399 0.3929080 0.5060615 0.4438219
33 0.3504904 0.2010474 0.4585792 0.0161810
34 0.1399438 0.2623041 0.0649758 0.0624124
9 0.1399438 0.2628820 0.0274898 0.0173368
27 0.2099178 0.2628820 0.0274898 0.0173368
6 0.4898135 0.2628820 0.0274897 0.0173368
3 0.1399438 0.3252945 0.0274898 0.0173368
22 0.4198396 0.3252945 0.0274898 0.0173368
15 0.4898135 0.3252945 0.0274897 0.0173368
19 0.5597874 0.3252945 0.0274898 0.0173368
10 0.1399438 0.3877069 0.0274898 0.0173368
25 0.2798917 0.3877069 0.0274898 0.0173368
24 0.1399438 0.4501194 0.0274898 0.0173368
21 0.1399438 0.5125318 0.0274898 0.0173368
2 0.2798917 0.5125318 0.0274898 0.0173368
30 0.3486161 0.5125318 0.0274897 0.0173368
13 0.4198396 0.5749443 0.0274898 0.0173368
26 0.5597874 0.4501194 0.0274898 0.0173368
21 0.2798917 0.4501194 0.0274898 0.0173368
25 0.4898135 0.3877069 0.0274897 0.0173368
25 0.1399438 0.5749443 0.0274898 0.0173368
6 0.4898135 0.5125318 0.0274897 0.0173368
5 0.5597874 0.5749443 0.0274898 0.0173368
22 0.3486161 0.2628820 0.0274897 0.0173368
30 0.3486161 0.5749443 0.0274897 0.0173368
31 0.4198396 0.5125318 0.0274898 0.0173368
30 0.2099178 0.5749443 0.0274898 0.0173368
20 0.5597874 0.3877069 0.0274898 0.0173368
30 0.2798917 0.5749443 0.0274898 0.0173368
10 0.5597874 0.2628820 0.0274898 0.0173368
12 0.3486161 0.4501194 0.0274897 0.0173368
19 0.3486161 0.3877069 0.0274897 0.0173368
29 0.4898135 0.5749443 0.0274897 0.0173368
13 0.2099178 0.4501194 0.0274898 0.0173368
13 0.4198396 0.4501194 0.0274898 0.0173368
3 0.2099178 0.3877069 0.0274898 0.0173368
31 0.4198396 0.3877069 0.0274898 0.0173368
17 0.4898135 0.4501194 0.0274897 0.0173368
17 0.2099178 0.5125318 0.0274898 0.0173368
7 0.3486161 0.3252945 0.0274897 0.0173368
19 0.5597874 0.5125318 0.0274898 0.0173368
26 0.2099178 0.3252945 0.0274898 0.0173368
31 0.2798917 0.2628820 0.0274898 0.0173368
