2 0.0613932 0.4327085 0.0286751 0.0159177
16 0.3533583 0.5473163 0.0286752 0.0159178
32 0.2823222 0.4947877 0.5278834 0.4074943
33 0.2810188 0.3186314 0.4783536 0.0148566
6 0.2073758 0.3754047 0.0286752 0.0159178
26 0.3533583 0.3754047 0.0286752 0.0159178
29 0.1343845 0.4327085 0.0286751 0.0159177
10 0.2073758 0.4327085 0.0286752 0.0159177
8 0.3533583 0.4327085 0.0286752 0.0159177
23 0.4993409 0.4327085 0.0286751 0.0159177
4 0.0613932 0.4900124 0.0286751 0.0159178
22 0.3533583 0.4900124 0.0286752 0.0159178
34 0.1337328 0.5467857 0.0664742 0.0573039
17 0.1343845 0.5473163 0.0286751 0.0159178
2 0.4263496 0.5473163 0.0286752 0.0159178
24 0.2073758 0.6046202 0.0286752 0.0159178
19 0.2790636 0.6046202 0.0286751 0.0159178
9 0.4263496 0.6046202 0.0286752 0.0159178
15 0.3533583 0.6619241 0.0286752 0.0159178
10 0.4993409 0.3754047 0.0286751 0.0159178
25 0.1343845 0.4900124 0.0286751 0.0159178
28 0.4993409 0.4900124 0.0286751 0.0159178
29 0.0613932 0.6619241 0.0286751 0.0159178
27 0.1343845 0.3754047 0.0286751 0.0159178
22 0.0613932 0.5473163 0.0286751 0.0159178
24 0.4993409 0.6046202 0.0286751 0.0159178
12 0.4263496 0.4900124 0.0286752 0.0159178
6 0.0613932 0.6046202 0.0286751 0.0159178
11 0.4263496 0.3754047 0.0286752 0.0159178
5 0.2790636 0.5473163 0.0286751 0.0159178
13 0.4993409 0.6619241 0.0286751 0.0159178
16 0.3533583 0.6046202 0.0286752 0.0159178
27 0.4263496 0.4327085 0.0286752 0.0159177
27 0.2790636 0.6619241 0.0286751 0.0159178
11 0.1343845 0.6046202 0.0286751 0.0159178
9 0.2073758 0.6619241 0.0286752 0.0159178
14 0.2073758 0.5473163 0.0286752 0.0159178
24 0.0613932 0.3754047 0.0286751 0.0159178
12 0.2790636 0.4327085 0.0286751 0.0159177
9 0.2790636 0.3754047 0.0286751 0.0159178
13 0.1343845 0.6619241 0.0286751 0.0159178
6 0.2790636 0.4900124 0.0286751 0.0159178
19 0.2073758 0.4900124 0.0286752 0.0159178
17 0.4993409 0.5473163 0.0286751 0.0159178
25 0.4263496 0.6619241 0.0286752 0.0159178
