20 0.4993767 0.5545583 0.0262798 0.0162720
16 0.1649062 0.7302962 0.0262798 0.0162721
32 0.3004862 0.5594399 0.4837876 0.4165637
33 0.2992917 0.3793629 0.4383952 0.0151872
12 0.3655885 0.4373998 0.0262798 0.0162720
22 0.4993767 0.4373998 0.0262798 0.0162720
9 0.2318003 0.4959790 0.0262798 0.0162720
21 0.3655885 0.4959790 0.0262798 0.0162720
15 0.4993767 0.4959790 0.0262798 0.0162720
17 0.0980121 0.5545583 0.0262798 0.0162720
2 0.2974999 0.5545583 0.0262798 0.0162720
27 0.4324826 0.5545583 0.0262798 0.0162720
31 0.0980121 0.6131376 0.0262798 0.0162720
14 0.2974999 0.6131376 0.0262798 0.0162720
29 0.2318003 0.6717169 0.0262798 0.0162720
34 0.2974999 0.6711745 0.0621159 0.0585794
22 0.2974999 0.6717169 0.0262798 0.0162720
19 0.3655885 0.6717169 0.0262798 0.0162720
16 0.2974999 0.7302962 0.0262798 0.0162721
5 0.4324826 0.4373998 0.0262798 0.0162720
22 0.1649062 0.6717169 0.0262798 0.0162720
18 0.4993767 0.6717169 0.0262798 0.0162720
25 0.0980121 0.6717169 0.0262798 0.0162720
1 0.4993767 0.6131376 0.0262798 0.0162720
9 0.3655885 0.5545583 0.0262798 0.0162720
31 0.2974999 0.4373998 0.0262798 0.0162720
16 0.1649062 0.4959790 0.0262798 0.0162720
2 0.2318003 0.5545583 0.0262798 0.0162720
10 0.2974999 0.4959790 0.0262798 0.0162720
24 0.0980121 0.4959790 0.0262798 0.0162720
24 0.0980121 0.4373998 0.0262798 0.0162720
28 0.2318003 0.7302962 0.0262798 0.0162721
20 0.3655885 0.6131376 0.0262798 0.0162720
5 0.2318003 0.4373998 0.0262798 0.0162720
7 0.1649062 0.6131376 0.0262798 0.0162720
12 0.0980121 0.7302962 0.0262798 0.0162721
31 0.4324826 0.4959790 0.0262798 0.0162720
12 0.4993767 0.7302962 0.0262798 0.0162721
25 0.1649062 0.4373998 0.0262798 0.0162720
28 0.4324826 0.6717169 0.0262798 0.0162720
12 0.2318003 0.6131376 0.0262798 0.0162720
20 0.4324826 0.7302962 0.0262798 0.0162721
20 0.1649062 0.5545583 0.0262798 0.0162720
1 0.4324826 0.6131376 0.0262798 0.0162720
16 0.3655885 0.7302962 0.0262798 0.0162721
