19 0.5735228 0.3211297 0.0272527 0.0160121
7 0.5735228 0.4364166 0.0272527 0.0160121
32 0.3672695 0.4412202 0.5016972 0.4099092
33 0.3660308 0.2640199 0.4546244 0.0149446
20 0.5041524 0.3211297 0.0272527 0.0160121
31 0.3641726 0.3787731 0.0272527 0.0160121
34 0.4341625 0.3782394 0.0656542 0.0576435
9 0.4347819 0.3787731 0.0272527 0.0160121
23 0.2266704 0.4364166 0.0272527 0.0160121
27 0.2960409 0.4364166 0.0272527 0.0160121
7 0.1572999 0.4940601 0.0272527 0.0160121
1 0.2266704 0.4940601 0.0272527 0.0160121
18 0.4347819 0.4940601 0.0272527 0.0160121
2 0.1572999 0.5517036 0.0272527 0.0160121
9 0.2266704 0.5517036 0.0272527 0.0160121
14 0.2960409 0.5517036 0.0272527 0.0160121
21 0.3641726 0.5517036 0.0272527 0.0160121
25 0.4347819 0.5517036 0.0272527 0.0160121
4 0.2266704 0.6093471 0.0272527 0.0160120
29 0.1572999 0.6093471 0.0272527 0.0160120
11 0.2960409 0.3787731 0.0272527 0.0160121
16 0.5041524 0.4940601 0.0272527 0.0160121
1 0.5041524 0.4364166 0.0272527 0.0160121
20 0.5041524 0.5517036 0.0272527 0.0160121
30 0.1572999 0.3211297 0.0272527 0.0160121
25 0.4347819 0.4364166 0.0272527 0.0160121
16 0.2960409 0.6093471 0.0272527 0.0160120
7 0.5041524 0.3787731 0.0272527 0.0160121
6 0.5735228 0.3787731 0.0272527 0.0160121
3 0.4347819 0.6093471 0.0272527 0.0160120
8 0.2960409 0.3211297 0.0272527 0.0160121
4 0.5041524 0.6093471 0.0272527 0.0160120
28 0.1572999 0.3787731 0.0272527 0.0160121
7 0.1572999 0.4364166 0.0272527 0.0160121
5 0.2266704 0.3787731 0.0272527 0.0160121
4 0.2266704 0.3211297 0.0272527 0.0160121
2 0.5735228 0.6093471 0.0272527 0.0160120
17 0.5735228 0.4940601 0.0272527 0.0160121
8 0.4347819 0.3211297 0.0272527 0.0160121
8 0.5735228 0.5517036 0.0272527 0.0160121
25 0.3641726 0.4364166 0.0272527 0.0160121
25 0.3641726 0.4940601 0.0272527 0.0160121
6 0.3641726 0.6093471 0.0272527 0.0160120
6 0.2960409 0.4940601 0.0272527 0.0160121
22 0.3641726 0.3211297 0.0272527 0.0160121
