19 0.6297194 0.6326786 0.0265562 0.0172502
27 0.2241341 0.6947793 0.0265562 0.0172502
32 0.4287373 0.6378537 0.4888751 0.4416047
33 0.4275303 0.4469516 0.4430054 0.0161002
34 0.3593291 0.5079023 0.0627692 0.0621007
24 0.3593291 0.5084773 0.0265562 0.0172502
18 0.6297194 0.5084773 0.0265562 0.0172502
16 0.2917316 0.5705779 0.0265562 0.0172502
14 0.4257196 0.5705779 0.0265562 0.0172502
8 0.6297194 0.5705779 0.0265562 0.0172502
15 0.2241341 0.6326786 0.0265562 0.0172502
3 0.2917316 0.6326786 0.0265562 0.0172502
24 0.5621218 0.6326786 0.0265562 0.0172502
22 0.5621218 0.6947793 0.0265562 0.0172502
30 0.2241341 0.7568800 0.0265562 0.0172502
11 0.4257196 0.7568800 0.0265562 0.0172502
23 0.6297194 0.7568800 0.0265562 0.0172502
21 0.3593291 0.8189806 0.0265562 0.0172502
10 0.4945243 0.8189806 0.0265562 0.0172502
21 0.4945243 0.7568800 0.0265562 0.0172502
5 0.2241341 0.5705779 0.0265562 0.0172502
8 0.2241341 0.5084773 0.0265562 0.0172502
8 0.5621218 0.5705779 0.0265562 0.0172502
3 0.3593291 0.6947793 0.0265562 0.0172502
7 0.5621218 0.5084773 0.0265562 0.0172502
6 0.2917316 0.8189806 0.0265562 0.0172502
12 0.2241341 0.8189806 0.0265562 0.0172502
31 0.4257196 0.5084773 0.0265562 0.0172502
31 0.3593291 0.6326786 0.0265562 0.0172502
20 0.6297194 0.8189806 0.0265562 0.0172502
8 0.5621218 0.8189806 0.0265562 0.0172502
10 0.4257196 0.6947793 0.0265562 0.0172502
5 0.4257196 0.6326786 0.0265562 0.0172502
21 0.3593291 0.5705779 0.0265562 0.0172502
24 0.2917316 0.6947793 0.0265562 0.0172502
26 0.4945243 0.5705779 0.0265562 0.0172502
31 0.2917316 0.7568800 0.0265562 0.0172502
16 0.5621218 0.7568800 0.0265562 0.0172502
10 0.4945243 0.5084773 0.0265562 0.0172502
12 0.3593291 0.7568800 0.0265562 0.0172502
26 0.4945243 0.6947793 0.0265562 0.0172502
13 0.4945243 0.6326786 0.0265562 0.0172502
13 0.6297194 0.6947793 0.0265562 0.0172502
14 0.2917316 0.5084773 0.0265562 0.0172502
18 0.4257196 0.8189806 0.0265562 0.0172502
