3 0.4592368 0.3629542 0.0267067 0.0161022
8 0.3244896 0.5948264 0.0267066 0.0161022
32 0.4622716 0.4837210 0.4916450 0.4122171
33 0.4610577 0.3055229 0.4455153 0.0150288
19 0.2565091 0.3629542 0.0267066 0.0161022
1 0.3924702 0.3629542 0.0267067 0.0161022
31 0.2565091 0.4209222 0.0267066 0.0161022
23 0.4592368 0.4209222 0.0267067 0.0161022
4 0.5284312 0.4209222 0.0267066 0.0161022
27 0.6643922 0.4209222 0.0267066 0.0161022
15 0.3244896 0.4788903 0.0267066 0.0161022
16 0.4592368 0.4788903 0.0267067 0.0161022
5 0.3924702 0.5368583 0.0267067 0.0161022
12 0.4592368 0.5368583 0.0267067 0.0161022
34 0.5278242 0.5363216 0.0643387 0.0579680
23 0.5284312 0.5368583 0.0267066 0.0161022
18 0.3924702 0.5948264 0.0267067 0.0161022
6 0.5964118 0.5948264 0.0267066 0.0161022
21 0.5964118 0.6527943 0.0267066 0.0161022
27 0.5964118 0.3629542 0.0267066 0.0161022
11 0.4592368 0.5948264 0.0267067 0.0161022
13 0.3244896 0.6527943 0.0267066 0.0161022
18 0.4592368 0.6527943 0.0267067 0.0161022
15 0.6643922 0.6527943 0.0267066 0.0161022
3 0.3924702 0.4788903 0.0267067 0.0161022
24 0.2565091 0.5368583 0.0267066 0.0161022
16 0.5284312 0.5948264 0.0267066 0.0161022
18 0.2565091 0.6527943 0.0267066 0.0161022
15 0.3244896 0.5368583 0.0267066 0.0161022
6 0.5284312 0.4788903 0.0267066 0.0161022
29 0.6643922 0.5368583 0.0267066 0.0161022
15 0.2565091 0.4788903 0.0267066 0.0161022
1 0.6643922 0.3629542 0.0267066 0.0161022
13 0.5964118 0.4209222 0.0267066 0.0161022
13 0.3924702 0.6527943 0.0267067 0.0161022
4 0.3244896 0.3629542 0.0267066 0.0161022
25 0.6643922 0.4788903 0.0267066 0.0161022
5 0.5964118 0.5368583 0.0267066 0.0161022
29 0.6643922 0.5948264 0.0267066 0.0161022
20 0.5964118 0.4788903 0.0267066 0.0161022
10 0.3924702 0.4209222 0.0267067 0.0161022
3 0.5284312 0.3629542 0.0267066 0.0161022
28 0.2565091 0.5948264 0.0267066 0.0161022
2 0.5284312 0.6527943 0.0267066 0.0161022
4 0.3244896 0.4209222 0.0267066 0.0161022
