7 0.6587820 0.3080943 0.0270332 0.0173596
25 0.6587820 0.2455997 0.0270332 0.0173596
32 0.4541898 0.3757967 0.4976567 0.4444058
33 0.4529610 0.1836838 0.4509629 0.0162023
8 0.3835349 0.2455997 0.0270332 0.0173596
18 0.4511179 0.2455997 0.0270332 0.0173596
34 0.3835349 0.3075156 0.0638967 0.0624945
22 0.3835349 0.3080943 0.0270332 0.0173596
3 0.4511179 0.3080943 0.0270332 0.0173596
17 0.3835349 0.3705888 0.0270332 0.0173596
25 0.5211584 0.3705888 0.0270332 0.0173596
16 0.6587820 0.3705888 0.0270332 0.0173596
2 0.2459113 0.4330834 0.0270332 0.0173596
14 0.5899702 0.4330834 0.0270332 0.0173596
29 0.2459113 0.4955779 0.0270332 0.0173596
5 0.2459113 0.5580725 0.0270332 0.0173596
27 0.3147231 0.5580725 0.0270332 0.0173596
30 0.5899702 0.5580725 0.0270332 0.0173596
9 0.6587820 0.5580725 0.0270332 0.0173596
11 0.4511179 0.5580725 0.0270332 0.0173596
21 0.4511179 0.4330834 0.0270332 0.0173596
13 0.5899702 0.2455997 0.0270332 0.0173596
19 0.3147231 0.4955779 0.0270332 0.0173596
29 0.3835349 0.4330834 0.0270332 0.0173596
6 0.4511179 0.4955779 0.0270332 0.0173596
5 0.3147231 0.4330834 0.0270332 0.0173596
15 0.5211584 0.3080943 0.0270332 0.0173596
8 0.5211584 0.2455997 0.0270332 0.0173596
2 0.6587820 0.4955779 0.0270332 0.0173596
15 0.4511179 0.3705888 0.0270332 0.0173596
6 0.3147231 0.3705888 0.0270332 0.0173596
1 0.3835349 0.4955779 0.0270332 0.0173596
12 0.6587820 0.4330834 0.0270332 0.0173596
21 0.3835349 0.5580725 0.0270332 0.0173596
1 0.5211584 0.4955779 0.0270332 0.0173596
3 0.5211584 0.4330834 0.0270332 0.0173596
13 0.5899702 0.3080943 0.0270332 0.0173596
9 0.2459113 0.3705888 0.0270332 0.0173596
27 0.2459113 0.2455997 0.0270332 0.0173596
29 0.5899702 0.4955779 0.0270332 0.0173596
24 0.3147231 0.2455997 0.0270332 0.0173596
5 0.3147231 0.3080943 0.0270332 0.0173596
18 0.2459113 0.3080943 0.0270332 0.0173596
28 0.5211584 0.5580725 0.0270332 0.0173596
19 0.5899702 0.3705888 0.0270332 0.0173596
