6 0.5404362 0.2413368 0.0278824 0.0166968
5 0.3984893 0.4817706 0.0278824 0.0166968
32 0.3294170 0.3665628 0.5132899 0.4274379
33 0.3281496 0.1817849 0.4651294 0.0155837
27 0.1145956 0.2413368 0.0278824 0.0166968
12 0.2565425 0.2413368 0.0278824 0.0166968
11 0.4694627 0.2413368 0.0278824 0.0166968
34 0.1145956 0.3008887 0.0659039 0.0601084
7 0.1145956 0.3014453 0.0278824 0.0166968
13 0.3984893 0.3014453 0.0278824 0.0166968
8 0.1145956 0.3615537 0.0278824 0.0166968
30 0.2565425 0.3615537 0.0278824 0.0166968
31 0.5404362 0.3615537 0.0278824 0.0166968
17 0.2565425 0.4216622 0.0278824 0.0166968
21 0.3262486 0.4216622 0.0278824 0.0166968
6 0.3984893 0.4216622 0.0278824 0.0166968
2 0.4694627 0.4216622 0.0278824 0.0166968
29 0.3262486 0.4817706 0.0278824 0.0166968
19 0.3262486 0.5418791 0.0278824 0.0166968
30 0.5404362 0.3014453 0.0278824 0.0166968
30 0.2565425 0.4817706 0.0278824 0.0166968
30 0.1855691 0.3615537 0.0278824 0.0166968
28 0.3984893 0.5418791 0.0278824 0.0166968
3 0.1855691 0.3014453 0.0278824 0.0166968
3 0.3262486 0.3615537 0.0278824 0.0166968
29 0.1145956 0.4817706 0.0278824 0.0166968
4 0.4694627 0.5418791 0.0278824 0.0166968
12 0.3984893 0.2413368 0.0278824 0.0166968
18 0.5404362 0.5418791 0.0278824 0.0166968
14 0.3984893 0.3615537 0.0278824 0.0166968
18 0.3262486 0.3014453 0.0278824 0.0166968
8 0.4694627 0.3014453 0.0278824 0.0166968
25 0.1855691 0.4817706 0.0278824 0.0166968
9 0.5404362 0.4817706 0.0278824 0.0166968
7 0.1855691 0.5418791 0.0278824 0.0166968
25 0.1855691 0.4216622 0.0278824 0.0166968
4 0.5404362 0.4216622 0.0278824 0.0166968
3 0.2565425 0.3014453 0.0278824 0.0166968
3 0.4694627 0.4817706 0.0278824 0.0166968
13 0.1855691 0.2413368 0.0278824 0.0166968
12 0.1145956 0.5418791 0.0278824 0.0166968
7 0.3262486 0.2413368 0.0278824 0.0166968
21 0.1145956 0.4216622 0.0278824 0.0166968
4 0.4694627 0.3615537 0.0278824 0.0166968
27 0.2565425 0.5418791 0.0278824 0.0166968
