13 0.5095733 0.3424460 0.0267264 0.0168632
16 0.4403276 0.5852768 0.0267264 0.0168633
32 0.4433647 0.4082127 0.4920085 0.4316993
33 0.4421499 0.2215927 0.4458447 0.0157390
34 0.2374500 0.2811762 0.0631715 0.0607077
7 0.2374500 0.2817383 0.0267264 0.0168632
21 0.6456349 0.2817383 0.0267264 0.0168632
23 0.2374500 0.3424460 0.0267264 0.0168632
25 0.3735117 0.3424460 0.0267264 0.0168632
30 0.4403276 0.3424460 0.0267264 0.0168632
11 0.5776041 0.3424460 0.0267264 0.0168632
29 0.3735117 0.4031537 0.0267264 0.0168633
18 0.4403276 0.4031537 0.0267264 0.0168633
16 0.3735117 0.4638614 0.0267264 0.0168632
7 0.5776041 0.4638614 0.0267264 0.0168632
3 0.2374500 0.5245691 0.0267264 0.0168633
17 0.3735117 0.5245691 0.0267264 0.0168633
1 0.6456349 0.5245691 0.0267264 0.0168633
13 0.2374500 0.5852768 0.0267264 0.0168633
17 0.5776041 0.5245691 0.0267264 0.0168633
19 0.5776041 0.4031537 0.0267264 0.0168633
15 0.5095733 0.5852768 0.0267264 0.0168633
11 0.3054808 0.2817383 0.0267264 0.0168632
20 0.3735117 0.2817383 0.0267264 0.0168632
13 0.2374500 0.4638614 0.0267264 0.0168632
5 0.3054808 0.5852768 0.0267264 0.0168633
29 0.5095733 0.4031537 0.0267264 0.0168633
4 0.5095733 0.4638614 0.0267264 0.0168632
25 0.5776041 0.5852768 0.0267264 0.0168633
28 0.6456349 0.4638614 0.0267264 0.0168632
12 0.2374500 0.4031537 0.0267264 0.0168633
19 0.5095733 0.2817383 0.0267264 0.0168632
1 0.3735117 0.5852768 0.0267264 0.0168633
18 0.6456349 0.4031537 0.0267264 0.0168633
9 0.4403276 0.4638614 0.0267264 0.0168632
31 0.3054808 0.5245691 0.0267264 0.0168633
7 0.6456349 0.5852768 0.0267264 0.0168633
3 0.5776041 0.2817383 0.0267264 0.0168632
29 0.3054808 0.4031537 0.0267264 0.0168633
11 0.4403276 0.2817383 0.0267264 0.0168632
28 0.4403276 0.5245691 0.0267264 0.0168633
4 0.3054808 0.3424460 0.0267264 0.0168632
24 0.6456349 0.3424460 0.0267264 0.0168632
3 0.5095733 0.5245691 0.0267264 0.0168633
26 0.3054808 0.4638614 0.0267264 0.0168632
