21 0.6702055 0.5668989 0.0273878 0.0168135
22 0.5307760 0.6879561 0.0273879 0.0168135
32 0.6023581 0.5114144 0.5041869 0.4304257
33 0.6011131 0.3253450 0.4568805 0.0156926
8 0.5307760 0.3853131 0.0273879 0.0168135
20 0.5307760 0.4458417 0.0273879 0.0168135
31 0.5992458 0.4458417 0.0273879 0.0168135
14 0.7399202 0.4458417 0.0273880 0.0168135
29 0.4610612 0.5063703 0.0273879 0.0168136
34 0.5992458 0.5058099 0.0647351 0.0605286
2 0.5992458 0.5063703 0.0273879 0.0168136
25 0.6702055 0.5063703 0.0273878 0.0168136
23 0.7399202 0.5063703 0.0273880 0.0168136
11 0.4610612 0.5668989 0.0273879 0.0168135
1 0.7399202 0.5668989 0.0273880 0.0168135
9 0.4610612 0.6274276 0.0273879 0.0168135
24 0.5992458 0.6274276 0.0273879 0.0168135
13 0.6702055 0.6879561 0.0273878 0.0168135
19 0.8096349 0.6879561 0.0273878 0.0168135
19 0.3913465 0.6274276 0.0273879 0.0168135
28 0.7399202 0.3853131 0.0273880 0.0168135
15 0.5992458 0.3853131 0.0273879 0.0168135
9 0.8096349 0.6274276 0.0273878 0.0168135
8 0.4610612 0.4458417 0.0273879 0.0168135
20 0.8096349 0.3853131 0.0273878 0.0168135
20 0.3913465 0.3853131 0.0273879 0.0168135
21 0.5992458 0.5668989 0.0273879 0.0168135
4 0.3913465 0.5063703 0.0273879 0.0168136
31 0.8096349 0.5668989 0.0273878 0.0168135
6 0.6702055 0.3853131 0.0273878 0.0168135
20 0.8096349 0.4458417 0.0273878 0.0168135
1 0.8096349 0.5063703 0.0273878 0.0168136
6 0.3913465 0.6879561 0.0273879 0.0168135
17 0.3913465 0.5668989 0.0273879 0.0168135
8 0.6702055 0.4458417 0.0273878 0.0168135
16 0.6702055 0.6274276 0.0273878 0.0168135
26 0.7399202 0.6879561 0.0273880 0.0168135
21 0.5307760 0.6274276 0.0273879 0.0168135
14 0.3913465 0.4458417 0.0273879 0.0168135
22 0.5307760 0.5063703 0.0273879 0.0168136
26 0.5307760 0.5668989 0.0273879 0.0168135
1 0.4610612 0.6879561 0.0273879 0.0168135
5 0.4610612 0.3853131 0.0273879 0.0168135
1 0.7399202 0.6274276 0.0273880 0.0168135
1 0.5992458 0.6879561 0.0273879 0.0168135
