3 0.4335876 0.2943635 0.0264697 0.0159569
18 0.5009649 0.4666974 0.0264697 0.0159568
32 0.3006377 0.3565953 0.4872824 0.4084950
33 0.2994345 0.1800062 0.4415621 0.0148931
34 0.0967010 0.2363871 0.0625647 0.0574446
29 0.0967010 0.2369189 0.0264697 0.0159568
18 0.1640783 0.2369189 0.0264697 0.0159568
29 0.2314556 0.2369189 0.0264697 0.0159568
11 0.5009649 0.2369189 0.0264697 0.0159568
4 0.0967010 0.2943635 0.0264697 0.0159569
7 0.2976298 0.2943635 0.0264697 0.0159569
27 0.3662103 0.3518082 0.0264697 0.0159568
24 0.1640783 0.4092528 0.0264697 0.0159568
3 0.3662103 0.4092528 0.0264697 0.0159568
21 0.4335876 0.4092528 0.0264697 0.0159568
9 0.4335876 0.4666974 0.0264697 0.0159568
17 0.1640783 0.5241420 0.0264697 0.0159568
25 0.3662103 0.5241420 0.0264697 0.0159568
30 0.5009649 0.5241420 0.0264697 0.0159568
17 0.2314556 0.2943635 0.0264697 0.0159569
24 0.2314556 0.3518082 0.0264697 0.0159568
29 0.2976298 0.4092528 0.0264697 0.0159568
8 0.3662103 0.2943635 0.0264697 0.0159569
9 0.5009649 0.2943635 0.0264697 0.0159569
11 0.5009649 0.4092528 0.0264697 0.0159568
13 0.1640783 0.3518082 0.0264697 0.0159568
7 0.0967010 0.5241420 0.0264697 0.0159568
5 0.2976298 0.4666974 0.0264697 0.0159568
8 0.2976298 0.3518082 0.0264697 0.0159568
15 0.1640783 0.2943635 0.0264697 0.0159569
11 0.2314556 0.5241420 0.0264697 0.0159568
20 0.2314556 0.4092528 0.0264697 0.0159568
8 0.0967010 0.4092528 0.0264697 0.0159568
2 0.3662103 0.2369189 0.0264697 0.0159568
14 0.5009649 0.3518082 0.0264697 0.0159568
26 0.0967010 0.4666974 0.0264697 0.0159568
30 0.4335876 0.5241420 0.0264697 0.0159568
18 0.2976298 0.2369189 0.0264697 0.0159568
16 0.3662103 0.4666974 0.0264697 0.0159568
18 0.0967010 0.3518082 0.0264697 0.0159568
3 0.4335876 0.3518082 0.0264697 0.0159568
7 0.2976298 0.5241420 0.0264697 0.0159568
11 0.4335876 0.2369189 0.0264697 0.0159568
27 0.2314556 0.4666974 0.0264697 0.0159568
7 0.1640783 0.4666974 0.0264697 0.0159568
