25 0.4505148 0.4211439 0.0276770 0.0158549
29 0.4505148 0.6494547 0.0276770 0.0158549
32 0.3819513 0.4829780 0.5095086 0.4058859
33 0.3806932 0.3075170 0.4617028 0.0147979
34 0.3096136 0.3635377 0.0654184 0.0570777
19 0.3096136 0.3640662 0.0276770 0.0158549
21 0.3788062 0.3640662 0.0276770 0.0158549
27 0.4505148 0.3640662 0.0276770 0.0158549
18 0.5209653 0.3640662 0.0276770 0.0158549
16 0.5914159 0.3640662 0.0276770 0.0158549
11 0.2391631 0.4211439 0.0276770 0.0158549
24 0.3788062 0.4211439 0.0276770 0.0158549
29 0.5914159 0.4211439 0.0276770 0.0158549
7 0.1687125 0.4782216 0.0276770 0.0158549
2 0.4505148 0.4782216 0.0276770 0.0158549
3 0.1687125 0.5352993 0.0276770 0.0158549
4 0.3096136 0.5352993 0.0276770 0.0158549
23 0.1687125 0.5923770 0.0276770 0.0158549
20 0.5914159 0.6494547 0.0276770 0.0158549
25 0.3096136 0.6494547 0.0276770 0.0158549
14 0.2391631 0.6494547 0.0276770 0.0158549
16 0.3096136 0.4211439 0.0276770 0.0158549
1 0.1687125 0.4211439 0.0276770 0.0158549
14 0.2391631 0.4782216 0.0276770 0.0158549
24 0.1687125 0.3640662 0.0276770 0.0158549
3 0.1687125 0.6494547 0.0276770 0.0158549
20 0.3096136 0.4782216 0.0276770 0.0158549
22 0.5209653 0.5923770 0.0276770 0.0158549
4 0.5914159 0.5352993 0.0276770 0.0158549
21 0.2391631 0.3640662 0.0276770 0.0158549
26 0.5914159 0.5923770 0.0276770 0.0158549
17 0.3788062 0.5923770 0.0276770 0.0158549
27 0.5209653 0.6494547 0.0276770 0.0158549
17 0.3788062 0.6494547 0.0276770 0.0158549
12 0.2391631 0.5923770 0.0276770 0.0158549
12 0.5914159 0.4782216 0.0276770 0.0158549
13 0.5209653 0.5352993 0.0276770 0.0158549
27 0.3788062 0.5352993 0.0276770 0.0158549
19 0.4505148 0.5352993 0.0276770 0.0158549
25 0.5209653 0.4782216 0.0276770 0.0158549
7 0.3096136 0.5923770 0.0276770 0.0158549
19 0.3788062 0.4782216 0.0276770 0.0158549
29 0.4505148 0.5923770 0.0276770 0.0158549
30 0.2391631 0.5352993 0.0276770 0.0158549
21 0.5209653 0.4211439 0.0276770 0.0158549
