20 0.5067088 0.4850754 0.0287111 0.0164197
7 0.4336259 0.3077421 0.0287112 0.0164197
32 0.5817493 0.3717791 0.5285462 0.4203458
33 0.5804443 0.1900671 0.4789542 0.0153251
14 0.3605430 0.2486309 0.0287111 0.0164197
30 0.6528747 0.2486309 0.0287111 0.0164197
17 0.6528747 0.3077421 0.0287111 0.0164197
21 0.5067088 0.3668532 0.0287111 0.0164197
26 0.5784867 0.3668532 0.0287111 0.0164197
9 0.7259576 0.3668532 0.0287112 0.0164197
22 0.7259576 0.4259643 0.0287112 0.0164197
34 0.7990405 0.4254170 0.0678628 0.0591111
1 0.7990405 0.4259643 0.0287112 0.0164197
12 0.3605430 0.4850754 0.0287111 0.0164197
25 0.4336259 0.4850754 0.0287112 0.0164197
29 0.7259576 0.4850754 0.0287112 0.0164197
13 0.4336259 0.5441866 0.0287112 0.0164197
27 0.7259576 0.5441866 0.0287112 0.0164197
11 0.7990405 0.5441866 0.0287112 0.0164197
10 0.4336259 0.3668532 0.0287112 0.0164197
6 0.6528747 0.4850754 0.0287111 0.0164197
22 0.7990405 0.3077421 0.0287112 0.0164197
15 0.4336259 0.2486309 0.0287112 0.0164197
12 0.6528747 0.3668532 0.0287111 0.0164197
1 0.7990405 0.3668532 0.0287112 0.0164197
16 0.6528747 0.5441866 0.0287111 0.0164197
3 0.5067088 0.2486309 0.0287111 0.0164197
6 0.3605430 0.3668532 0.0287111 0.0164197
26 0.5784867 0.2486309 0.0287111 0.0164197
14 0.5784867 0.3077421 0.0287111 0.0164197
1 0.7259576 0.2486309 0.0287112 0.0164197
30 0.6528747 0.4259643 0.0287111 0.0164197
8 0.3605430 0.3077421 0.0287111 0.0164197
3 0.5067088 0.5441866 0.0287111 0.0164197
5 0.3605430 0.4259643 0.0287111 0.0164197
2 0.3605430 0.5441866 0.0287111 0.0164197
6 0.5784867 0.5441866 0.0287111 0.0164197
13 0.7990405 0.2486309 0.0287112 0.0164197
2 0.7259576 0.3077421 0.0287112 0.0164197
17 0.5067088 0.4259643 0.0287111 0.0164197
28 0.5784867 0.4850754 0.0287111 0.0164197
25 0.7990405 0.4850754 0.0287112 0.0164197
31 0.5784867 0.4259643 0.0287111 0.0164197
29 0.5067088 0.3077421 0.0287111 0.0164197
7 0.4336259 0.4259643 0.0287112 0.0164197
