30 0.6039489 0.4418106 0.0263488 0.0162711
28 0.4039373 0.4418106 0.0263488 0.0162711
32 0.6069431 0.5052681 0.4850579 0.4165412
33 0.6057454 0.3252008 0.4395463 0.0151864
2 0.6039489 0.3832346 0.0263488 0.0162712
10 0.7392860 0.3832346 0.0263488 0.0162712
20 0.8063557 0.4418106 0.0263489 0.0162711
34 0.4039373 0.4998444 0.0622791 0.0585760
14 0.4039373 0.5003868 0.0263488 0.0162712
29 0.4710071 0.5003868 0.0263488 0.0162712
16 0.5380768 0.5003868 0.0263488 0.0162712
5 0.7392860 0.5003868 0.0263488 0.0162712
12 0.6039489 0.5589629 0.0263488 0.0162712
15 0.4039373 0.6175389 0.0263488 0.0162711
1 0.4039373 0.6761150 0.0263488 0.0162712
24 0.4710071 0.6761150 0.0263488 0.0162712
3 0.6039489 0.6761150 0.0263488 0.0162712
27 0.6722162 0.6761150 0.0263488 0.0162712
14 0.7392860 0.6761150 0.0263488 0.0162712
2 0.6039489 0.6175389 0.0263488 0.0162711
17 0.8063557 0.6175389 0.0263489 0.0162711
25 0.8063557 0.3832346 0.0263489 0.0162712
13 0.4710071 0.5589629 0.0263488 0.0162712
18 0.4710071 0.3832346 0.0263488 0.0162712
11 0.6722162 0.6175389 0.0263488 0.0162711
9 0.5380768 0.4418106 0.0263488 0.0162711
25 0.8063557 0.5003868 0.0263489 0.0162712
10 0.4710071 0.6175389 0.0263488 0.0162711
15 0.5380768 0.3832346 0.0263488 0.0162712
28 0.6722162 0.3832346 0.0263488 0.0162712
3 0.6722162 0.5589629 0.0263488 0.0162712
1 0.6039489 0.5003868 0.0263488 0.0162712
15 0.5380768 0.6761150 0.0263488 0.0162712
31 0.8063557 0.6761150 0.0263489 0.0162712
3 0.7392860 0.4418106 0.0263488 0.0162711
8 0.8063557 0.5589629 0.0263489 0.0162712
6 0.4039373 0.5589629 0.0263488 0.0162712
7 0.6722162 0.5003868 0.0263488 0.0162712
24 0.4039373 0.3832346 0.0263488 0.0162712
1 0.7392860 0.5589629 0.0263488 0.0162712
26 0.5380768 0.5589629 0.0263488 0.0162712
9 0.6722162 0.4418106 0.0263488 0.0162711
19 0.5380768 0.6175389 0.0263488 0.0162711
12 0.4710071 0.4418106 0.0263488 0.0162711
25 0.7392860 0.6175389 0.0263488 0.0162711
