16 0.7075226 0.3632610 0.0280173 0.0160356
29 0.5648892 0.3055327 0.0280173 0.0160356
32 0.6381161 0.4258000 0.5157724 0.4105123
33 0.6368426 0.2483390 0.4673789 0.0149666
31 0.4222559 0.3055327 0.0280173 0.0160356
8 0.6349324 0.3055327 0.0280173 0.0160356
16 0.8501559 0.3055327 0.0280173 0.0160356
9 0.4935725 0.3632610 0.0280173 0.0160356
27 0.7075226 0.4209893 0.0280173 0.0160356
3 0.7788393 0.4209893 0.0280173 0.0160356
2 0.6349324 0.4787176 0.0280173 0.0160356
12 0.7075226 0.4787176 0.0280173 0.0160356
30 0.4935725 0.5364459 0.0280173 0.0160357
20 0.6349324 0.5364459 0.0280173 0.0160357
34 0.7068858 0.5359114 0.0674961 0.0577283
25 0.7075226 0.5364459 0.0280173 0.0160357
13 0.8501559 0.5364459 0.0280173 0.0160357
19 0.4222559 0.5941743 0.0280173 0.0160356
10 0.6349324 0.5941743 0.0280173 0.0160356
29 0.8501559 0.4209893 0.0280173 0.0160356
24 0.7788393 0.5364459 0.0280173 0.0160357
5 0.7075226 0.5941743 0.0280173 0.0160356
30 0.7788393 0.4787176 0.0280173 0.0160356
14 0.6349324 0.4209893 0.0280173 0.0160356
28 0.8501559 0.4787176 0.0280173 0.0160356
22 0.7788393 0.3632610 0.0280173 0.0160356
8 0.6349324 0.3632610 0.0280173 0.0160356
1 0.8501559 0.5941743 0.0280173 0.0160356
16 0.4935725 0.3055327 0.0280173 0.0160356
10 0.5648892 0.5941743 0.0280173 0.0160356
7 0.4222559 0.3632610 0.0280173 0.0160356
25 0.5648892 0.4209893 0.0280173 0.0160356
3 0.7788393 0.3055327 0.0280173 0.0160356
26 0.5648892 0.5364459 0.0280173 0.0160357
26 0.4935725 0.4209893 0.0280173 0.0160356
16 0.4222559 0.4787176 0.0280173 0.0160356
31 0.4222559 0.4209893 0.0280173 0.0160356
26 0.7075226 0.3055327 0.0280173 0.0160356
17 0.5648892 0.3632610 0.0280173 0.0160356
18 0.8501559 0.3632610 0.0280173 0.0160356
24 0.4935725 0.5941743 0.0280173 0.0160356
17 0.7788393 0.5941743 0.0280173 0.0160356
4 0.4222559 0.5364459 0.0280173 0.0160357
31 0.5648892 0.4787176 0.0280173 0.0160356
22 0.4935725 0.4787176 0.0280173 0.0160356
