26 0.2809817 0.5504583 0.0275258 0.0159216
4 0.4899272 0.6077762 0.0275257 0.0159216
32 0.4930552 0.4405992 0.5067242 0.4075933
33 0.4918040 0.2644000 0.4591796 0.0148602
27 0.3510473 0.3211871 0.0275258 0.0159216
31 0.4899272 0.3211871 0.0275257 0.0159216
14 0.6313095 0.3211871 0.0275257 0.0159216
10 0.4899272 0.3785049 0.0275257 0.0159216
21 0.5612440 0.3785049 0.0275258 0.0159216
2 0.2809817 0.4358227 0.0275258 0.0159216
8 0.3510473 0.4358227 0.0275258 0.0159216
1 0.3510473 0.4931405 0.0275258 0.0159216
7 0.5612440 0.4931405 0.0275258 0.0159216
34 0.3504217 0.5499276 0.0638097 0.0573178
19 0.3510473 0.5504583 0.0275258 0.0159216
30 0.4211128 0.5504583 0.0275257 0.0159216
11 0.4899272 0.5504583 0.0275257 0.0159216
22 0.5612440 0.5504583 0.0275258 0.0159216
4 0.6313095 0.5504583 0.0275257 0.0159216
14 0.3510473 0.6077762 0.0275258 0.0159216
14 0.4899272 0.4358227 0.0275257 0.0159216
28 0.7013751 0.3785049 0.0275258 0.0159216
4 0.4211128 0.4931405 0.0275257 0.0159216
4 0.2809817 0.3211871 0.0275258 0.0159216
7 0.6313095 0.3785049 0.0275257 0.0159216
31 0.2809817 0.6077762 0.0275258 0.0159216
31 0.7013751 0.6077762 0.0275258 0.0159216
25 0.4211128 0.3211871 0.0275257 0.0159216
29 0.5612440 0.4358227 0.0275258 0.0159216
30 0.4211128 0.4358227 0.0275257 0.0159216
22 0.4211128 0.6077762 0.0275257 0.0159216
18 0.4211128 0.3785049 0.0275257 0.0159216
5 0.7013751 0.3211871 0.0275258 0.0159216
20 0.6313095 0.4358227 0.0275257 0.0159216
9 0.4899272 0.4931405 0.0275257 0.0159216
30 0.7013751 0.4931405 0.0275258 0.0159216
27 0.3510473 0.3785049 0.0275258 0.0159216
12 0.7013751 0.5504583 0.0275258 0.0159216
4 0.2809817 0.4931405 0.0275258 0.0159216
9 0.5612440 0.3211871 0.0275258 0.0159216
21 0.5612440 0.6077762 0.0275258 0.0159216
12 0.6313095 0.6077762 0.0275257 0.0159216
26 0.6313095 0.4931405 0.0275257 0.0159216
9 0.2809817 0.3785049 0.0275258 0.0159216
10 0.7013751 0.4358227 0.0275258 0.0159216
