11 0.1632910 0.4480571 0.0269296 0.0159589
27 0.1632910 0.3906050 0.0269296 0.0159589
32 0.3022234 0.5102970 0.4957500 0.4085487
33 0.3009993 0.3336848 0.4492352 0.0148950
17 0.0947429 0.3906050 0.0269296 0.0159589
16 0.2318391 0.3906050 0.0269296 0.0159589
13 0.2991632 0.3906050 0.0269296 0.0159589
26 0.4374836 0.3906050 0.0269296 0.0159589
25 0.0947429 0.4480571 0.0269296 0.0159589
10 0.2318391 0.5055093 0.0269296 0.0159590
8 0.0947429 0.5629614 0.0269296 0.0159589
3 0.4374836 0.5629614 0.0269296 0.0159589
21 0.5060317 0.5629614 0.0269296 0.0159589
34 0.3683234 0.6198816 0.0648759 0.0574522
26 0.3689354 0.6204136 0.0269296 0.0159589
6 0.4374836 0.6204136 0.0269296 0.0159589
4 0.2318391 0.6778657 0.0269296 0.0159589
9 0.3689354 0.6778657 0.0269296 0.0159589
20 0.4374836 0.6778657 0.0269296 0.0159589
15 0.1632910 0.5055093 0.0269296 0.0159590
1 0.2318391 0.5629614 0.0269296 0.0159589
13 0.0947429 0.6778657 0.0269296 0.0159589
19 0.3689354 0.3906050 0.0269296 0.0159589
7 0.5060317 0.3906050 0.0269296 0.0159589
14 0.2318391 0.6204136 0.0269296 0.0159589
2 0.3689354 0.4480571 0.0269296 0.0159589
17 0.0947429 0.5055093 0.0269296 0.0159590
21 0.2991632 0.5629614 0.0269296 0.0159589
20 0.1632910 0.6778657 0.0269296 0.0159589
8 0.5060317 0.6778657 0.0269296 0.0159589
26 0.4374836 0.5055093 0.0269296 0.0159590
1 0.3689354 0.5055093 0.0269296 0.0159590
12 0.1632910 0.5629614 0.0269296 0.0159589
4 0.4374836 0.4480571 0.0269296 0.0159589
29 0.2991632 0.6204136 0.0269296 0.0159589
22 0.0947429 0.6204136 0.0269296 0.0159589
4 0.3689354 0.5629614 0.0269296 0.0159589
4 0.5060317 0.4480571 0.0269296 0.0159589
4 0.2991632 0.4480571 0.0269296 0.0159589
29 0.5060317 0.5055093 0.0269296 0.0159590
27 0.1632910 0.6204136 0.0269296 0.0159589
7 0.2318391 0.4480571 0.0269296 0.0159589
18 0.2991632 0.5055093 0.0269296 0.0159590
2 0.2991632 0.6778657 0.0269296 0.0159589
10 0.5060317 0.6204136 0.0269296 0.0159589
