22 0.5583990 0.2739088 0.0276102 0.0165981
7 0.7704958 0.4531684 0.0276102 0.0165981
32 0.5615366 0.3386414 0.5082790 0.4249118
33 0.5602816 0.1549556 0.4605886 0.0154916
18 0.7002151 0.2141555 0.0276102 0.0165981
29 0.3488124 0.2739088 0.0276102 0.0165981
23 0.4190929 0.2739088 0.0276102 0.0165981
34 0.6293071 0.2733555 0.0665155 0.0597532
16 0.6299346 0.2739088 0.0276102 0.0165981
30 0.3488124 0.3336620 0.0276102 0.0165982
22 0.6299346 0.3336620 0.0276102 0.0165982
13 0.7002151 0.3336620 0.0276102 0.0165982
17 0.4190929 0.3934152 0.0276102 0.0165981
15 0.4893735 0.3934152 0.0276102 0.0165981
21 0.7002151 0.3934152 0.0276102 0.0165981
8 0.5583990 0.4531684 0.0276102 0.0165981
16 0.3488124 0.5129217 0.0276102 0.0165981
10 0.4190929 0.5129217 0.0276102 0.0165981
27 0.7002151 0.5129217 0.0276102 0.0165981
29 0.7002151 0.2739088 0.0276102 0.0165981
13 0.3488124 0.4531684 0.0276102 0.0165981
19 0.5583990 0.5129217 0.0276102 0.0165981
25 0.6299346 0.5129217 0.0276102 0.0165981
12 0.4190929 0.3336620 0.0276102 0.0165982
1 0.3488124 0.2141555 0.0276102 0.0165981
16 0.4190929 0.4531684 0.0276102 0.0165981
25 0.7704958 0.3934152 0.0276102 0.0165981
3 0.6299346 0.4531684 0.0276102 0.0165981
18 0.4190929 0.2141555 0.0276102 0.0165981
17 0.4893735 0.5129217 0.0276102 0.0165981
14 0.7002151 0.4531684 0.0276102 0.0165981
30 0.4893735 0.2141555 0.0276102 0.0165981
31 0.6299346 0.2141555 0.0276102 0.0165981
28 0.7704958 0.2141555 0.0276102 0.0165981
10 0.7704958 0.2739088 0.0276102 0.0165981
7 0.5583990 0.3934152 0.0276102 0.0165981
19 0.4893735 0.2739088 0.0276102 0.0165981
1 0.5583990 0.2141555 0.0276102 0.0165981
27 0.7704958 0.5129217 0.0276102 0.0165981
16 0.3488124 0.3934152 0.0276102 0.0165981
14 0.7704958 0.3336620 0.0276102 0.0165982
21 0.4893735 0.4531684 0.0276102 0.0165981
31 0.6299346 0.3934152 0.0276102 0.0165981
30 0.4893735 0.3336620 0.0276102 0.0165982
29 0.5583990 0.3336620 0.0276102 0.0165982
