26 0.4701983 0.4403021 0.0280181 0.0171804
31 0.3988794 0.5640008 0.0280182 0.0171804
32 0.5434276 0.4454562 0.5157886 0.4398177
33 0.5421540 0.2553267 0.4673936 0.0160350
34 0.4701983 0.3160307 0.0662247 0.0618494
9 0.4701983 0.3166034 0.0280181 0.0171804
14 0.6841551 0.3166034 0.0280181 0.0171804
25 0.3275605 0.3784527 0.0280181 0.0171804
29 0.3988794 0.3784527 0.0280182 0.0171804
31 0.7554739 0.3784527 0.0280181 0.0171804
26 0.3275605 0.4403021 0.0280181 0.0171804
23 0.5402437 0.4403021 0.0280182 0.0171804
22 0.7554739 0.4403021 0.0280181 0.0171804
17 0.3988794 0.5021515 0.0280182 0.0171804
3 0.4701983 0.5021515 0.0280181 0.0171804
30 0.5402437 0.5021515 0.0280182 0.0171804
12 0.6128362 0.5021515 0.0280182 0.0171804
20 0.7554739 0.5021515 0.0280181 0.0171804
24 0.5402437 0.6258502 0.0280182 0.0171804
13 0.3275605 0.6258502 0.0280181 0.0171804
3 0.6841551 0.5640008 0.0280181 0.0171804
16 0.3988794 0.4403021 0.0280182 0.0171804
29 0.5402437 0.5640008 0.0280182 0.0171804
16 0.3275605 0.5021515 0.0280181 0.0171804
11 0.5402437 0.3784527 0.0280182 0.0171804
20 0.7554739 0.3166034 0.0280181 0.0171804
20 0.6128362 0.4403021 0.0280182 0.0171804
25 0.6128362 0.6258502 0.0280182 0.0171804
1 0.4701983 0.3784527 0.0280181 0.0171804
18 0.3275605 0.5640008 0.0280181 0.0171804
19 0.6128362 0.3784527 0.0280182 0.0171804
22 0.6128362 0.3166034 0.0280182 0.0171804
2 0.7554739 0.5640008 0.0280181 0.0171804
10 0.3988794 0.3166034 0.0280182 0.0171804
12 0.6128362 0.5640008 0.0280182 0.0171804
28 0.3275605 0.3166034 0.0280181 0.0171804
9 0.6841551 0.6258502 0.0280181 0.0171804
17 0.6841551 0.4403021 0.0280181 0.0171804
13 0.5402437 0.3166034 0.0280182 0.0171804
27 0.3988794 0.6258502 0.0280182 0.0171804
19 0.4701983 0.5640008 0.0280181 0.0171804
20 0.6841551 0.5021515 0.0280181 0.0171804
20 0.6841551 0.3784527 0.0280181 0.0171804
2 0.7554739 0.6258502 0.0280181 0.0171804
26 0.4701983 0.6258502 0.0280181 0.0171804
