7 0.6958963 0.4201138 0.0267155 0.0173681
22 0.4238847 0.4826391 0.0267154 0.0173682
32 0.6297148 0.5503749 0.4918066 0.4446246
33 0.6285005 0.3581674 0.4456619 0.0162103
25 0.5598904 0.4201138 0.0267154 0.0173681
16 0.8319020 0.4201138 0.0267154 0.0173681
7 0.6266790 0.4826391 0.0267154 0.0173682
19 0.7638991 0.4826391 0.0267155 0.0173682
23 0.8319020 0.4826391 0.0267154 0.0173682
11 0.6266790 0.5451645 0.0267154 0.0173682
3 0.8319020 0.5451645 0.0267154 0.0173682
13 0.7638991 0.6076898 0.0267155 0.0173681
20 0.4238847 0.6702151 0.0267154 0.0173682
34 0.4912804 0.6696362 0.0619312 0.0625254
4 0.4918875 0.6702151 0.0267154 0.0173682
17 0.7638991 0.6702151 0.0267155 0.0173682
29 0.8319020 0.6702151 0.0267154 0.0173682
4 0.6266790 0.7327405 0.0267154 0.0173681
26 0.6958963 0.7327405 0.0267155 0.0173681
6 0.5598904 0.7327405 0.0267154 0.0173681
25 0.6266790 0.6076898 0.0267154 0.0173681
29 0.6958963 0.6076898 0.0267155 0.0173681
7 0.8319020 0.6076898 0.0267154 0.0173681
24 0.7638991 0.5451645 0.0267155 0.0173682
27 0.4918875 0.7327405 0.0267154 0.0173681
11 0.6266790 0.4201138 0.0267154 0.0173681
1 0.4918875 0.4201138 0.0267154 0.0173681
10 0.4238847 0.6076898 0.0267154 0.0173681
14 0.6958963 0.5451645 0.0267155 0.0173682
4 0.6958963 0.4826391 0.0267155 0.0173682
3 0.4238847 0.5451645 0.0267154 0.0173682
24 0.5598904 0.6702151 0.0267154 0.0173682
4 0.4238847 0.4201138 0.0267154 0.0173681
6 0.4918875 0.6076898 0.0267154 0.0173681
18 0.5598904 0.5451645 0.0267154 0.0173682
16 0.6958963 0.6702151 0.0267155 0.0173682
29 0.7638991 0.4201138 0.0267155 0.0173681
24 0.6266790 0.6702151 0.0267154 0.0173682
3 0.5598904 0.4826391 0.0267154 0.0173682
29 0.7638991 0.7327405 0.0267155 0.0173681
1 0.4918875 0.4826391 0.0267154 0.0173682
10 0.5598904 0.6076898 0.0267154 0.0173681
30 0.4238847 0.7327405 0.0267154 0.0173681
1 0.8319020 0.7327405 0.0267154 0.0173681
20 0.4918875 0.5451645 0.0267154 0.0173682
