7 0.4923692 0.5047517 0.0266313 0.0167168
17 0.4923692 0.6251127 0.0266313 0.0167169
32 0.6297627 0.6301277 0.4902587 0.4279501
33 0.6285522 0.4451284 0.4442591 0.0156023
13 0.4245804 0.5047517 0.0266313 0.0167168
2 0.7635246 0.5047517 0.0266314 0.0167168
1 0.4245804 0.5649322 0.0266313 0.0167168
24 0.5601581 0.5649322 0.0266313 0.0167168
20 0.7635246 0.5649322 0.0266314 0.0167168
31 0.5601581 0.6251127 0.0266313 0.0167169
14 0.6267365 0.6251127 0.0266314 0.0167169
4 0.7635246 0.6251127 0.0266314 0.0167169
34 0.4245804 0.6847360 0.0629468 0.0601805
2 0.4245804 0.6852932 0.0266313 0.0167169
27 0.8313136 0.6852932 0.0266313 0.0167169
29 0.4245804 0.7454737 0.0266313 0.0167167
19 0.6267365 0.7454737 0.0266314 0.0167167
5 0.6957358 0.7454737 0.0266314 0.0167167
8 0.6957358 0.8056542 0.0266314 0.0167169
4 0.6267365 0.5047517 0.0266314 0.0167168
17 0.5601581 0.5047517 0.0266313 0.0167168
22 0.4923692 0.8056542 0.0266313 0.0167169
21 0.8313136 0.6251127 0.0266313 0.0167169
10 0.7635246 0.8056542 0.0266314 0.0167169
30 0.6957358 0.6251127 0.0266314 0.0167169
16 0.6267365 0.6852932 0.0266314 0.0167169
8 0.6267365 0.8056542 0.0266314 0.0167169
21 0.4245804 0.8056542 0.0266313 0.0167169
8 0.4923692 0.5649322 0.0266313 0.0167168
25 0.4923692 0.6852932 0.0266313 0.0167169
2 0.5601581 0.7454737 0.0266313 0.0167167
25 0.8313136 0.7454737 0.0266313 0.0167167
18 0.8313136 0.5047517 0.0266313 0.0167168
22 0.5601581 0.8056542 0.0266313 0.0167169
12 0.8313136 0.8056542 0.0266313 0.0167169
1 0.6957358 0.5047517 0.0266314 0.0167168
1 0.4245804 0.6251127 0.0266313 0.0167169
27 0.5601581 0.6852932 0.0266313 0.0167169
20 0.4923692 0.7454737 0.0266313 0.0167167
28 0.6957358 0.6852932 0.0266314 0.0167169
22 0.8313136 0.5649322 0.0266313 0.0167168
21 0.6957358 0.5649322 0.0266314 0.0167168
10 0.7635246 0.7454737 0.0266314 0.0167167
11 0.6267365 0.5649322 0.0266314 0.0167168
30 0.7635246 0.6852932 0.0266314 0.0167169
