13 0.5365134 0.2875430 0.0287956 0.0171493
2 0.4645245 0.2875430 0.0287955 0.0171493
32 0.5397857 0.3544251 0.5301003 0.4390213
33 0.5384768 0.1646399 0.4803625 0.0160060
29 0.3912267 0.2258056 0.0287955 0.0171493
24 0.4645245 0.2258056 0.0287955 0.0171493
15 0.6844180 0.2258056 0.0287956 0.0171493
3 0.7577158 0.2875430 0.0287955 0.0171493
1 0.3179289 0.3492803 0.0287956 0.0171493
11 0.3912267 0.3492803 0.0287955 0.0171493
34 0.4645245 0.3487087 0.0680622 0.0617373
26 0.4645245 0.3492803 0.0287955 0.0171493
27 0.6844180 0.3492803 0.0287956 0.0171493
31 0.5365134 0.4110177 0.0287956 0.0171493
17 0.3912267 0.4727551 0.0287955 0.0171493
22 0.4645245 0.4727551 0.0287955 0.0171493
25 0.6111201 0.4727551 0.0287956 0.0171493
30 0.4645245 0.5344925 0.0287955 0.0171493
7 0.6111201 0.5344925 0.0287956 0.0171493
10 0.7577158 0.4727551 0.0287955 0.0171493
4 0.3912267 0.4110177 0.0287955 0.0171493
17 0.3179289 0.2258056 0.0287956 0.0171493
6 0.6844180 0.5344925 0.0287956 0.0171493
7 0.3912267 0.2875430 0.0287955 0.0171493
2 0.7577158 0.4110177 0.0287955 0.0171493
21 0.7577158 0.2258056 0.0287955 0.0171493
12 0.3179289 0.4727551 0.0287956 0.0171493
21 0.5365134 0.2258056 0.0287956 0.0171493
9 0.4645245 0.4110177 0.0287955 0.0171493
28 0.6844180 0.4727551 0.0287956 0.0171493
4 0.6111201 0.2258056 0.0287956 0.0171493
1 0.3179289 0.5344925 0.0287956 0.0171493
9 0.3179289 0.2875430 0.0287956 0.0171493
20 0.3179289 0.4110177 0.0287956 0.0171493
12 0.6111201 0.4110177 0.0287956 0.0171493
14 0.5365134 0.4727551 0.0287956 0.0171493
29 0.6111201 0.2875430 0.0287956 0.0171493
25 0.3912267 0.5344925 0.0287955 0.0171493
4 0.5365134 0.3492803 0.0287956 0.0171493
22 0.6844180 0.4110177 0.0287956 0.0171493
12 0.5365134 0.5344925 0.0287956 0.0171493
24 0.6844180 0.2875430 0.0287956 0.0171493
10 0.7577158 0.5344925 0.0287955 0.0171493
13 0.6111201 0.3492803 0.0287956 0.0171493
29 0.7577158 0.3492803 0.0287955 0.0171493
