11 0.4934753 0.6260169 0.0281399 0.0162230
20 0.6380119 0.7428224 0.0281399 0.0162229
32 0.4966730 0.5724811 0.5180294 0.4153083
33 0.4953939 0.3929467 0.4694241 0.0151415
21 0.3514969 0.4508087 0.0281399 0.0162230
22 0.3514969 0.5092114 0.0281399 0.0162230
16 0.4231256 0.5092114 0.0281399 0.0162230
20 0.4934753 0.5092114 0.0281399 0.0162230
34 0.3508573 0.5670734 0.0652333 0.0584027
5 0.3514969 0.5676142 0.0281399 0.0162229
24 0.4231256 0.5676142 0.0281399 0.0162229
25 0.4934753 0.5676142 0.0281399 0.0162229
7 0.5663831 0.5676142 0.0281398 0.0162229
13 0.5663831 0.6260169 0.0281398 0.0162230
15 0.4231256 0.6844196 0.0281399 0.0162230
6 0.4934753 0.6844196 0.0281399 0.0162230
19 0.5663831 0.6844196 0.0281398 0.0162230
29 0.3514969 0.7428224 0.0281399 0.0162229
11 0.4934753 0.7428224 0.0281399 0.0162229
27 0.5663831 0.4508087 0.0281398 0.0162230
2 0.6380119 0.5092114 0.0281399 0.0162230
29 0.4231256 0.4508087 0.0281399 0.0162230
31 0.2798681 0.6260169 0.0281399 0.0162230
12 0.5663831 0.5092114 0.0281398 0.0162230
30 0.2798681 0.7428224 0.0281399 0.0162229
14 0.7096407 0.5676142 0.0281399 0.0162229
22 0.2798681 0.5092114 0.0281399 0.0162230
22 0.3514969 0.6260169 0.0281399 0.0162230
17 0.3514969 0.6844196 0.0281399 0.0162230
27 0.7096407 0.7428224 0.0281399 0.0162229
31 0.2798681 0.5676142 0.0281399 0.0162229
20 0.4231256 0.6260169 0.0281399 0.0162230
19 0.7096407 0.4508087 0.0281399 0.0162230
25 0.6380119 0.6844196 0.0281399 0.0162230
31 0.2798681 0.4508087 0.0281399 0.0162230
15 0.4934753 0.4508087 0.0281399 0.0162230
18 0.6380119 0.5676142 0.0281399 0.0162229
6 0.7096407 0.6260169 0.0281399 0.0162230
12 0.4231256 0.7428224 0.0281399 0.0162229
27 0.7096407 0.5092114 0.0281399 0.0162230
1 0.7096407 0.6844196 0.0281399 0.0162230
9 0.5663831 0.7428224 0.0281398 0.0162229
15 0.6380119 0.6260169 0.0281399 0.0162230
15 0.2798681 0.6844196 0.0281399 0.0162230
7 0.6380119 0.4508087 0.0281399 0.0162230
