3 0.5660429 0.5378048 0.0265082 0.0168155
15 0.6323134 0.4772688 0.0265082 0.0168156
32 0.6353257 0.6033855 0.4879920 0.4304782
33 0.6341207 0.4172933 0.4422050 0.0156945
25 0.7684691 0.4772688 0.0265083 0.0168156
19 0.8359446 0.4772688 0.0265082 0.0168156
4 0.4985674 0.5378048 0.0265082 0.0168155
34 0.7003912 0.5372443 0.0638607 0.0605360
28 0.7009937 0.5378048 0.0265082 0.0168155
22 0.7684691 0.5378048 0.0265083 0.0168155
1 0.6323134 0.5983408 0.0265082 0.0168155
12 0.7684691 0.5983408 0.0265083 0.0168155
18 0.8359446 0.5983408 0.0265082 0.0168155
29 0.4310920 0.6588768 0.0265082 0.0168156
8 0.5660429 0.6588768 0.0265082 0.0168156
27 0.7009937 0.6588768 0.0265082 0.0168156
14 0.4310920 0.7194128 0.0265082 0.0168155
26 0.4985674 0.7799489 0.0265082 0.0168155
9 0.8359446 0.7799489 0.0265082 0.0168155
30 0.5660429 0.5983408 0.0265082 0.0168155
10 0.4985674 0.6588768 0.0265082 0.0168156
16 0.8359446 0.7194128 0.0265082 0.0168155
14 0.7684691 0.6588768 0.0265083 0.0168156
2 0.8359446 0.6588768 0.0265082 0.0168156
15 0.6323134 0.5378048 0.0265082 0.0168155
9 0.7684691 0.7194128 0.0265083 0.0168155
19 0.8359446 0.5378048 0.0265082 0.0168155
16 0.4310920 0.7799489 0.0265082 0.0168155
10 0.4310920 0.5983408 0.0265082 0.0168155
13 0.4310920 0.4772688 0.0265082 0.0168156
30 0.5660429 0.7799489 0.0265082 0.0168155
24 0.6323134 0.7194128 0.0265082 0.0168155
2 0.4310920 0.5378048 0.0265082 0.0168155
25 0.7009937 0.7194128 0.0265082 0.0168155
14 0.4985674 0.7194128 0.0265082 0.0168155
29 0.7009937 0.5983408 0.0265082 0.0168155
26 0.4985674 0.5983408 0.0265082 0.0168155
11 0.7009937 0.4772688 0.0265082 0.0168156
21 0.4985674 0.4772688 0.0265082 0.0168156
9 0.7009937 0.7799489 0.0265082 0.0168155
31 0.7684691 0.7799489 0.0265083 0.0168155
10 0.5660429 0.4772688 0.0265082 0.0168156
3 0.6323134 0.7799489 0.0265082 0.0168155
14 0.6323134 0.6588768 0.0265082 0.0168156
1 0.5660429 0.7194128 0.0265082 0.0168155
