4 0.0879588 0.5405701 0.0267360 0.0162588
26 0.3601804 0.4820384 0.0267360 0.0162589
32 0.2939479 0.4869160 0.4921864 0.4162258
33 0.2927327 0.3069851 0.4460059 0.0151749
27 0.0879588 0.3649749 0.0267360 0.0162588
11 0.1560142 0.3649749 0.0267361 0.0162588
1 0.2240696 0.3649749 0.0267361 0.0162588
16 0.0879588 0.4235066 0.0267360 0.0162588
34 0.2240696 0.4229647 0.0631943 0.0585318
22 0.2240696 0.4235066 0.0267361 0.0162588
5 0.4962912 0.4235066 0.0267361 0.0162588
9 0.2909097 0.4820384 0.0267360 0.0162589
8 0.2240696 0.5405701 0.0267361 0.0162588
22 0.2909097 0.5405701 0.0267360 0.0162588
4 0.2909097 0.5991019 0.0267360 0.0162588
10 0.3601804 0.5991019 0.0267360 0.0162588
2 0.4282359 0.5991019 0.0267360 0.0162588
26 0.0879588 0.6576337 0.0267360 0.0162588
3 0.3601804 0.6576337 0.0267360 0.0162588
26 0.2240696 0.4820384 0.0267361 0.0162589
31 0.4282359 0.5405701 0.0267360 0.0162588
11 0.2909097 0.4235066 0.0267360 0.0162588
16 0.1560142 0.4235066 0.0267361 0.0162588
8 0.3601804 0.4235066 0.0267360 0.0162588
20 0.2909097 0.6576337 0.0267360 0.0162588
26 0.1560142 0.5405701 0.0267361 0.0162588
21 0.0879588 0.4820384 0.0267360 0.0162589
28 0.4962912 0.4820384 0.0267361 0.0162589
22 0.1560142 0.4820384 0.0267361 0.0162589
14 0.4282359 0.3649749 0.0267360 0.0162588
8 0.0879588 0.5991019 0.0267360 0.0162588
7 0.1560142 0.5991019 0.0267361 0.0162588
25 0.1560142 0.6576337 0.0267361 0.0162588
6 0.3601804 0.5405701 0.0267360 0.0162588
1 0.2240696 0.5991019 0.0267361 0.0162588
19 0.2909097 0.3649749 0.0267360 0.0162588
4 0.4282359 0.4820384 0.0267360 0.0162589
30 0.3601804 0.3649749 0.0267360 0.0162588
22 0.4962912 0.5405701 0.0267361 0.0162588
24 0.2240696 0.6576337 0.0267361 0.0162588
14 0.4282359 0.4235066 0.0267360 0.0162588
26 0.4282359 0.6576337 0.0267360 0.0162588
18 0.4962912 0.6576337 0.0267361 0.0162588
24 0.4962912 0.3649749 0.0267361 0.0162588
20 0.4962912 0.5991019 0.0267361 0.0162588
