15 0.6147082 0.4644062 0.0286269 0.0174754
15 0.4689709 0.3385833 0.0286270 0.0174754
32 0.5437914 0.4067374 0.5269962 0.4473702
33 0.5424902 0.2133430 0.4775496 0.0163104
7 0.5405383 0.2756719 0.0286270 0.0174754
9 0.7604454 0.2756719 0.0286270 0.0174754
22 0.3232337 0.3385833 0.0286270 0.0174754
3 0.7604454 0.3385833 0.0286270 0.0174754
27 0.3232337 0.4014948 0.0286270 0.0174754
21 0.4689709 0.4014948 0.0286270 0.0174754
8 0.5405383 0.4014948 0.0286270 0.0174754
5 0.3961023 0.4644062 0.0286269 0.0174754
2 0.4689709 0.4644062 0.0286270 0.0174754
15 0.7604454 0.4644062 0.0286270 0.0174754
25 0.3232337 0.5273176 0.0286270 0.0174755
34 0.6869262 0.5267351 0.0663625 0.0629114
13 0.6875768 0.5273176 0.0286269 0.0174755
26 0.6875768 0.5902291 0.0286269 0.0174755
11 0.5405383 0.4644062 0.0286270 0.0174754
14 0.7604454 0.5273176 0.0286270 0.0174755
10 0.6875768 0.4014948 0.0286269 0.0174754
31 0.5405383 0.3385833 0.0286270 0.0174754
27 0.6147082 0.4014948 0.0286269 0.0174754
13 0.3961023 0.5273176 0.0286269 0.0174755
1 0.3232337 0.2756719 0.0286270 0.0174754
18 0.6147082 0.2756719 0.0286269 0.0174754
22 0.6147082 0.3385833 0.0286269 0.0174754
6 0.4689709 0.5902291 0.0286270 0.0174755
3 0.6875768 0.2756719 0.0286269 0.0174754
14 0.4689709 0.5273176 0.0286270 0.0174755
6 0.6875768 0.3385833 0.0286269 0.0174754
16 0.3232337 0.5902291 0.0286270 0.0174755
15 0.5405383 0.5902291 0.0286270 0.0174755
21 0.6147082 0.5273176 0.0286269 0.0174755
31 0.3961023 0.3385833 0.0286269 0.0174754
21 0.4689709 0.2756719 0.0286270 0.0174754
20 0.3961023 0.5902291 0.0286269 0.0174755
16 0.6875768 0.4644062 0.0286269 0.0174754
17 0.6147082 0.5902291 0.0286269 0.0174755
13 0.7604454 0.4014948 0.0286270 0.0174754
21 0.5405383 0.5273176 0.0286270 0.0174755
13 0.7604454 0.5902291 0.0286270 0.0174755
29 0.3232337 0.4644062 0.0286270 0.0174754
31 0.3961023 0.4014948 0.0286269 0.0174754
28 0.3961023 0.2756719 0.0286269 0.0174754
