24 0.3444463 0.5482903 0.0274585 0.0172547
10 0.2758001 0.6104073 0.0274585 0.0172547
32 0.3475666 0.4292327 0.5054857 0.4417211
33 0.3463185 0.2382803 0.4580575 0.0161044
14 0.2758001 0.2998222 0.0274585 0.0172547
30 0.3444463 0.2998222 0.0274585 0.0172547
25 0.4854831 0.2998222 0.0274585 0.0172547
29 0.1360115 0.3619392 0.0274585 0.0172548
15 0.2059058 0.3619392 0.0274585 0.0172548
1 0.3444463 0.3619392 0.0274585 0.0172548
6 0.4155888 0.3619392 0.0274585 0.0172548
7 0.4854831 0.3619392 0.0274585 0.0172548
9 0.3444463 0.4240563 0.0274585 0.0172548
34 0.5553774 0.4234811 0.0649019 0.0621170
17 0.5553774 0.4240563 0.0274585 0.0172548
27 0.5553774 0.5482903 0.0274585 0.0172547
13 0.4854831 0.6104073 0.0274585 0.0172547
21 0.5553774 0.6104073 0.0274585 0.0172547
4 0.3444463 0.6104073 0.0274585 0.0172547
20 0.2059058 0.4240563 0.0274585 0.0172548
20 0.4155888 0.2998222 0.0274585 0.0172547
15 0.3444463 0.4861733 0.0274585 0.0172548
27 0.5553774 0.3619392 0.0274585 0.0172548
18 0.1360115 0.6104073 0.0274585 0.0172547
6 0.2059058 0.2998222 0.0274585 0.0172547
14 0.2758001 0.4861733 0.0274585 0.0172548
8 0.4854831 0.5482903 0.0274585 0.0172547
18 0.1360115 0.4861733 0.0274585 0.0172548
13 0.4155888 0.4861733 0.0274585 0.0172548
2 0.4854831 0.4240563 0.0274585 0.0172548
24 0.2758001 0.5482903 0.0274585 0.0172547
12 0.2758001 0.3619392 0.0274585 0.0172548
31 0.1360115 0.2998222 0.0274585 0.0172547
27 0.4854831 0.4861733 0.0274585 0.0172548
12 0.4155888 0.5482903 0.0274585 0.0172547
15 0.2758001 0.4240563 0.0274585 0.0172548
4 0.2059058 0.5482903 0.0274585 0.0172547
30 0.5553774 0.2998222 0.0274585 0.0172547
12 0.1360115 0.5482903 0.0274585 0.0172547
24 0.2059058 0.6104073 0.0274585 0.0172547
8 0.1360115 0.4240563 0.0274585 0.0172548
28 0.4155888 0.4240563 0.0274585 0.0172548
24 0.4155888 0.6104073 0.0274585 0.0172547
4 0.2059058 0.4861733 0.0274585 0.0172548
10 0.5553774 0.4861733 0.0274585 0.0172548
