10 0.3563232 0.4111981 0.0273062 0.0163055
26 0.2185509 0.5872974 0.0273062 0.0163055
32 0.3594261 0.4160897 0.5026825 0.4174205
33 0.3581849 0.2356423 0.4555172 0.0152185
19 0.3563232 0.2937986 0.0273062 0.0163055
4 0.1490442 0.3524983 0.0273062 0.0163055
5 0.1490442 0.4111981 0.0273062 0.0163055
22 0.1490442 0.4698978 0.0273062 0.0163055
1 0.2880576 0.4698978 0.0273062 0.0163055
9 0.3563232 0.4698978 0.0273062 0.0163055
13 0.5660845 0.4698978 0.0273062 0.0163055
3 0.2185509 0.5285976 0.0273062 0.0163055
7 0.3563232 0.5285976 0.0273062 0.0163055
34 0.5660845 0.5280541 0.0645419 0.0586997
11 0.5660845 0.5285976 0.0273062 0.0163055
27 0.3563232 0.5872974 0.0273062 0.0163055
24 0.4270711 0.5872974 0.0273062 0.0163055
31 0.4965778 0.5872974 0.0273062 0.0163055
25 0.1490442 0.5285976 0.0273062 0.0163055
1 0.4965778 0.4698978 0.0273062 0.0163055
21 0.2880576 0.2937986 0.0273062 0.0163055
5 0.4965778 0.3524983 0.0273062 0.0163055
18 0.2185509 0.2937986 0.0273062 0.0163055
15 0.2185509 0.4111981 0.0273062 0.0163055
30 0.4270711 0.2937986 0.0273062 0.0163055
10 0.2880576 0.5285976 0.0273062 0.0163055
19 0.5660845 0.2937986 0.0273062 0.0163055
21 0.2185509 0.3524983 0.0273062 0.0163055
19 0.5660845 0.4111981 0.0273062 0.0163055
19 0.4270711 0.4111981 0.0273062 0.0163055
9 0.2880576 0.3524983 0.0273062 0.0163055
27 0.2880576 0.4111981 0.0273062 0.0163055
29 0.1490442 0.5872974 0.0273062 0.0163055
12 0.4270711 0.5285976 0.0273062 0.0163055
28 0.4965778 0.4111981 0.0273062 0.0163055
4 0.2880576 0.5872974 0.0273062 0.0163055
30 0.5660845 0.5872974 0.0273062 0.0163055
6 0.4965778 0.2937986 0.0273062 0.0163055
17 0.3563232 0.3524983 0.0273062 0.0163055
31 0.2185509 0.4698978 0.0273062 0.0163055
10 0.4965778 0.5285976 0.0273062 0.0163055
15 0.4270711 0.3524983 0.0273062 0.0163055
8 0.4270711 0.4698978 0.0273062 0.0163055
6 0.1490442 0.2937986 0.0273062 0.0163055
30 0.5660845 0.3524983 0.0273062 0.0163055
