11 0.3429943 0.4964553 0.0275343 0.0163759
10 0.2729070 0.4964553 0.0275343 0.0163759
32 0.4850463 0.5013680 0.5068816 0.4192214
33 0.4837948 0.3201421 0.4593224 0.0152841
24 0.3429943 0.3785493 0.0275343 0.0163758
12 0.4819174 0.3785493 0.0275343 0.0163758
10 0.6934310 0.3785493 0.0275343 0.0163758
2 0.2729070 0.4375023 0.0275343 0.0163758
17 0.5532563 0.4375023 0.0275343 0.0163758
16 0.6233437 0.4375023 0.0275343 0.0163758
34 0.6227179 0.4959094 0.0638295 0.0589530
24 0.6233437 0.4964553 0.0275343 0.0163759
27 0.4819174 0.5554083 0.0275343 0.0163758
18 0.6934310 0.5554083 0.0275343 0.0163758
6 0.3429943 0.6143613 0.0275343 0.0163759
9 0.3429943 0.6733143 0.0275343 0.0163758
7 0.4819174 0.6733143 0.0275343 0.0163758
11 0.6934310 0.6733143 0.0275343 0.0163758
3 0.4130817 0.4964553 0.0275343 0.0163759
18 0.5532563 0.4964553 0.0275343 0.0163759
30 0.2729070 0.3785493 0.0275343 0.0163758
27 0.4130817 0.5554083 0.0275343 0.0163758
13 0.4130817 0.4375023 0.0275343 0.0163758
30 0.6934310 0.6143613 0.0275343 0.0163759
9 0.4819174 0.4375023 0.0275343 0.0163758
19 0.6233437 0.5554083 0.0275343 0.0163758
6 0.4130817 0.6733143 0.0275343 0.0163758
7 0.6233437 0.6733143 0.0275343 0.0163758
20 0.4130817 0.6143613 0.0275343 0.0163759
26 0.3429943 0.5554083 0.0275343 0.0163758
31 0.6233437 0.6143613 0.0275343 0.0163759
8 0.5532563 0.5554083 0.0275343 0.0163758
28 0.5532563 0.6733143 0.0275343 0.0163758
22 0.5532563 0.3785493 0.0275343 0.0163758
12 0.2729070 0.6733143 0.0275343 0.0163758
5 0.6233437 0.3785493 0.0275343 0.0163758
22 0.2729070 0.5554083 0.0275343 0.0163758
30 0.4819174 0.4964553 0.0275343 0.0163759
18 0.6934310 0.4375023 0.0275343 0.0163758
6 0.2729070 0.6143613 0.0275343 0.0163759
11 0.3429943 0.4375023 0.0275343 0.0163758
13 0.4130817 0.3785493 0.0275343 0.0163758
30 0.4819174 0.6143613 0.0275343 0.0163759
28 0.6934310 0.4964553 0.0275343 0.0163759
17 0.5532563 0.6143613 0.0275343 0.0163759
