9 0.1813842 0.6579333 0.0287720 0.0166709
14 0.3278601 0.7179480 0.0287720 0.0166707
32 0.2613338 0.6029198 0.5201676 0.4267714
33 0.2552761 0.4184300 0.4799702 0.0155594
16 0.1813842 0.4778891 0.0287720 0.0166708
6 0.4010981 0.4778891 0.0287720 0.0166708
13 0.0349083 0.5379038 0.0287721 0.0166707
26 0.1813842 0.5379038 0.0287720 0.0166707
25 0.2533144 0.5979186 0.0287721 0.0166707
15 0.3278601 0.5979186 0.0287720 0.0166707
12 0.1081462 0.6579333 0.0287721 0.0166709
34 0.0350808 0.7173923 0.0676616 0.0600146
19 0.0349083 0.7179480 0.0287721 0.0166707
2 0.1081462 0.7179480 0.0287721 0.0166707
30 0.4010981 0.7179480 0.0287720 0.0166707
5 0.0349083 0.7779628 0.0287721 0.0166707
24 0.1081462 0.7779628 0.0287721 0.0166707
18 0.2533144 0.7779628 0.0287721 0.0166707
2 0.4743361 0.7779628 0.0287721 0.0166707
7 0.4010981 0.6579333 0.0287720 0.0166709
11 0.2533144 0.7179480 0.0287721 0.0166707
10 0.4743361 0.5979186 0.0287721 0.0166707
14 0.4743361 0.7179480 0.0287721 0.0166707
15 0.3278601 0.5379038 0.0287720 0.0166707
6 0.1081462 0.5379038 0.0287721 0.0166707
4 0.1813842 0.7779628 0.0287720 0.0166707
18 0.1813842 0.5979186 0.0287720 0.0166707
5 0.1813842 0.7179480 0.0287720 0.0166707
19 0.3278601 0.6579333 0.0287720 0.0166709
22 0.2533144 0.4778891 0.0287721 0.0166708
15 0.3278601 0.4778891 0.0287720 0.0166708
27 0.2533144 0.6579333 0.0287721 0.0166709
21 0.4010981 0.5379038 0.0287720 0.0166707
30 0.4010981 0.7779628 0.0287720 0.0166707
28 0.1081462 0.5979186 0.0287721 0.0166707
9 0.4743361 0.5379038 0.0287721 0.0166707
22 0.0349083 0.6579333 0.0287721 0.0166709
11 0.0349083 0.4778891 0.0287721 0.0166708
26 0.2533144 0.5379038 0.0287721 0.0166707
27 0.3278601 0.7779628 0.0287720 0.0166707
30 0.4743361 0.6579333 0.0287721 0.0166709
24 0.4010981 0.5979186 0.0287720 0.0166707
31 0.1081462 0.4778891 0.0287721 0.0166708
22 0.4743361 0.4778891 0.0287721 0.0166708
4 0.0349083 0.5979186 0.0287721 0.0166707
