21 0.7781464 0.3525878 0.0275549 0.0161121
16 0.3573085 0.3525878 0.0275549 0.0161121
32 0.5696061 0.3574215 0.5072599 0.4124696
33 0.5683537 0.1791143 0.4596652 0.0150379
34 0.4268219 0.2360437 0.0638772 0.0580035
28 0.4274481 0.2365808 0.0275549 0.0161121
11 0.4975878 0.2365808 0.0275549 0.0161121
30 0.7080067 0.2365808 0.0275549 0.0161121
12 0.7781464 0.2365808 0.0275549 0.0161121
9 0.3573085 0.2945843 0.0275549 0.0161121
17 0.4274481 0.2945843 0.0275549 0.0161121
14 0.4274481 0.3525878 0.0275549 0.0161121
15 0.5664749 0.3525878 0.0275549 0.0161121
21 0.6378671 0.3525878 0.0275548 0.0161121
24 0.3573085 0.4685949 0.0275549 0.0161121
18 0.4274481 0.5265984 0.0275549 0.0161121
16 0.6378671 0.5265984 0.0275548 0.0161121
27 0.7781464 0.5265984 0.0275549 0.0161121
22 0.7781464 0.2945843 0.0275549 0.0161121
6 0.6378671 0.2945843 0.0275548 0.0161121
15 0.7781464 0.4685949 0.0275549 0.0161121
26 0.7080067 0.5265984 0.0275549 0.0161121
12 0.6378671 0.4685949 0.0275548 0.0161121
12 0.3573085 0.2365808 0.0275549 0.0161121
9 0.7080067 0.2945843 0.0275549 0.0161121
8 0.3573085 0.5265984 0.0275549 0.0161121
17 0.4975878 0.3525878 0.0275549 0.0161121
2 0.6378671 0.2365808 0.0275548 0.0161121
1 0.4975878 0.4685949 0.0275549 0.0161121
31 0.7080067 0.4685949 0.0275549 0.0161121
16 0.4274481 0.4685949 0.0275549 0.0161121
4 0.5664749 0.2365808 0.0275549 0.0161121
31 0.7080067 0.3525878 0.0275549 0.0161121
31 0.4975878 0.2945843 0.0275549 0.0161121
8 0.5664749 0.4105914 0.0275549 0.0161121
24 0.6378671 0.4105914 0.0275548 0.0161121
4 0.4975878 0.4105914 0.0275549 0.0161121
10 0.5664749 0.2945843 0.0275549 0.0161121
17 0.7781464 0.4105914 0.0275549 0.0161121
2 0.5664749 0.5265984 0.0275549 0.0161121
4 0.3573085 0.4105914 0.0275549 0.0161121
18 0.7080067 0.4105914 0.0275549 0.0161121
30 0.5664749 0.4685949 0.0275549 0.0161121
17 0.4975878 0.5265984 0.0275549 0.0161121
9 0.4274481 0.4105914 0.0275549 0.0161121
