13 0.8439681 0.2406828 0.0276486 0.0159949
7 0.6315765 0.2982645 0.0276486 0.0159949
32 0.6347184 0.3606447 0.5089857 0.4094698
33 0.6334617 0.1836343 0.4612291 0.0149286
29 0.6315765 0.2406828 0.0276486 0.0159949
9 0.7735898 0.2982645 0.0276485 0.0159949
10 0.8439681 0.2982645 0.0276486 0.0159949
18 0.5624550 0.3558462 0.0276486 0.0159949
27 0.7032115 0.3558462 0.0276486 0.0159949
4 0.7735898 0.3558462 0.0276485 0.0159949
1 0.6315765 0.4134279 0.0276486 0.0159949
21 0.4216985 0.4710096 0.0276486 0.0159949
34 0.5624550 0.4704764 0.0653513 0.0575817
13 0.5624550 0.4710096 0.0276486 0.0159949
23 0.6315765 0.4710096 0.0276486 0.0159949
17 0.8439681 0.4710096 0.0276486 0.0159949
16 0.4216985 0.5285912 0.0276486 0.0159949
22 0.7032115 0.5285912 0.0276486 0.0159949
21 0.5624550 0.2406828 0.0276486 0.0159949
17 0.7032115 0.4134279 0.0276486 0.0159949
27 0.4216985 0.4134279 0.0276486 0.0159949
19 0.4920767 0.2406828 0.0276486 0.0159949
31 0.8439681 0.3558462 0.0276486 0.0159949
14 0.4216985 0.3558462 0.0276486 0.0159949
17 0.6315765 0.3558462 0.0276486 0.0159949
10 0.5624550 0.5285912 0.0276486 0.0159949
17 0.7032115 0.2406828 0.0276486 0.0159949
2 0.8439681 0.5285912 0.0276486 0.0159949
2 0.6315765 0.5285912 0.0276486 0.0159949
18 0.4216985 0.2406828 0.0276486 0.0159949
29 0.4920767 0.5285912 0.0276486 0.0159949
27 0.7032115 0.4710096 0.0276486 0.0159949
30 0.5624550 0.4134279 0.0276486 0.0159949
15 0.7735898 0.4134279 0.0276485 0.0159949
2 0.7735898 0.4710096 0.0276485 0.0159949
29 0.7032115 0.2982645 0.0276486 0.0159949
25 0.4920767 0.3558462 0.0276486 0.0159949
19 0.4920767 0.4710096 0.0276486 0.0159949
27 0.7735898 0.5285912 0.0276485 0.0159949
24 0.7735898 0.2406828 0.0276485 0.0159949
1 0.4216985 0.2982645 0.0276486 0.0159949
11 0.5624550 0.2982645 0.0276486 0.0159949
21 0.4920767 0.4134279 0.0276486 0.0159949
14 0.4920767 0.2982645 0.0276486 0.0159949
31 0.8439681 0.4134279 0.0276486 0.0159949
