18 0.3063268 0.3112902 0.0264304 0.0169615
28 0.1056963 0.6165975 0.0264304 0.0169615
32 0.3093303 0.4385016 0.4865591 0.4342147
33 0.3081289 0.2507942 0.4409066 0.0158308
27 0.1056963 0.3112902 0.0264304 0.0169615
13 0.3748055 0.3112902 0.0264304 0.0169615
17 0.1729736 0.3723517 0.0264304 0.0169615
25 0.3748055 0.3723517 0.0264304 0.0169615
6 0.4420828 0.3723517 0.0264304 0.0169615
15 0.5093601 0.3723517 0.0264304 0.0169615
29 0.1056963 0.4334131 0.0264304 0.0169615
34 0.1056963 0.4939092 0.0624718 0.0610615
9 0.1056963 0.4944746 0.0264304 0.0169615
26 0.1729736 0.4944746 0.0264304 0.0169615
23 0.2402509 0.4944746 0.0264304 0.0169615
18 0.3748055 0.5555360 0.0264304 0.0169615
16 0.1729736 0.6165975 0.0264304 0.0169615
9 0.3063268 0.6165975 0.0264304 0.0169615
12 0.1056963 0.3723517 0.0264304 0.0169615
2 0.4420828 0.5555360 0.0264304 0.0169615
7 0.1729736 0.5555360 0.0264304 0.0169615
4 0.2402509 0.6165975 0.0264304 0.0169615
22 0.3748055 0.6165975 0.0264304 0.0169615
13 0.5093601 0.3112902 0.0264304 0.0169615
19 0.5093601 0.4334131 0.0264304 0.0169615
14 0.3748055 0.4944746 0.0264304 0.0169615
11 0.4420828 0.4944746 0.0264304 0.0169615
16 0.2402509 0.5555360 0.0264304 0.0169615
19 0.3063268 0.4944746 0.0264304 0.0169615
2 0.3063268 0.3723517 0.0264304 0.0169615
11 0.5093601 0.5555360 0.0264304 0.0169615
8 0.1056963 0.5555360 0.0264304 0.0169615
31 0.4420828 0.3112902 0.0264304 0.0169615
18 0.2402509 0.3723517 0.0264304 0.0169615
30 0.5093601 0.4944746 0.0264304 0.0169615
11 0.3063268 0.4334131 0.0264304 0.0169615
12 0.4420828 0.6165975 0.0264304 0.0169615
22 0.2402509 0.4334131 0.0264304 0.0169615
8 0.3748055 0.4334131 0.0264304 0.0169615
2 0.2402509 0.3112902 0.0264304 0.0169615
22 0.3063268 0.5555360 0.0264304 0.0169615
17 0.4420828 0.4334131 0.0264304 0.0169615
28 0.1729736 0.4334131 0.0264304 0.0169615
20 0.1729736 0.3112902 0.0264304 0.0169615
17 0.5093601 0.6165975 0.0264304 0.0169615
