4 0.4171003 0.4335299 0.0285436 0.0166876
21 0.6350699 0.6738307 0.0285436 0.0166876
32 0.4917030 0.5586866 0.5254626 0.4272013
33 0.4904055 0.3740110 0.4761599 0.0155751
14 0.3444437 0.4335299 0.0285436 0.0166876
16 0.4884594 0.4335299 0.0285437 0.0166876
20 0.7077264 0.4335299 0.0285436 0.0166876
15 0.2717871 0.4936051 0.0285436 0.0166876
34 0.4171003 0.4930489 0.0674668 0.0600752
9 0.4171003 0.4936051 0.0285436 0.0166876
22 0.4884594 0.4936051 0.0285437 0.0166876
8 0.6350699 0.5536803 0.0285436 0.0166876
11 0.2717871 0.6137555 0.0285436 0.0166876
10 0.3444437 0.6137555 0.0285436 0.0166876
2 0.4884594 0.6137555 0.0285437 0.0166876
29 0.7077264 0.6137555 0.0285436 0.0166876
12 0.2717871 0.6738307 0.0285436 0.0166876
21 0.4884594 0.6738307 0.0285437 0.0166876
9 0.5624134 0.7339058 0.0285436 0.0166876
24 0.5624134 0.5536803 0.0285436 0.0166876
2 0.6350699 0.4335299 0.0285436 0.0166876
16 0.3444437 0.4936051 0.0285436 0.0166876
8 0.2717871 0.7339058 0.0285436 0.0166876
15 0.2717871 0.5536803 0.0285436 0.0166876
26 0.3444437 0.7339058 0.0285436 0.0166876
25 0.7077264 0.5536803 0.0285436 0.0166876
2 0.7077264 0.4936051 0.0285436 0.0166876
27 0.4171003 0.6738307 0.0285436 0.0166876
4 0.7077264 0.6738307 0.0285436 0.0166876
17 0.4171003 0.6137555 0.0285436 0.0166876
26 0.6350699 0.7339058 0.0285436 0.0166876
30 0.2717871 0.4335299 0.0285436 0.0166876
27 0.4884594 0.7339058 0.0285437 0.0166876
3 0.3444437 0.6738307 0.0285436 0.0166876
20 0.4884594 0.5536803 0.0285437 0.0166876
10 0.4171003 0.5536803 0.0285436 0.0166876
14 0.5624134 0.4936051 0.0285436 0.0166876
5 0.3444437 0.5536803 0.0285436 0.0166876
2 0.5624134 0.6738307 0.0285436 0.0166876
6 0.7077264 0.7339058 0.0285436 0.0166876
24 0.5624134 0.4335299 0.0285436 0.0166876
10 0.5624134 0.6137555 0.0285436 0.0166876
9 0.6350699 0.6137555 0.0285436 0.0166876
24 0.6350699 0.4936051 0.0285436 0.0166876
24 0.4171003 0.7339058 0.0285436 0.0166876
