24 0.3925735 0.6608318 0.0263830 0.0164707
17 0.3266159 0.5422425 0.0263830 0.0164707
32 0.3955715 0.5471837 0.4856871 0.4216508
33 0.3943723 0.3649076 0.4401165 0.0153727
21 0.1923025 0.4236532 0.0263830 0.0164707
3 0.5280862 0.4236532 0.0263830 0.0164707
31 0.5280862 0.4829479 0.0263830 0.0164708
13 0.4609294 0.5422425 0.0263830 0.0164707
4 0.2594592 0.6015371 0.0263830 0.0164707
11 0.3266159 0.6015371 0.0263830 0.0164707
34 0.1923025 0.6602828 0.0623598 0.0592946
11 0.1923025 0.6608318 0.0263830 0.0164707
27 0.4609294 0.6608318 0.0263830 0.0164707
6 0.5280862 0.6608318 0.0263830 0.0164707
29 0.2594592 0.7201264 0.0263830 0.0164707
10 0.3266159 0.7201264 0.0263830 0.0164707
16 0.4609294 0.7201264 0.0263830 0.0164707
25 0.5952429 0.7201264 0.0263830 0.0164707
21 0.3925735 0.4829479 0.0263830 0.0164708
28 0.1923025 0.7201264 0.0263830 0.0164707
19 0.3925735 0.4236532 0.0263830 0.0164707
18 0.5952429 0.5422425 0.0263830 0.0164707
27 0.2594592 0.4236532 0.0263830 0.0164707
30 0.1923025 0.6015371 0.0263830 0.0164707
12 0.3925735 0.7201264 0.0263830 0.0164707
7 0.1923025 0.5422425 0.0263830 0.0164707
30 0.3925735 0.5422425 0.0263830 0.0164707
25 0.5280862 0.5422425 0.0263830 0.0164707
31 0.4609294 0.4829479 0.0263830 0.0164708
17 0.1923025 0.4829479 0.0263830 0.0164708
13 0.2594592 0.4829479 0.0263830 0.0164708
9 0.5952429 0.6015371 0.0263830 0.0164707
8 0.4609294 0.6015371 0.0263830 0.0164707
12 0.5952429 0.4829479 0.0263830 0.0164708
1 0.3925735 0.6015371 0.0263830 0.0164707
11 0.5280862 0.7201264 0.0263830 0.0164707
21 0.5952429 0.6608318 0.0263830 0.0164707
19 0.2594592 0.5422425 0.0263830 0.0164707
13 0.4609294 0.4236532 0.0263830 0.0164707
15 0.3266159 0.6608318 0.0263830 0.0164707
26 0.5280862 0.6015371 0.0263830 0.0164707
20 0.2594592 0.6608318 0.0263830 0.0164707
4 0.5952429 0.4236532 0.0263830 0.0164707
22 0.3266159 0.4829479 0.0263830 0.0164708
7 0.3266159 0.4236532 0.0263830 0.0164707
