4 0.6393755 0.5842525 0.0264579 0.0167380
26 0.5046807 0.4637391 0.0264579 0.0167380
32 0.5738321 0.5892740 0.4870661 0.4284921
33 0.5726294 0.4040404 0.4413660 0.0156221
3 0.5708255 0.4637391 0.0264579 0.0167380
8 0.7740703 0.4637391 0.0264579 0.0167380
18 0.5708255 0.5239958 0.0264579 0.0167380
19 0.7067229 0.5239958 0.0264579 0.0167380
12 0.5708255 0.5842525 0.0264579 0.0167380
20 0.4373333 0.6445093 0.0264579 0.0167379
23 0.5046807 0.6445093 0.0264579 0.0167379
15 0.6393755 0.6445093 0.0264579 0.0167379
1 0.7067229 0.6445093 0.0264579 0.0167379
24 0.4373333 0.7047659 0.0264579 0.0167379
7 0.7067229 0.7047659 0.0264579 0.0167379
34 0.7740703 0.7042080 0.0625369 0.0602567
8 0.7740703 0.7047659 0.0264579 0.0167379
10 0.4373333 0.7650227 0.0264579 0.0167379
18 0.7740703 0.5239958 0.0264579 0.0167380
15 0.6393755 0.7047659 0.0264579 0.0167379
3 0.3699858 0.5842525 0.0264579 0.0167380
19 0.3699858 0.5239958 0.0264579 0.0167380
11 0.6393755 0.5239958 0.0264579 0.0167380
20 0.3699858 0.7650227 0.0264579 0.0167379
30 0.6393755 0.4637391 0.0264579 0.0167380
15 0.4373333 0.5842525 0.0264579 0.0167380
21 0.5046807 0.7650227 0.0264579 0.0167379
31 0.4373333 0.5239958 0.0264579 0.0167380
9 0.7740703 0.7650227 0.0264579 0.0167379
21 0.5046807 0.5239958 0.0264579 0.0167380
5 0.5708255 0.6445093 0.0264579 0.0167379
5 0.4373333 0.4637391 0.0264579 0.0167380
30 0.7067229 0.7650227 0.0264579 0.0167379
29 0.6393755 0.7650227 0.0264579 0.0167379
16 0.7067229 0.4637391 0.0264579 0.0167380
26 0.5046807 0.5842525 0.0264579 0.0167380
20 0.5708255 0.7650227 0.0264579 0.0167379
11 0.7740703 0.6445093 0.0264579 0.0167379
10 0.7067229 0.5842525 0.0264579 0.0167380
25 0.5708255 0.7047659 0.0264579 0.0167379
8 0.3699858 0.4637391 0.0264579 0.0167380
3 0.7740703 0.5842525 0.0264579 0.0167380
4 0.3699858 0.6445093 0.0264579 0.0167379
19 0.5046807 0.7047659 0.0264579 0.0167379
2 0.3699858 0.7047659 0.0264579 0.0167379
