22 0.6052650 0.7387417 0.0274761 0.0165110
17 0.6764530 0.6793020 0.0274760 0.0165110
32 0.6083873 0.5653760 0.5058096 0.4226821
33 0.6071384 0.3826540 0.4583510 0.0154103
29 0.5365748 0.4415433 0.0274761 0.0165110
9 0.6764530 0.4415433 0.0274760 0.0165110
2 0.4666357 0.5009830 0.0274761 0.0165110
25 0.6052650 0.5009830 0.0274761 0.0165110
7 0.6764530 0.5009830 0.0274760 0.0165110
30 0.4666357 0.5604227 0.0274761 0.0165110
34 0.6758286 0.5598723 0.0661924 0.0594397
12 0.6764530 0.5604227 0.0274760 0.0165110
18 0.3966966 0.6793020 0.0274761 0.0165110
27 0.5365748 0.6793020 0.0274761 0.0165110
22 0.6052650 0.6793020 0.0274761 0.0165110
1 0.7463921 0.6793020 0.0274760 0.0165110
11 0.3966966 0.7387417 0.0274761 0.0165110
8 0.8163313 0.7387417 0.0274760 0.0165110
24 0.8163313 0.5604227 0.0274760 0.0165110
7 0.5365748 0.6198623 0.0274761 0.0165110
17 0.6052650 0.4415433 0.0274761 0.0165110
17 0.8163313 0.5009830 0.0274760 0.0165110
9 0.7463921 0.4415433 0.0274760 0.0165110
16 0.8163313 0.4415433 0.0274760 0.0165110
30 0.6052650 0.5604227 0.0274761 0.0165110
26 0.6052650 0.6198623 0.0274761 0.0165110
28 0.3966966 0.5604227 0.0274761 0.0165110
19 0.6764530 0.7387417 0.0274760 0.0165110
13 0.7463921 0.5009830 0.0274760 0.0165110
15 0.8163313 0.6793020 0.0274760 0.0165110
29 0.7463921 0.6198623 0.0274760 0.0165110
22 0.4666357 0.6198623 0.0274761 0.0165110
18 0.4666357 0.7387417 0.0274761 0.0165110
18 0.4666357 0.4415433 0.0274761 0.0165110
12 0.5365748 0.7387417 0.0274761 0.0165110
30 0.8163313 0.6198623 0.0274760 0.0165110
1 0.6764530 0.6198623 0.0274760 0.0165110
20 0.5365748 0.5604227 0.0274761 0.0165110
13 0.7463921 0.5604227 0.0274760 0.0165110
7 0.7463921 0.7387417 0.0274760 0.0165110
10 0.3966966 0.5009830 0.0274761 0.0165110
14 0.5365748 0.5009830 0.0274761 0.0165110
13 0.3966966 0.4415433 0.0274761 0.0165110
21 0.3966966 0.6198623 0.0274761 0.0165110
7 0.4666357 0.6793020 0.0274761 0.0165110
