22 0.4984445 0.4837885 0.0280464 0.0172704
10 0.3556627 0.3594418 0.0280465 0.0172704
32 0.4289659 0.3646229 0.5163092 0.4421216
33 0.4276910 0.1734974 0.4678653 0.0161190
6 0.2842718 0.2350951 0.0280464 0.0172704
25 0.3556627 0.2350951 0.0280465 0.0172704
9 0.4984445 0.2350951 0.0280464 0.0172704
5 0.6412263 0.2350951 0.0280465 0.0172704
8 0.2128809 0.2972684 0.0280464 0.0172704
2 0.6412263 0.2972684 0.0280465 0.0172704
34 0.5691980 0.3588661 0.0650167 0.0621734
29 0.5698354 0.3594418 0.0280464 0.0172704
12 0.2842718 0.4216151 0.0280464 0.0172704
3 0.3556627 0.4216151 0.0280465 0.0172704
22 0.6412263 0.4216151 0.0280465 0.0172704
1 0.2128809 0.4837885 0.0280464 0.0172704
29 0.3556627 0.4837885 0.0280465 0.0172704
18 0.4257788 0.5459618 0.0280465 0.0172704
5 0.2842718 0.3594418 0.0280464 0.0172704
18 0.4257788 0.3594418 0.0280465 0.0172704
5 0.6412263 0.5459618 0.0280465 0.0172704
22 0.2128809 0.3594418 0.0280464 0.0172704
14 0.5698354 0.4216151 0.0280464 0.0172704
16 0.3556627 0.2972684 0.0280465 0.0172704
8 0.6412263 0.4837885 0.0280465 0.0172704
13 0.2842718 0.2972684 0.0280464 0.0172704
28 0.4984445 0.3594418 0.0280464 0.0172704
4 0.4257788 0.2350951 0.0280465 0.0172704
12 0.2842718 0.5459618 0.0280464 0.0172704
21 0.5698354 0.5459618 0.0280464 0.0172704
5 0.2128809 0.2350951 0.0280464 0.0172704
25 0.6412263 0.3594418 0.0280465 0.0172704
13 0.2128809 0.5459618 0.0280464 0.0172704
10 0.4257788 0.4837885 0.0280465 0.0172704
6 0.4984445 0.2972684 0.0280464 0.0172704
18 0.2842718 0.4837885 0.0280464 0.0172704
9 0.4257788 0.4216151 0.0280465 0.0172704
28 0.4257788 0.2972684 0.0280465 0.0172704
27 0.4984445 0.5459618 0.0280464 0.0172704
3 0.2128809 0.4216151 0.0280464 0.0172704
11 0.4984445 0.4216151 0.0280464 0.0172704
14 0.5698354 0.2350951 0.0280464 0.0172704
4 0.5698354 0.4837885 0.0280464 0.0172704
15 0.3556627 0.5459618 0.0280465 0.0172704
19 0.5698354 0.2972684 0.0280464 0.0172704
