12 0.3172200 0.5121342 0.0274750 0.0162343
8 0.3172200 0.4536905 0.0274750 0.0162344
32 0.5289021 0.5170045 0.5057890 0.4156000
33 0.5276532 0.3373441 0.4583323 0.0151521
23 0.3871562 0.3952466 0.0274750 0.0162344
15 0.5969650 0.3952466 0.0274749 0.0162344
31 0.4570925 0.4536905 0.0274750 0.0162344
19 0.4570925 0.5121342 0.0274750 0.0162343
7 0.5969650 0.5121342 0.0274749 0.0162343
5 0.7368375 0.5121342 0.0274750 0.0162343
2 0.3172200 0.5705779 0.0274750 0.0162344
27 0.6669012 0.5705779 0.0274750 0.0162344
24 0.3172200 0.6290217 0.0274750 0.0162344
1 0.3871562 0.6290217 0.0274750 0.0162344
34 0.5963406 0.6284805 0.0661897 0.0584437
17 0.5969650 0.6290217 0.0274749 0.0162344
8 0.3172200 0.6874654 0.0274750 0.0162344
3 0.5257799 0.6874654 0.0274750 0.0162344
28 0.6669012 0.5121342 0.0274750 0.0162343
29 0.5257799 0.5705779 0.0274750 0.0162344
5 0.5257799 0.6290217 0.0274750 0.0162344
31 0.7368375 0.4536905 0.0274750 0.0162344
16 0.5969650 0.6874654 0.0274749 0.0162344
10 0.4570925 0.6290217 0.0274750 0.0162344
11 0.5969650 0.4536905 0.0274749 0.0162344
18 0.5257799 0.3952466 0.0274750 0.0162344
22 0.3871562 0.6874654 0.0274750 0.0162344
21 0.3871562 0.5705779 0.0274750 0.0162344
3 0.6669012 0.4536905 0.0274750 0.0162344
11 0.3871562 0.4536905 0.0274750 0.0162344
26 0.3172200 0.3952466 0.0274750 0.0162344
5 0.7368375 0.6290217 0.0274750 0.0162344
8 0.4570925 0.6874654 0.0274750 0.0162344
19 0.4570925 0.3952466 0.0274750 0.0162344
28 0.6669012 0.3952466 0.0274750 0.0162344
31 0.7368375 0.5705779 0.0274750 0.0162344
15 0.5257799 0.4536905 0.0274750 0.0162344
31 0.6669012 0.6290217 0.0274750 0.0162344
20 0.5969650 0.5705779 0.0274749 0.0162344
18 0.7368375 0.3952466 0.0274750 0.0162344
25 0.3871562 0.5121342 0.0274750 0.0162343
27 0.5257799 0.5121342 0.0274750 0.0162343
6 0.4570925 0.5705779 0.0274750 0.0162344
22 0.7368375 0.6874654 0.0274750 0.0162344
27 0.6669012 0.6874654 0.0274750 0.0162344
