9 0.4587260 0.6246976 0.0281680 0.0167025
10 0.5304262 0.5645687 0.0281680 0.0167025
32 0.3889463 0.4493216 0.5185464 0.4275836
33 0.3876659 0.2644807 0.4698927 0.0155890
1 0.2436253 0.3240529 0.0281679 0.0167025
34 0.3153255 0.3234962 0.0665788 0.0601289
10 0.3153255 0.3240529 0.0281680 0.0167025
26 0.6021264 0.3240529 0.0281680 0.0167025
29 0.3857454 0.3841819 0.0281680 0.0167025
22 0.4587260 0.3841819 0.0281680 0.0167025
4 0.5304262 0.3841819 0.0281680 0.0167025
23 0.2436253 0.4443108 0.0281679 0.0167025
16 0.3153255 0.5044397 0.0281680 0.0167025
24 0.6021264 0.5044397 0.0281680 0.0167025
15 0.3857454 0.5645687 0.0281680 0.0167025
14 0.6021264 0.5645687 0.0281680 0.0167025
19 0.1719250 0.6246976 0.0281680 0.0167025
18 0.3857454 0.6246976 0.0281680 0.0167025
21 0.6021264 0.4443108 0.0281680 0.0167025
17 0.5304262 0.6246976 0.0281680 0.0167025
6 0.4587260 0.5044397 0.0281680 0.0167025
24 0.6021264 0.6246976 0.0281680 0.0167025
2 0.3153255 0.4443108 0.0281680 0.0167025
31 0.2436253 0.3841819 0.0281679 0.0167025
26 0.3153255 0.6246976 0.0281680 0.0167025
14 0.1719250 0.4443108 0.0281680 0.0167025
30 0.3153255 0.5645687 0.0281680 0.0167025
8 0.2436253 0.5044397 0.0281679 0.0167025
24 0.6021264 0.3841819 0.0281680 0.0167025
9 0.5304262 0.4443108 0.0281680 0.0167025
10 0.3857454 0.5044397 0.0281680 0.0167025
12 0.1719250 0.5044397 0.0281680 0.0167025
1 0.2436253 0.5645687 0.0281679 0.0167025
12 0.4587260 0.4443108 0.0281680 0.0167025
3 0.3857454 0.3240529 0.0281680 0.0167025
28 0.1719250 0.3240529 0.0281680 0.0167025
29 0.4587260 0.5645687 0.0281680 0.0167025
20 0.1719250 0.5645687 0.0281680 0.0167025
20 0.4587260 0.3240529 0.0281680 0.0167025
11 0.3857454 0.4443108 0.0281680 0.0167025
21 0.1719250 0.3841819 0.0281680 0.0167025
28 0.3153255 0.3841819 0.0281680 0.0167025
21 0.5304262 0.3240529 0.0281680 0.0167025
14 0.5304262 0.5044397 0.0281680 0.0167025
27 0.2436253 0.6246976 0.0281679 0.0167025
