14 0.5541417 0.4053279 0.0286164 0.0158716
31 0.7726670 0.4624660 0.0286165 0.0158717
32 0.6289346 0.3529513 0.5268021 0.4063155
33 0.6276338 0.1773045 0.4773737 0.0148136
1 0.6256827 0.2339136 0.0286164 0.0158717
15 0.8455087 0.2339136 0.0286164 0.0158717
14 0.4812999 0.2910517 0.0286164 0.0158717
3 0.5541417 0.2910517 0.0286164 0.0158717
2 0.6256827 0.2910517 0.0286164 0.0158717
26 0.6998253 0.2910517 0.0286164 0.0158717
20 0.7726670 0.2910517 0.0286165 0.0158717
34 0.4806495 0.3476607 0.0663380 0.0571381
22 0.4812999 0.3481898 0.0286164 0.0158716
25 0.6256827 0.3481898 0.0286164 0.0158716
18 0.6998253 0.4053279 0.0286164 0.0158716
5 0.7726670 0.4053279 0.0286165 0.0158716
7 0.6998253 0.4624660 0.0286164 0.0158717
19 0.8455087 0.4624660 0.0286164 0.0158717
16 0.7726670 0.5196042 0.0286165 0.0158717
20 0.5541417 0.5196042 0.0286164 0.0158717
31 0.8455087 0.3481898 0.0286164 0.0158716
4 0.6256827 0.4053279 0.0286164 0.0158716
20 0.6256827 0.5196042 0.0286164 0.0158717
6 0.7726670 0.2339136 0.0286165 0.0158717
10 0.4084581 0.4624660 0.0286164 0.0158717
5 0.6256827 0.4624660 0.0286164 0.0158717
3 0.4812999 0.4624660 0.0286164 0.0158717
11 0.5541417 0.4624660 0.0286164 0.0158717
4 0.6998253 0.2339136 0.0286164 0.0158717
30 0.8455087 0.2910517 0.0286164 0.0158717
6 0.4812999 0.5196042 0.0286164 0.0158717
16 0.5541417 0.2339136 0.0286164 0.0158717
3 0.4812999 0.2339136 0.0286164 0.0158717
21 0.7726670 0.3481898 0.0286165 0.0158716
31 0.4084581 0.2339136 0.0286164 0.0158717
27 0.4084581 0.4053279 0.0286164 0.0158716
21 0.4084581 0.3481898 0.0286164 0.0158716
14 0.4812999 0.4053279 0.0286164 0.0158716
10 0.6998253 0.3481898 0.0286164 0.0158716
10 0.6998253 0.5196042 0.0286164 0.0158717
9 0.4084581 0.2910517 0.0286164 0.0158717
4 0.4084581 0.5196042 0.0286164 0.0158717
7 0.8455087 0.4053279 0.0286164 0.0158716
30 0.8455087 0.5196042 0.0286164 0.0158717
14 0.5541417 0.3481898 0.0286164 0.0158716
