29 0.4757286 0.4541507 0.0273510 0.0171277
14 0.1972461 0.4541507 0.0273510 0.0171277
32 0.4079728 0.5826082 0.5035064 0.4384683
33 0.4067296 0.3930620 0.4562638 0.0159858
19 0.2668667 0.4541507 0.0273510 0.0171277
20 0.3364874 0.5158103 0.0273510 0.0171277
29 0.1972461 0.5774699 0.0273510 0.0171276
2 0.3364874 0.5774699 0.0273510 0.0171276
8 0.4048648 0.5774699 0.0273510 0.0171276
4 0.4757286 0.5774699 0.0273510 0.0171276
18 0.2668667 0.6391295 0.0273510 0.0171276
23 0.4048648 0.6391295 0.0273510 0.0171276
16 0.6149699 0.6391295 0.0273510 0.0171276
34 0.2662451 0.7002182 0.0634045 0.0616596
5 0.2668667 0.7007890 0.0273510 0.0171277
6 0.4757286 0.7007890 0.0273510 0.0171277
5 0.1972461 0.7624487 0.0273510 0.0171277
7 0.5453493 0.7624487 0.0273510 0.0171277
30 0.6149699 0.5158103 0.0273510 0.0171277
21 0.4048648 0.7007890 0.0273510 0.0171277
11 0.3364874 0.4541507 0.0273510 0.0171277
25 0.2668667 0.5774699 0.0273510 0.0171276
30 0.4048648 0.7624487 0.0273510 0.0171277
31 0.5453493 0.4541507 0.0273510 0.0171277
13 0.1972461 0.7007890 0.0273510 0.0171277
4 0.3364874 0.7007890 0.0273510 0.0171277
28 0.4757286 0.5158103 0.0273510 0.0171277
6 0.5453493 0.5774699 0.0273510 0.0171276
1 0.4757286 0.6391295 0.0273510 0.0171276
4 0.4757286 0.7624487 0.0273510 0.0171277
18 0.5453493 0.6391295 0.0273510 0.0171276
4 0.1972461 0.6391295 0.0273510 0.0171276
27 0.3364874 0.6391295 0.0273510 0.0171276
22 0.6149699 0.7624487 0.0273510 0.0171277
4 0.2668667 0.5158103 0.0273510 0.0171277
20 0.1972461 0.5158103 0.0273510 0.0171277
5 0.6149699 0.5774699 0.0273510 0.0171276
18 0.6149699 0.7007890 0.0273510 0.0171277
7 0.5453493 0.5158103 0.0273510 0.0171277
7 0.6149699 0.4541507 0.0273510 0.0171277
2 0.4048648 0.5158103 0.0273510 0.0171277
21 0.2668667 0.7624487 0.0273510 0.0171277
5 0.5453493 0.7007890 0.0273510 0.0171277
28 0.4048648 0.4541507 0.0273510 0.0171277
19 0.3364874 0.7624487 0.0273510 0.0171277
