1 0.2569646 0.4582945 0.0284165 0.0166767
28 0.4726714 0.2181503 0.0284164 0.0166767
32 0.4759005 0.3432254 0.5231212 0.4269229
33 0.4746088 0.1586702 0.4740382 0.0155649
11 0.2569646 0.2181503 0.0284165 0.0166767
4 0.4016302 0.2181503 0.0284164 0.0166767
24 0.5462958 0.2781864 0.0284164 0.0166767
27 0.6186286 0.2781864 0.0284165 0.0166767
20 0.4726714 0.3382224 0.0284164 0.0166767
12 0.6909615 0.3382224 0.0284164 0.0166767
14 0.4726714 0.3982584 0.0284164 0.0166766
34 0.6179828 0.3977025 0.0658746 0.0600360
13 0.6186286 0.3982584 0.0284165 0.0166766
21 0.6186286 0.4582945 0.0284165 0.0166767
1 0.6909615 0.4582945 0.0284164 0.0166767
5 0.3292974 0.5183305 0.0284164 0.0166767
29 0.5462958 0.5183305 0.0284164 0.0166767
3 0.6909615 0.5183305 0.0284164 0.0166767
9 0.3292974 0.2181503 0.0284164 0.0166767
20 0.4016302 0.2781864 0.0284164 0.0166767
29 0.4016302 0.3982584 0.0284164 0.0166766
9 0.2569646 0.2781864 0.0284165 0.0166767
21 0.4726714 0.4582945 0.0284164 0.0166767
6 0.6186286 0.2181503 0.0284165 0.0166767
24 0.6909615 0.2181503 0.0284164 0.0166767
17 0.4726714 0.5183305 0.0284164 0.0166767
29 0.5462958 0.3982584 0.0284164 0.0166766
1 0.3292974 0.4582945 0.0284164 0.0166767
2 0.4726714 0.2781864 0.0284164 0.0166767
28 0.4016302 0.4582945 0.0284164 0.0166767
15 0.4016302 0.5183305 0.0284164 0.0166767
19 0.6186286 0.3382224 0.0284165 0.0166767
5 0.6909615 0.2781864 0.0284164 0.0166767
14 0.4016302 0.3382224 0.0284164 0.0166767
6 0.6186286 0.5183305 0.0284165 0.0166767
22 0.6909615 0.3982584 0.0284164 0.0166766
21 0.5462958 0.2181503 0.0284164 0.0166767
26 0.2569646 0.3982584 0.0284165 0.0166766
19 0.3292974 0.3382224 0.0284164 0.0166767
11 0.3292974 0.2781864 0.0284164 0.0166767
16 0.3292974 0.3982584 0.0284164 0.0166766
8 0.5462958 0.4582945 0.0284164 0.0166767
13 0.2569646 0.5183305 0.0284165 0.0166767
22 0.2569646 0.3382224 0.0284165 0.0166767
5 0.5462958 0.3382224 0.0284164 0.0166767
