17 0.2782805 0.6568088 0.0266956 0.0162509
5 0.6180433 0.4812999 0.0266956 0.0162508
32 0.4839584 0.4861751 0.4914426 0.4160212
33 0.4827449 0.3063327 0.4453320 0.0151674
23 0.2782805 0.3642940 0.0266956 0.0162508
15 0.6180433 0.3642940 0.0266956 0.0162508
21 0.4141856 0.4227969 0.0266957 0.0162508
8 0.5500908 0.4227969 0.0266956 0.0162508
29 0.6180433 0.4227969 0.0266956 0.0162508
16 0.6859959 0.4227969 0.0266957 0.0162508
14 0.6859959 0.4812999 0.0266957 0.0162508
11 0.3462331 0.5398029 0.0266956 0.0162509
6 0.4141856 0.5398029 0.0266957 0.0162509
31 0.2782805 0.5983059 0.0266956 0.0162508
34 0.4141856 0.5977642 0.0630988 0.0585029
18 0.4141856 0.5983059 0.0266957 0.0162508
2 0.4809248 0.5983059 0.0266956 0.0162508
13 0.6180433 0.6568088 0.0266956 0.0162509
1 0.4809248 0.6568088 0.0266956 0.0162509
25 0.5500908 0.6568088 0.0266956 0.0162509
19 0.2782805 0.4812999 0.0266956 0.0162508
27 0.3462331 0.5983059 0.0266956 0.0162508
25 0.2782805 0.5398029 0.0266956 0.0162509
30 0.3462331 0.3642940 0.0266956 0.0162508
5 0.5500908 0.3642940 0.0266956 0.0162508
1 0.5500908 0.4812999 0.0266956 0.0162508
29 0.6859959 0.5398029 0.0266957 0.0162509
20 0.2782805 0.4227969 0.0266956 0.0162508
22 0.5500908 0.5398029 0.0266956 0.0162509
19 0.3462331 0.6568088 0.0266956 0.0162509
20 0.4141856 0.4812999 0.0266957 0.0162508
11 0.6859959 0.3642940 0.0266957 0.0162508
27 0.6859959 0.6568088 0.0266957 0.0162509
6 0.3462331 0.4227969 0.0266956 0.0162508
26 0.6859959 0.5983059 0.0266957 0.0162508
19 0.4809248 0.3642940 0.0266956 0.0162508
17 0.4141856 0.6568088 0.0266957 0.0162509
29 0.5500908 0.5983059 0.0266956 0.0162508
28 0.4809248 0.4812999 0.0266956 0.0162508
30 0.3462331 0.4812999 0.0266956 0.0162508
17 0.6180433 0.5398029 0.0266956 0.0162509
27 0.6180433 0.5983059 0.0266956 0.0162508
13 0.4809248 0.4227969 0.0266956 0.0162508
19 0.4809248 0.5398029 0.0266956 0.0162509
18 0.4141856 0.3642940 0.0266957 0.0162508
