25 0.3548278 0.7091395 0.0265134 0.0173153
11 0.4898051 0.3974655 0.0265134 0.0173152
32 0.2891469 0.5273297 0.4880873 0.4432698
33 0.2879418 0.3357079 0.4422915 0.0161609
10 0.0848733 0.3974655 0.0265134 0.0173152
14 0.2198506 0.3974655 0.0265134 0.0173152
13 0.4223164 0.3974655 0.0265134 0.0173152
19 0.2861341 0.4598003 0.0265134 0.0173152
1 0.4223164 0.4598003 0.0265134 0.0173152
20 0.2861341 0.5221351 0.0265134 0.0173152
17 0.2198506 0.5844699 0.0265134 0.0173152
9 0.2861341 0.5844699 0.0265134 0.0173152
34 0.3542252 0.5838928 0.0638732 0.0623348
28 0.3548278 0.5844699 0.0265134 0.0173152
6 0.4223164 0.5844699 0.0265134 0.0173152
31 0.4898051 0.5844699 0.0265134 0.0173152
29 0.2198506 0.6468047 0.0265134 0.0173153
27 0.3548278 0.6468047 0.0265134 0.0173153
28 0.1523620 0.5221351 0.0265134 0.0173152
16 0.2861341 0.6468047 0.0265134 0.0173153
8 0.0848733 0.4598003 0.0265134 0.0173152
12 0.4223164 0.6468047 0.0265134 0.0173153
18 0.0848733 0.5844699 0.0265134 0.0173152
22 0.0848733 0.6468047 0.0265134 0.0173153
4 0.1523620 0.3974655 0.0265134 0.0173152
20 0.4898051 0.6468047 0.0265134 0.0173153
6 0.4898051 0.7091395 0.0265134 0.0173153
6 0.4898051 0.4598003 0.0265134 0.0173152
24 0.3548278 0.5221351 0.0265134 0.0173152
9 0.1523620 0.6468047 0.0265134 0.0173153
7 0.3548278 0.4598003 0.0265134 0.0173152
29 0.0848733 0.7091395 0.0265134 0.0173153
5 0.1523620 0.7091395 0.0265134 0.0173153
19 0.1523620 0.5844699 0.0265134 0.0173152
20 0.4223164 0.5221351 0.0265134 0.0173152
27 0.4898051 0.5221351 0.0265134 0.0173152
31 0.2861341 0.3974655 0.0265134 0.0173152
14 0.0848733 0.5221351 0.0265134 0.0173152
27 0.2198506 0.5221351 0.0265134 0.0173152
10 0.4223164 0.7091395 0.0265134 0.0173153
12 0.3548278 0.3974655 0.0265134 0.0173152
28 0.2198506 0.7091395 0.0265134 0.0173153
7 0.2861341 0.7091395 0.0265134 0.0173153
17 0.2198506 0.4598003 0.0265134 0.0173152
9 0.1523620 0.4598003 0.0265134 0.0173152
