31 0.2154414 0.7536254 0.0287154 0.0169838
15 0.2885352 0.7536254 0.0287154 0.0169838
32 0.4366805 0.5752951 0.5286242 0.4347861
33 0.4353752 0.3873408 0.4790249 0.0158516
1 0.2154414 0.4479164 0.0287154 0.0169838
27 0.2885352 0.4479164 0.0287154 0.0169838
7 0.4334174 0.4479164 0.0287154 0.0169838
5 0.5078163 0.4479164 0.0287154 0.0169838
29 0.6540038 0.4479164 0.0287154 0.0169838
23 0.5809100 0.5090582 0.0287154 0.0169838
25 0.3616289 0.5702000 0.0287154 0.0169838
34 0.5802574 0.5696339 0.0665675 0.0611418
5 0.5809100 0.5702000 0.0287154 0.0169838
10 0.2154414 0.6313418 0.0287154 0.0169838
26 0.5078163 0.6313418 0.0287154 0.0169838
16 0.5809100 0.6924836 0.0287154 0.0169838
14 0.5809100 0.7536254 0.0287154 0.0169838
4 0.6540038 0.7536254 0.0287154 0.0169838
18 0.2885352 0.6924836 0.0287154 0.0169838
15 0.2154414 0.5090582 0.0287154 0.0169838
3 0.4334174 0.7536254 0.0287154 0.0169838
8 0.2885352 0.5090582 0.0287154 0.0169838
13 0.4334174 0.6924836 0.0287154 0.0169838
25 0.3616289 0.6924836 0.0287154 0.0169838
4 0.6540038 0.5090582 0.0287154 0.0169838
20 0.4334174 0.5702000 0.0287154 0.0169838
31 0.5809100 0.4479164 0.0287154 0.0169838
24 0.3616289 0.5090582 0.0287154 0.0169838
1 0.5078163 0.5090582 0.0287154 0.0169838
16 0.5078163 0.5702000 0.0287154 0.0169838
2 0.6540038 0.6924836 0.0287154 0.0169838
16 0.4334174 0.5090582 0.0287154 0.0169838
27 0.2154414 0.5702000 0.0287154 0.0169838
17 0.3616289 0.7536254 0.0287154 0.0169838
12 0.2885352 0.5702000 0.0287154 0.0169838
24 0.3616289 0.6313418 0.0287154 0.0169838
25 0.6540038 0.5702000 0.0287154 0.0169838
15 0.5809100 0.6313418 0.0287154 0.0169838
11 0.5078163 0.7536254 0.0287154 0.0169838
29 0.5078163 0.6924836 0.0287154 0.0169838
8 0.3616289 0.4479164 0.0287154 0.0169838
31 0.2885352 0.6313418 0.0287154 0.0169838
22 0.4334174 0.6313418 0.0287154 0.0169838
1 0.2154414 0.6924836 0.0287154 0.0169838
28 0.6540038 0.6313418 0.0287154 0.0169838
