31 0.5863139 0.4114347 0.0262250 0.0174396
5 0.2525414 0.4114347 0.0262250 0.0174396
32 0.4545930 0.3538838 0.4827781 0.4464551
33 0.4534010 0.1608850 0.4374804 0.0162770
8 0.3860504 0.2858692 0.0262250 0.0174396
34 0.5189634 0.2852879 0.0631783 0.0627828
6 0.5195595 0.2858692 0.0262250 0.0174396
2 0.5195595 0.3486519 0.0262250 0.0174396
21 0.5863139 0.3486519 0.0262250 0.0174396
18 0.3192959 0.4114347 0.0262250 0.0174396
3 0.6530685 0.4114347 0.0262250 0.0174396
16 0.3192959 0.4742175 0.0262250 0.0174396
10 0.5863139 0.4742175 0.0262250 0.0174396
5 0.6530685 0.4742175 0.0262250 0.0174396
20 0.3860504 0.5370003 0.0262250 0.0174396
29 0.5195595 0.5370003 0.0262250 0.0174396
30 0.5863139 0.5370003 0.0262250 0.0174396
6 0.6530685 0.5370003 0.0262250 0.0174396
15 0.4516129 0.2858692 0.0262250 0.0174396
22 0.2525414 0.4742175 0.0262250 0.0174396
18 0.5195595 0.4114347 0.0262250 0.0174396
21 0.3860504 0.3486519 0.0262250 0.0174396
31 0.3192959 0.5370003 0.0262250 0.0174396
2 0.5195595 0.2230864 0.0262250 0.0174396
10 0.2525414 0.2858692 0.0262250 0.0174396
11 0.2525414 0.2230864 0.0262250 0.0174396
30 0.2525414 0.5370003 0.0262250 0.0174396
18 0.4516129 0.2230864 0.0262250 0.0174396
29 0.5863139 0.2230864 0.0262250 0.0174396
11 0.5863139 0.2858692 0.0262250 0.0174396
14 0.4516129 0.5370003 0.0262250 0.0174396
18 0.6530685 0.2858692 0.0262250 0.0174396
17 0.3192959 0.2230864 0.0262250 0.0174396
3 0.4516129 0.4114347 0.0262250 0.0174396
12 0.6530685 0.3486519 0.0262250 0.0174396
31 0.2525414 0.3486519 0.0262250 0.0174396
4 0.3192959 0.2858692 0.0262250 0.0174396
18 0.5195595 0.4742175 0.0262250 0.0174396
22 0.6530685 0.2230864 0.0262250 0.0174396
27 0.3860504 0.4742175 0.0262250 0.0174396
6 0.4516129 0.3486519 0.0262250 0.0174396
13 0.3860504 0.2230864 0.0262250 0.0174396
5 0.3192959 0.3486519 0.0262250 0.0174396
1 0.3860504 0.4114347 0.0262250 0.0174396
13 0.4516129 0.4742175 0.0262250 0.0174396
