26 0.6393910 0.4072480 0.0286383 0.0162031
2 0.5677954 0.2322547 0.0286383 0.0162031
32 0.6426454 0.3537778 0.5272044 0.4147990
33 0.6413437 0.1744637 0.4777383 0.0151229
34 0.4220006 0.2317146 0.0676904 0.0583311
15 0.4220006 0.2322547 0.0286383 0.0162031
3 0.4948980 0.2905858 0.0286383 0.0162031
14 0.5677954 0.2905858 0.0286383 0.0162031
12 0.7864876 0.2905858 0.0286383 0.0162031
15 0.4220006 0.3489169 0.0286383 0.0162031
13 0.4948980 0.3489169 0.0286383 0.0162031
9 0.5677954 0.3489169 0.0286383 0.0162031
16 0.6393910 0.3489169 0.0286383 0.0162031
20 0.7864876 0.3489169 0.0286383 0.0162031
27 0.5677954 0.4072480 0.0286383 0.0162031
23 0.4220006 0.5239102 0.0286383 0.0162031
30 0.4948980 0.5239102 0.0286383 0.0162031
17 0.7135902 0.5239102 0.0286382 0.0162031
8 0.7135902 0.2322547 0.0286382 0.0162031
22 0.8593849 0.2322547 0.0286382 0.0162031
14 0.7135902 0.4072480 0.0286382 0.0162031
24 0.8593849 0.3489169 0.0286382 0.0162031
16 0.7864876 0.5239102 0.0286383 0.0162031
25 0.4220006 0.2905858 0.0286383 0.0162031
28 0.5677954 0.5239102 0.0286383 0.0162031
24 0.8593849 0.4655791 0.0286382 0.0162031
7 0.7135902 0.2905858 0.0286382 0.0162031
10 0.6393910 0.2905858 0.0286383 0.0162031
20 0.7135902 0.4655791 0.0286382 0.0162031
6 0.8593849 0.2905858 0.0286382 0.0162031
22 0.6393910 0.2322547 0.0286383 0.0162031
3 0.7864876 0.4655791 0.0286383 0.0162031
26 0.8593849 0.5239102 0.0286382 0.0162031
11 0.8593849 0.4072480 0.0286382 0.0162031
19 0.4948980 0.4072480 0.0286383 0.0162031
31 0.4948980 0.2322547 0.0286383 0.0162031
19 0.4220006 0.4655791 0.0286383 0.0162031
29 0.7864876 0.2322547 0.0286383 0.0162031
1 0.7864876 0.4072480 0.0286383 0.0162031
29 0.5677954 0.4655791 0.0286383 0.0162031
27 0.6393910 0.4655791 0.0286383 0.0162031
4 0.7135902 0.3489169 0.0286382 0.0162031
1 0.6393910 0.5239102 0.0286383 0.0162031
3 0.4220006 0.4072480 0.0286383 0.0162031
4 0.4948980 0.4655791 0.0286383 0.0162031
