5 0.5084560 0.3588364 0.0274158 0.0170342
17 0.5769954 0.3588364 0.0274158 0.0170342
32 0.5801109 0.4252701 0.5046994 0.4360774
33 0.5788647 0.2367575 0.4573449 0.0158987
15 0.4386704 0.2975130 0.0274158 0.0170343
6 0.5084560 0.2975130 0.0274158 0.0170343
4 0.5769954 0.2975130 0.0274158 0.0170343
16 0.7875984 0.2975130 0.0274158 0.0170343
29 0.7178128 0.3588364 0.0274158 0.0170342
2 0.5084560 0.4201598 0.0274158 0.0170342
18 0.4386704 0.4814832 0.0274158 0.0170342
22 0.3688848 0.5428065 0.0274158 0.0170342
24 0.7178128 0.5428065 0.0274158 0.0170342
9 0.7875984 0.5428065 0.0274158 0.0170342
30 0.3688848 0.6041299 0.0274158 0.0170342
34 0.5084560 0.6035621 0.0648009 0.0613234
25 0.5084560 0.6041299 0.0274158 0.0170342
19 0.7178128 0.6041299 0.0274158 0.0170342
10 0.6480272 0.4814832 0.0274158 0.0170342
24 0.5084560 0.5428065 0.0274158 0.0170342
29 0.7875984 0.6041299 0.0274158 0.0170342
4 0.5769954 0.5428065 0.0274158 0.0170342
28 0.7178128 0.2975130 0.0274158 0.0170343
31 0.6480272 0.4201598 0.0274158 0.0170342
11 0.5769954 0.4201598 0.0274158 0.0170342
4 0.3688848 0.4814832 0.0274158 0.0170342
21 0.6480272 0.6041299 0.0274158 0.0170342
20 0.6480272 0.3588364 0.0274158 0.0170342
30 0.5769954 0.4814832 0.0274158 0.0170342
7 0.5084560 0.4814832 0.0274158 0.0170342
31 0.4386704 0.4201598 0.0274158 0.0170342
3 0.5769954 0.6041299 0.0274158 0.0170342
4 0.3688848 0.3588364 0.0274158 0.0170342
21 0.6480272 0.5428065 0.0274158 0.0170342
22 0.4386704 0.3588364 0.0274158 0.0170342
29 0.4386704 0.5428065 0.0274158 0.0170342
19 0.4386704 0.6041299 0.0274158 0.0170342
11 0.7875984 0.4201598 0.0274158 0.0170342
4 0.7875984 0.3588364 0.0274158 0.0170342
15 0.7178128 0.4201598 0.0274158 0.0170342
10 0.7178128 0.4814832 0.0274158 0.0170342
29 0.3688848 0.2975130 0.0274158 0.0170343
13 0.6480272 0.2975130 0.0274158 0.0170343
11 0.3688848 0.4201598 0.0274158 0.0170342
24 0.7875984 0.4814832 0.0274158 0.0170342
