13 0.5621532 0.3019326 0.0276764 0.0162676
3 0.2803569 0.3019326 0.0276764 0.0162676
32 0.3526930 0.3653760 0.5094978 0.4164495
33 0.3514350 0.1853484 0.4616931 0.0151830
13 0.1394587 0.2433694 0.0276764 0.0162675
23 0.4212550 0.2433694 0.0276764 0.0162675
3 0.4917041 0.3019326 0.0276764 0.0162676
27 0.1394587 0.3604958 0.0276764 0.0162676
18 0.2099078 0.3604958 0.0276764 0.0162676
16 0.1394587 0.4776222 0.0276764 0.0162676
14 0.2803569 0.4776222 0.0276764 0.0162676
11 0.4917041 0.4776222 0.0276764 0.0162676
15 0.5621532 0.4776222 0.0276764 0.0162676
5 0.2099078 0.5361854 0.0276764 0.0162676
29 0.2803569 0.5361854 0.0276764 0.0162676
30 0.3495480 0.5361854 0.0276764 0.0162676
34 0.4206260 0.5356432 0.0666750 0.0585632
16 0.4212550 0.5361854 0.0276764 0.0162676
10 0.2803569 0.2433694 0.0276764 0.0162675
8 0.2099078 0.2433694 0.0276764 0.0162675
6 0.3495480 0.3604958 0.0276764 0.0162676
30 0.4212550 0.3604958 0.0276764 0.0162676
29 0.3495480 0.4190590 0.0276764 0.0162676
4 0.4917041 0.4190590 0.0276764 0.0162676
18 0.4212550 0.4776222 0.0276764 0.0162676
7 0.1394587 0.3019326 0.0276764 0.0162676
14 0.4917041 0.5361854 0.0276764 0.0162676
6 0.2803569 0.4190590 0.0276764 0.0162676
26 0.3495480 0.3019326 0.0276764 0.0162676
1 0.5621532 0.2433694 0.0276764 0.0162675
22 0.4212550 0.3019326 0.0276764 0.0162676
24 0.4917041 0.3604958 0.0276764 0.0162676
13 0.4212550 0.4190590 0.0276764 0.0162676
5 0.3495480 0.4776222 0.0276764 0.0162676
12 0.5621532 0.4190590 0.0276764 0.0162676
20 0.5621532 0.3604958 0.0276764 0.0162676
19 0.2099078 0.4190590 0.0276764 0.0162676
21 0.5621532 0.5361854 0.0276764 0.0162676
19 0.2099078 0.3019326 0.0276764 0.0162676
1 0.1394587 0.4190590 0.0276764 0.0162676
10 0.2803569 0.3604958 0.0276764 0.0162676
28 0.2099078 0.4776222 0.0276764 0.0162676
4 0.3495480 0.2433694 0.0276764 0.0162675
12 0.1394587 0.5361854 0.0276764 0.0162676
28 0.4917041 0.2433694 0.0276764 0.0162675
