8 0.3726641 0.6558892 0.0279835 0.0172445
6 0.3027054 0.5317287 0.0279835 0.0172445
32 0.3758441 0.5989823 0.5151509 0.4414596
33 0.3745721 0.4081430 0.4668158 0.0160949
22 0.5163976 0.4696484 0.0279835 0.0172445
27 0.5876283 0.4696484 0.0279835 0.0172445
10 0.5163976 0.5317287 0.0279835 0.0172445
34 0.5876283 0.5311538 0.0661428 0.0620802
27 0.5876283 0.5317287 0.0279835 0.0172445
15 0.3726641 0.5938089 0.0279835 0.0172446
23 0.5876283 0.5938089 0.0279835 0.0172446
4 0.1602439 0.6558892 0.0279835 0.0172445
24 0.2314746 0.6558892 0.0279835 0.0172445
11 0.3027054 0.6558892 0.0279835 0.0172445
7 0.4451669 0.6558892 0.0279836 0.0172445
9 0.5876283 0.6558892 0.0279835 0.0172445
25 0.4451669 0.7179694 0.0279836 0.0172445
29 0.2314746 0.7800497 0.0279835 0.0172446
3 0.3726641 0.5317287 0.0279835 0.0172445
5 0.3027054 0.4696484 0.0279835 0.0172445
24 0.3027054 0.7179694 0.0279835 0.0172445
10 0.3726641 0.7800497 0.0279835 0.0172446
24 0.3726641 0.7179694 0.0279835 0.0172445
31 0.1602439 0.5938089 0.0279835 0.0172446
6 0.1602439 0.5317287 0.0279835 0.0172445
17 0.3726641 0.4696484 0.0279835 0.0172445
15 0.5876283 0.7800497 0.0279835 0.0172446
24 0.4451669 0.4696484 0.0279836 0.0172445
9 0.3027054 0.5938089 0.0279835 0.0172446
20 0.4451669 0.5938089 0.0279836 0.0172446
7 0.4451669 0.5317287 0.0279836 0.0172445
14 0.2314746 0.4696484 0.0279835 0.0172445
18 0.5163976 0.5938089 0.0279835 0.0172446
26 0.3027054 0.7800497 0.0279835 0.0172446
10 0.5163976 0.7800497 0.0279835 0.0172446
22 0.4451669 0.7800497 0.0279836 0.0172446
15 0.1602439 0.4696484 0.0279835 0.0172445
16 0.2314746 0.5938089 0.0279835 0.0172446
30 0.5163976 0.7179694 0.0279835 0.0172445
11 0.5163976 0.6558892 0.0279835 0.0172445
17 0.5876283 0.7179694 0.0279835 0.0172445
25 0.2314746 0.5317287 0.0279835 0.0172445
8 0.1602439 0.7800497 0.0279835 0.0172446
15 0.2314746 0.7179694 0.0279835 0.0172445
27 0.1602439 0.7179694 0.0279835 0.0172445
