17 0.5693596 0.6261983 0.0284494 0.0166160
22 0.2072771 0.4467457 0.0284493 0.0166160
32 0.4264663 0.5713656 0.5237265 0.4253691
33 0.4251731 0.3874820 0.4745867 0.0155083
5 0.5693596 0.4467457 0.0284494 0.0166160
30 0.2072771 0.5065632 0.0284493 0.0166160
7 0.4232334 0.5065632 0.0284494 0.0166160
2 0.6417760 0.5065632 0.0284494 0.0166160
22 0.5693596 0.5663807 0.0284494 0.0166160
10 0.2796936 0.6261983 0.0284493 0.0166160
19 0.3521101 0.6261983 0.0284494 0.0166160
18 0.2072771 0.6860158 0.0284493 0.0166160
34 0.3521101 0.6854620 0.0672439 0.0598175
21 0.3521101 0.6860158 0.0284494 0.0166160
3 0.4969431 0.6860158 0.0284493 0.0166160
15 0.6417760 0.6860158 0.0284494 0.0166160
23 0.2072771 0.7458333 0.0284493 0.0166160
13 0.5693596 0.7458333 0.0284494 0.0166160
6 0.6417760 0.4467457 0.0284494 0.0166160
15 0.2796936 0.6860158 0.0284493 0.0166160
29 0.6417760 0.5663807 0.0284494 0.0166160
18 0.4969431 0.6261983 0.0284493 0.0166160
19 0.4969431 0.5663807 0.0284493 0.0166160
12 0.4232334 0.6261983 0.0284494 0.0166160
1 0.2072771 0.5663807 0.0284493 0.0166160
12 0.4969431 0.7458333 0.0284493 0.0166160
5 0.6417760 0.6261983 0.0284494 0.0166160
5 0.5693596 0.5065632 0.0284494 0.0166160
8 0.2796936 0.5065632 0.0284493 0.0166160
1 0.4232334 0.7458333 0.0284494 0.0166160
26 0.3521101 0.5065632 0.0284494 0.0166160
15 0.2796936 0.5663807 0.0284493 0.0166160
19 0.4232334 0.4467457 0.0284494 0.0166160
31 0.4232334 0.5663807 0.0284494 0.0166160
15 0.3521101 0.7458333 0.0284494 0.0166160
20 0.3521101 0.4467457 0.0284494 0.0166160
19 0.6417760 0.7458333 0.0284494 0.0166160
8 0.2796936 0.7458333 0.0284493 0.0166160
1 0.4969431 0.5065632 0.0284493 0.0166160
30 0.3521101 0.5663807 0.0284494 0.0166160
27 0.2072771 0.6261983 0.0284493 0.0166160
28 0.4969431 0.4467457 0.0284493 0.0166160
5 0.2796936 0.4467457 0.0284493 0.0166160
27 0.5693596 0.6860158 0.0284494 0.0166160
19 0.4232334 0.6860158 0.0284494 0.0166160
