11 0.5781458 0.5554754 0.0266543 0.0161869
27 0.2389091 0.6720212 0.0266543 0.0161869
32 0.3764211 0.5020586 0.4906816 0.4143851
33 0.3752095 0.3229233 0.4446423 0.0151078
23 0.5781458 0.3806567 0.0266543 0.0161869
16 0.1710617 0.4972025 0.0266543 0.0161869
11 0.1710617 0.5554754 0.0266543 0.0161869
2 0.2389091 0.5554754 0.0266543 0.0161869
24 0.3067564 0.5554754 0.0266543 0.0161869
27 0.3733921 0.5554754 0.0266543 0.0161869
25 0.2389091 0.6137483 0.0266543 0.0161869
34 0.3067564 0.6132087 0.0630011 0.0582729
29 0.3067564 0.6137483 0.0266543 0.0161869
18 0.5102984 0.6137483 0.0266543 0.0161869
3 0.5781458 0.6137483 0.0266543 0.0161869
22 0.1710617 0.6720212 0.0266543 0.0161869
13 0.3067564 0.6720212 0.0266543 0.0161869
6 0.5781458 0.6720212 0.0266543 0.0161869
26 0.2389091 0.4389296 0.0266543 0.0161869
27 0.4424511 0.6137483 0.0266543 0.0161869
15 0.4424511 0.3806567 0.0266543 0.0161869
18 0.3067564 0.3806567 0.0266543 0.0161869
2 0.5102984 0.4389296 0.0266543 0.0161869
20 0.2389091 0.4972025 0.0266543 0.0161869
5 0.3733921 0.6720212 0.0266543 0.0161869
15 0.4424511 0.5554754 0.0266543 0.0161869
13 0.4424511 0.6720212 0.0266543 0.0161869
31 0.1710617 0.4389296 0.0266543 0.0161869
5 0.3733921 0.4972025 0.0266543 0.0161869
18 0.3067564 0.4389296 0.0266543 0.0161869
18 0.5781458 0.4389296 0.0266543 0.0161869
31 0.5102984 0.6720212 0.0266543 0.0161869
1 0.4424511 0.4389296 0.0266543 0.0161869
9 0.2389091 0.3806567 0.0266543 0.0161869
5 0.3733921 0.4389296 0.0266543 0.0161869
4 0.4424511 0.4972025 0.0266543 0.0161869
5 0.1710617 0.6137483 0.0266543 0.0161869
7 0.5102984 0.3806567 0.0266543 0.0161869
16 0.1710617 0.3806567 0.0266543 0.0161869
13 0.5781458 0.4972025 0.0266543 0.0161869
9 0.5102984 0.5554754 0.0266543 0.0161869
17 0.5102984 0.4972025 0.0266543 0.0161869
7 0.3733921 0.3806567 0.0266543 0.0161869
16 0.3067564 0.4972025 0.0266543 0.0161869
27 0.3733921 0.6137483 0.0266543 0.0161869
