3 0.4935384 0.4694098 0.0274231 0.0174413
14 0.1445165 0.2182544 0.0274232 0.0174413
32 0.2859951 0.3490645 0.5048353 0.4464985
33 0.2847486 0.1560469 0.4574680 0.0162786
7 0.4935384 0.2182544 0.0274231 0.0174413
30 0.4935384 0.2810433 0.0274231 0.0174413
29 0.0747122 0.3438321 0.0274232 0.0174413
8 0.2828788 0.3438321 0.0274232 0.0174413
34 0.3533064 0.3432507 0.0660649 0.0627889
8 0.3539297 0.3438321 0.0274231 0.0174413
2 0.4237341 0.3438321 0.0274231 0.0174413
22 0.4935384 0.3438321 0.0274231 0.0174413
4 0.2143209 0.4066210 0.0274232 0.0174413
24 0.2828788 0.4066210 0.0274232 0.0174413
27 0.1445165 0.4694098 0.0274232 0.0174413
10 0.1445165 0.5321987 0.0274232 0.0174414
21 0.2143209 0.5321987 0.0274232 0.0174414
14 0.4935384 0.5321987 0.0274231 0.0174414
31 0.4237341 0.2182544 0.0274231 0.0174413
15 0.2828788 0.2810433 0.0274232 0.0174413
8 0.4935384 0.4066210 0.0274231 0.0174413
3 0.4237341 0.4694098 0.0274231 0.0174413
18 0.0747122 0.4694098 0.0274232 0.0174413
31 0.2828788 0.2182544 0.0274232 0.0174413
31 0.1445165 0.3438321 0.0274232 0.0174413
20 0.2828788 0.5321987 0.0274232 0.0174414
12 0.2143209 0.3438321 0.0274232 0.0174413
25 0.3539297 0.4694098 0.0274231 0.0174413
25 0.0747122 0.2810433 0.0274232 0.0174413
24 0.3539297 0.2182544 0.0274231 0.0174413
10 0.1445165 0.4066210 0.0274232 0.0174413
6 0.2143209 0.2810433 0.0274232 0.0174413
2 0.4237341 0.2810433 0.0274231 0.0174413
5 0.2143209 0.4694098 0.0274232 0.0174413
6 0.3539297 0.2810433 0.0274231 0.0174413
15 0.0747122 0.5321987 0.0274232 0.0174414
29 0.4237341 0.5321987 0.0274231 0.0174414
14 0.2143209 0.2182544 0.0274232 0.0174413
18 0.0747122 0.4066210 0.0274232 0.0174413
13 0.3539297 0.4066210 0.0274231 0.0174413
2 0.4237341 0.4066210 0.0274231 0.0174413
26 0.3539297 0.5321987 0.0274231 0.0174414
11 0.2828788 0.4694098 0.0274232 0.0174413
13 0.0747122 0.2182544 0.0274232 0.0174413
20 0.1445165 0.2810433 0.0274232 0.0174413
