29 0.3785188 0.4871556 0.0268087 0.0161967
10 0.3114970 0.6037717 0.0268088 0.0161966
32 0.3815652 0.4337065 0.4935246 0.4146351
33 0.3803467 0.2544632 0.4472186 0.0151169
29 0.4479778 0.3122314 0.0268087 0.0161967
11 0.5844587 0.3122314 0.0268087 0.0161967
34 0.1750161 0.3699996 0.0633661 0.0583081
14 0.1750161 0.3705395 0.0268087 0.0161967
5 0.2432565 0.3705395 0.0268087 0.0161967
24 0.3114970 0.4288475 0.0268088 0.0161967
22 0.3785188 0.4288475 0.0268087 0.0161967
31 0.4479778 0.4288475 0.0268087 0.0161967
1 0.2432565 0.4871556 0.0268087 0.0161967
21 0.5844587 0.4871556 0.0268087 0.0161967
15 0.3114970 0.5454637 0.0268088 0.0161967
26 0.3785188 0.5454637 0.0268087 0.0161967
4 0.4479778 0.5454637 0.0268087 0.0161967
17 0.1750161 0.6037717 0.0268087 0.0161966
6 0.1750161 0.3122314 0.0268087 0.0161967
3 0.5162183 0.3122314 0.0268087 0.0161967
25 0.2432565 0.5454637 0.0268087 0.0161967
12 0.3785188 0.3705395 0.0268087 0.0161967
24 0.2432565 0.4288475 0.0268087 0.0161967
4 0.5162183 0.3705395 0.0268087 0.0161967
9 0.4479778 0.4871556 0.0268087 0.0161967
22 0.5162183 0.4871556 0.0268087 0.0161967
13 0.3785188 0.6037717 0.0268087 0.0161966
9 0.3114970 0.4871556 0.0268088 0.0161967
20 0.5844587 0.3705395 0.0268087 0.0161967
26 0.3114970 0.3122314 0.0268088 0.0161967
11 0.5162183 0.6037717 0.0268087 0.0161966
19 0.5162183 0.4288475 0.0268087 0.0161967
11 0.3114970 0.3705395 0.0268088 0.0161967
10 0.5844587 0.4288475 0.0268087 0.0161967
20 0.2432565 0.3122314 0.0268087 0.0161967
24 0.5844587 0.6037717 0.0268087 0.0161966
5 0.1750161 0.5454637 0.0268087 0.0161967
4 0.3785188 0.3122314 0.0268087 0.0161967
4 0.5162183 0.5454637 0.0268087 0.0161967
17 0.2432565 0.6037717 0.0268087 0.0161966
13 0.1750161 0.4871556 0.0268087 0.0161967
15 0.1750161 0.4288475 0.0268087 0.0161967
5 0.4479778 0.3705395 0.0268087 0.0161967
6 0.4479778 0.6037717 0.0268087 0.0161966
13 0.5844587 0.5454637 0.0268087 0.0161967
