4 0.3628022 0.6327238 0.0277488 0.0164639
2 0.3628022 0.4549137 0.0277488 0.0164639
32 0.4353275 0.5783929 0.5108298 0.4214758
33 0.4340662 0.3961924 0.4629001 0.0153663
31 0.2921690 0.4549137 0.0277488 0.0164639
34 0.2215357 0.5136349 0.0655880 0.0592700
8 0.2215357 0.5141838 0.0277488 0.0164639
6 0.2921690 0.5141838 0.0277488 0.0164639
29 0.3628022 0.5141838 0.0277488 0.0164639
24 0.5747020 0.5141838 0.0277488 0.0164639
3 0.2921690 0.5734538 0.0277488 0.0164639
27 0.3628022 0.5734538 0.0277488 0.0164639
5 0.4321742 0.5734538 0.0277488 0.0164639
11 0.5040687 0.5734538 0.0277488 0.0164639
10 0.3628022 0.6919938 0.0277488 0.0164639
20 0.6453352 0.6919938 0.0277487 0.0164639
15 0.2921690 0.7512638 0.0277488 0.0164639
21 0.6453352 0.7512638 0.0277487 0.0164639
8 0.5040687 0.6919938 0.0277488 0.0164639
13 0.5747020 0.7512638 0.0277488 0.0164639
20 0.5747020 0.6327238 0.0277488 0.0164639
16 0.2215357 0.7512638 0.0277488 0.0164639
28 0.5040687 0.4549137 0.0277488 0.0164639
8 0.4321742 0.6919938 0.0277488 0.0164639
5 0.2921690 0.6919938 0.0277488 0.0164639
6 0.5747020 0.5734538 0.0277488 0.0164639
30 0.2215357 0.6327238 0.0277488 0.0164639
18 0.2215357 0.5734538 0.0277488 0.0164639
22 0.5040687 0.7512638 0.0277488 0.0164639
13 0.2921690 0.6327238 0.0277488 0.0164639
21 0.6453352 0.4549137 0.0277487 0.0164639
13 0.6453352 0.6327238 0.0277487 0.0164639
24 0.6453352 0.5141838 0.0277487 0.0164639
4 0.2215357 0.4549137 0.0277488 0.0164639
8 0.2215357 0.6919938 0.0277488 0.0164639
2 0.3628022 0.7512638 0.0277488 0.0164639
31 0.4321742 0.4549137 0.0277488 0.0164639
29 0.4321742 0.7512638 0.0277488 0.0164639
12 0.4321742 0.6327238 0.0277488 0.0164639
16 0.6453352 0.5734538 0.0277487 0.0164639
17 0.5747020 0.6919938 0.0277488 0.0164639
8 0.5747020 0.4549137 0.0277488 0.0164639
2 0.5040687 0.5141838 0.0277488 0.0164639
24 0.5040687 0.6327238 0.0277488 0.0164639
5 0.4321742 0.5141838 0.0277488 0.0164639
