6 0.3325406 0.5218199 0.0281993 0.0162006
21 0.4043208 0.5801419 0.0281993 0.0162006
32 0.4780236 0.5850021 0.5191243 0.4147342
33 0.4767418 0.4057159 0.4704164 0.0151205
18 0.4043208 0.4634979 0.0281993 0.0162006
7 0.5478811 0.4634979 0.0281993 0.0162006
34 0.4043208 0.5212799 0.0666530 0.0583220
21 0.4043208 0.5218199 0.0281993 0.0162006
9 0.6914413 0.5218199 0.0281994 0.0162006
21 0.4748191 0.5801419 0.0281993 0.0162006
17 0.6196613 0.5801419 0.0281993 0.0162006
6 0.4043208 0.6384639 0.0281993 0.0162006
26 0.2607604 0.6967859 0.0281993 0.0162006
8 0.5478811 0.6967859 0.0281993 0.0162006
19 0.3325406 0.7551079 0.0281993 0.0162005
30 0.4043208 0.7551079 0.0281993 0.0162005
13 0.5478811 0.7551079 0.0281993 0.0162005
11 0.6914413 0.7551079 0.0281994 0.0162005
28 0.6196613 0.4634979 0.0281993 0.0162006
6 0.2607604 0.6384639 0.0281993 0.0162006
29 0.6914413 0.5801419 0.0281994 0.0162006
3 0.4043208 0.6967859 0.0281993 0.0162006
16 0.5478811 0.5801419 0.0281993 0.0162006
17 0.5478811 0.5218199 0.0281993 0.0162006
5 0.6914413 0.4634979 0.0281994 0.0162006
22 0.4748191 0.6384639 0.0281993 0.0162006
2 0.2607604 0.4634979 0.0281993 0.0162006
30 0.2607604 0.7551079 0.0281993 0.0162005
20 0.5478811 0.6384639 0.0281993 0.0162006
25 0.6196613 0.5218199 0.0281993 0.0162006
9 0.3325406 0.6967859 0.0281993 0.0162006
28 0.6914413 0.6384639 0.0281994 0.0162006
2 0.3325406 0.6384639 0.0281993 0.0162006
10 0.3325406 0.4634979 0.0281993 0.0162006
4 0.4748191 0.7551079 0.0281993 0.0162005
21 0.2607604 0.5218199 0.0281993 0.0162006
1 0.2607604 0.5801419 0.0281993 0.0162006
25 0.6914413 0.6967859 0.0281994 0.0162006
1 0.3325406 0.5801419 0.0281993 0.0162006
7 0.4748191 0.5218199 0.0281993 0.0162006
16 0.4748191 0.4634979 0.0281993 0.0162006
20 0.6196613 0.6384639 0.0281993 0.0162006
18 0.4748191 0.6967859 0.0281993 0.0162006
30 0.6196613 0.6967859 0.0281993 0.0162006
26 0.6196613 0.7551079 0.0281993 0.0162005
