15 0.1173228 0.7311863 0.0274224 0.0168389
27 0.0475203 0.7311863 0.0274224 0.0168389
32 0.2587975 0.6149976 0.5048218 0.4310772
33 0.2575511 0.4286464 0.4574558 0.0157164
34 0.0475203 0.5487643 0.0648166 0.0606202
27 0.0475203 0.5493256 0.0274224 0.0168389
16 0.1173228 0.5493256 0.0274224 0.0168389
1 0.1871253 0.5493256 0.0274224 0.0168389
24 0.3267303 0.5493256 0.0274224 0.0168389
30 0.4663354 0.6099459 0.0274224 0.0168389
2 0.0475203 0.6705661 0.0274224 0.0168390
22 0.3267303 0.6705661 0.0274224 0.0168390
18 0.3965329 0.6705661 0.0274224 0.0168390
21 0.4663354 0.6705661 0.0274224 0.0168390
13 0.4663354 0.7311863 0.0274224 0.0168389
19 0.1173228 0.7918066 0.0274224 0.0168389
9 0.4663354 0.7918066 0.0274224 0.0168389
24 0.2556813 0.7311863 0.0274224 0.0168389
26 0.2556813 0.7918066 0.0274224 0.0168389
5 0.3965329 0.5493256 0.0274224 0.0168389
2 0.3965329 0.6099459 0.0274224 0.0168389
6 0.2556813 0.6705661 0.0274224 0.0168390
15 0.2556813 0.5493256 0.0274224 0.0168389
15 0.3965329 0.4887054 0.0274224 0.0168390
19 0.2556813 0.6099459 0.0274224 0.0168389
12 0.1871253 0.6705661 0.0274224 0.0168390
1 0.3965329 0.7918066 0.0274224 0.0168389
4 0.0475203 0.7918066 0.0274224 0.0168389
9 0.4663354 0.4887054 0.0274224 0.0168390
18 0.0475203 0.6099459 0.0274224 0.0168389
27 0.4663354 0.5493256 0.0274224 0.0168389
19 0.1871253 0.7918066 0.0274224 0.0168389
3 0.1173228 0.6705661 0.0274224 0.0168390
12 0.1871253 0.6099459 0.0274224 0.0168389
16 0.1871253 0.4887054 0.0274224 0.0168390
26 0.1173228 0.6099459 0.0274224 0.0168389
4 0.2556813 0.4887054 0.0274224 0.0168390
24 0.1173228 0.4887054 0.0274224 0.0168390
31 0.1871253 0.7311863 0.0274224 0.0168389
25 0.0475203 0.4887054 0.0274224 0.0168390
1 0.3267303 0.4887054 0.0274224 0.0168390
17 0.3267303 0.7918066 0.0274224 0.0168389
11 0.3267303 0.6099459 0.0274224 0.0168389
29 0.3267303 0.7311863 0.0274224 0.0168389
11 0.3965329 0.7311863 0.0274224 0.0168389
