30 0.5222615 0.5472972 0.0282110 0.0158749
29 0.5927889 0.3186979 0.0282110 0.0158749
32 0.5959947 0.4377601 0.5193384 0.4063987
33 0.5947124 0.2620773 0.4706104 0.0148166
16 0.4504517 0.3186979 0.0282110 0.0158749
27 0.5222615 0.3186979 0.0282110 0.0158749
5 0.6658810 0.3186979 0.0282109 0.0158749
34 0.7370496 0.3181688 0.0653983 0.0571498
8 0.7376907 0.3186979 0.0282111 0.0158749
24 0.4504517 0.3758477 0.0282110 0.0158750
1 0.5222615 0.4329976 0.0282110 0.0158750
22 0.8095005 0.4329976 0.0282109 0.0158750
12 0.3786420 0.4901474 0.0282109 0.0158750
30 0.6658810 0.4901474 0.0282109 0.0158750
17 0.5927889 0.5472972 0.0282110 0.0158749
13 0.8095005 0.5472972 0.0282109 0.0158749
8 0.6658810 0.6044470 0.0282109 0.0158750
31 0.8095005 0.3758477 0.0282109 0.0158750
4 0.7376907 0.4329976 0.0282111 0.0158750
9 0.6658810 0.5472972 0.0282109 0.0158749
16 0.7376907 0.4901474 0.0282111 0.0158750
6 0.3786420 0.5472972 0.0282109 0.0158749
29 0.5927889 0.4329976 0.0282110 0.0158750
14 0.8095005 0.6044470 0.0282109 0.0158750
30 0.5927889 0.6044470 0.0282110 0.0158750
24 0.5927889 0.4901474 0.0282110 0.0158750
3 0.4504517 0.4901474 0.0282110 0.0158750
1 0.6658810 0.4329976 0.0282109 0.0158750
16 0.5222615 0.3758477 0.0282110 0.0158750
19 0.3786420 0.3758477 0.0282109 0.0158750
12 0.3786420 0.4329976 0.0282109 0.0158750
4 0.3786420 0.6044470 0.0282109 0.0158750
21 0.4504517 0.6044470 0.0282110 0.0158750
17 0.7376907 0.5472972 0.0282111 0.0158749
25 0.7376907 0.3758477 0.0282111 0.0158750
8 0.5222615 0.6044470 0.0282110 0.0158750
16 0.6658810 0.3758477 0.0282109 0.0158750
25 0.8095005 0.3186979 0.0282109 0.0158749
17 0.7376907 0.6044470 0.0282111 0.0158750
29 0.4504517 0.4329976 0.0282110 0.0158750
27 0.5222615 0.4901474 0.0282110 0.0158750
11 0.3786420 0.3186979 0.0282109 0.0158749
26 0.4504517 0.5472972 0.0282110 0.0158749
13 0.8095005 0.4901474 0.0282109 0.0158750
10 0.5927889 0.3758477 0.0282110 0.0158750
