14 0.6166169 0.4102324 0.0278838 0.0165380
31 0.5443724 0.6483797 0.0278838 0.0165380
32 0.5475411 0.4747306 0.5133157 0.4233730
33 0.5462737 0.2917100 0.4651527 0.0154355
1 0.3327090 0.3506956 0.0278838 0.0165380
12 0.4746629 0.3506956 0.0278838 0.0165380
24 0.5443724 0.3506956 0.0278838 0.0165380
31 0.6166169 0.3506956 0.0278838 0.0165380
23 0.3327090 0.4697693 0.0278838 0.0165380
27 0.4746629 0.4697693 0.0278838 0.0165380
20 0.6875938 0.4697693 0.0278838 0.0165380
34 0.7585709 0.4692180 0.0659071 0.0595369
24 0.7585709 0.4697693 0.0278838 0.0165380
22 0.4036860 0.5293061 0.0278838 0.0165380
13 0.4746629 0.5293061 0.0278838 0.0165380
26 0.4746629 0.5888429 0.0278838 0.0165380
25 0.6166169 0.6483797 0.0278838 0.0165380
17 0.6166169 0.4697693 0.0278838 0.0165380
29 0.4746629 0.6483797 0.0278838 0.0165380
6 0.6875938 0.4102324 0.0278838 0.0165380
6 0.7585709 0.5888429 0.0278838 0.0165380
19 0.6166169 0.5293061 0.0278838 0.0165380
11 0.6166169 0.5888429 0.0278838 0.0165380
4 0.3327090 0.5888429 0.0278838 0.0165380
5 0.6875938 0.6483797 0.0278838 0.0165380
31 0.6875938 0.5293061 0.0278838 0.0165380
30 0.4036860 0.5888429 0.0278838 0.0165380
21 0.3327090 0.5293061 0.0278838 0.0165380
11 0.4036860 0.4697693 0.0278838 0.0165380
26 0.5443724 0.5293061 0.0278838 0.0165380
14 0.3327090 0.6483797 0.0278838 0.0165380
29 0.6875938 0.5888429 0.0278838 0.0165380
31 0.4746629 0.4102324 0.0278838 0.0165380
31 0.4036860 0.4102324 0.0278838 0.0165380
25 0.5443724 0.5888429 0.0278838 0.0165380
26 0.7585709 0.5293061 0.0278838 0.0165380
17 0.6875938 0.3506956 0.0278838 0.0165380
16 0.4036860 0.3506956 0.0278838 0.0165380
17 0.5443724 0.4102324 0.0278838 0.0165380
2 0.3327090 0.4102324 0.0278838 0.0165380
30 0.4036860 0.6483797 0.0278838 0.0165380
12 0.7585709 0.3506956 0.0278838 0.0165380
24 0.7585709 0.4102324 0.0278838 0.0165380
26 0.5443724 0.4697693 0.0278838 0.0165380
10 0.7585709 0.6483797 0.0278838 0.0165380
