24 0.3742768 0.3527991 0.0283205 0.0158742
17 0.3742768 0.4670930 0.0283205 0.0158742
32 0.4482965 0.3575613 0.5213557 0.4063783
33 0.4470092 0.1818873 0.4724385 0.0148159
22 0.2300994 0.2385051 0.0283206 0.0158742
16 0.6626317 0.2385051 0.0283205 0.0158742
14 0.3742768 0.2956521 0.0283205 0.0158742
23 0.5905429 0.2956521 0.0283205 0.0158742
6 0.3021881 0.3527991 0.0283206 0.0158742
7 0.6626317 0.3527991 0.0283205 0.0158742
27 0.3021881 0.4099460 0.0283206 0.0158742
20 0.4450782 0.4099460 0.0283205 0.0158742
26 0.5905429 0.4099460 0.0283205 0.0158742
19 0.3021881 0.5242399 0.0283206 0.0158742
21 0.3742768 0.5242399 0.0283205 0.0158742
34 0.6626317 0.5237108 0.0669395 0.0571469
2 0.6626317 0.5242399 0.0283205 0.0158742
28 0.4450782 0.3527991 0.0283205 0.0158742
19 0.2300994 0.4670930 0.0283206 0.0158742
16 0.6626317 0.2956521 0.0283205 0.0158742
5 0.4450782 0.4670930 0.0283205 0.0158742
30 0.5184542 0.2956521 0.0283205 0.0158742
6 0.5905429 0.4670930 0.0283205 0.0158742
10 0.2300994 0.2956521 0.0283206 0.0158742
11 0.3742768 0.4099460 0.0283205 0.0158742
12 0.3021881 0.2956521 0.0283206 0.0158742
28 0.3021881 0.2385051 0.0283206 0.0158742
28 0.5184542 0.4099460 0.0283205 0.0158742
28 0.2300994 0.3527991 0.0283206 0.0158742
27 0.3742768 0.2385051 0.0283205 0.0158742
14 0.4450782 0.2956521 0.0283205 0.0158742
2 0.5184542 0.4670930 0.0283205 0.0158742
28 0.6626317 0.4670930 0.0283205 0.0158742
9 0.5184542 0.5242399 0.0283205 0.0158742
1 0.2300994 0.5242399 0.0283206 0.0158742
24 0.2300994 0.4099460 0.0283206 0.0158742
14 0.4450782 0.2385051 0.0283205 0.0158742
12 0.4450782 0.5242399 0.0283205 0.0158742
18 0.5905429 0.2385051 0.0283205 0.0158742
8 0.5184542 0.3527991 0.0283205 0.0158742
29 0.3021881 0.4670930 0.0283206 0.0158742
18 0.6626317 0.4099460 0.0283205 0.0158742
10 0.5905429 0.5242399 0.0283205 0.0158742
25 0.5184542 0.2385051 0.0283205 0.0158742
10 0.5905429 0.3527991 0.0283205 0.0158742
