13 0.2542874 0.6660059 0.0287594 0.0158740
20 0.2542874 0.7231524 0.0287594 0.0158741
32 0.3294541 0.6136216 0.5294350 0.4063753
33 0.3281468 0.4379489 0.4797597 0.0148158
21 0.1810815 0.4945663 0.0287594 0.0158740
25 0.2542874 0.4945663 0.0287594 0.0158740
20 0.4739049 0.4945663 0.0287594 0.0158740
11 0.5471107 0.4945663 0.0287594 0.0158740
2 0.2542874 0.6088593 0.0287594 0.0158740
17 0.4739049 0.6088593 0.0287594 0.0158740
13 0.4006990 0.6660059 0.0287594 0.0158740
34 0.1804279 0.7226232 0.0666696 0.0571465
16 0.1810815 0.7231524 0.0287594 0.0158741
6 0.3261860 0.7231524 0.0287594 0.0158741
5 0.4006990 0.7231524 0.0287594 0.0158741
30 0.4739049 0.7231524 0.0287594 0.0158741
9 0.2542874 0.7802989 0.0287594 0.0158740
15 0.3261860 0.6088593 0.0287594 0.0158740
25 0.2542874 0.5517128 0.0287594 0.0158741
27 0.1810815 0.6660059 0.0287594 0.0158740
5 0.3261860 0.6660059 0.0287594 0.0158740
2 0.5471107 0.6088593 0.0287594 0.0158740
26 0.4006990 0.7802989 0.0287594 0.0158740
1 0.5471107 0.6660059 0.0287594 0.0158740
5 0.5471107 0.7231524 0.0287594 0.0158741
20 0.4006990 0.5517128 0.0287594 0.0158741
16 0.1810815 0.5517128 0.0287594 0.0158741
5 0.4739049 0.5517128 0.0287594 0.0158741
2 0.1078757 0.7802989 0.0287594 0.0158740
7 0.5471107 0.5517128 0.0287594 0.0158741
8 0.5471107 0.7802989 0.0287594 0.0158740
26 0.1078757 0.7231524 0.0287594 0.0158741
24 0.1078757 0.6660059 0.0287594 0.0158740
14 0.4006990 0.4945663 0.0287594 0.0158740
24 0.3261860 0.4945663 0.0287594 0.0158740
18 0.1810815 0.6088593 0.0287594 0.0158740
31 0.1810815 0.7802989 0.0287594 0.0158740
29 0.4006990 0.6088593 0.0287594 0.0158740
5 0.4739049 0.7802989 0.0287594 0.0158740
29 0.3261860 0.7802989 0.0287594 0.0158740
27 0.1078757 0.4945663 0.0287594 0.0158740
15 0.1078757 0.5517128 0.0287594 0.0158741
12 0.1078757 0.6088593 0.0287594 0.0158740
25 0.4739049 0.6660059 0.0287594 0.0158740
30 0.3261860 0.5517128 0.0287594 0.0158741
