20 0.4263034 0.5627443 0.0273492 0.0167068
8 0.7047679 0.6228889 0.0273492 0.0167068
32 0.4977843 0.4474673 0.5034739 0.4276945
33 0.4965411 0.2625786 0.4562343 0.0155930
22 0.2870711 0.3221662 0.0273492 0.0167068
27 0.4263034 0.3221662 0.0273492 0.0167068
8 0.6351518 0.3221662 0.0273492 0.0167068
17 0.4946764 0.3823107 0.0273492 0.0167068
14 0.5655357 0.3823107 0.0273492 0.0167068
6 0.3566872 0.4424552 0.0273492 0.0167068
34 0.3560657 0.5020429 0.0634004 0.0601445
26 0.3566872 0.5025998 0.0273492 0.0167068
25 0.4263034 0.5025998 0.0273492 0.0167068
20 0.5655357 0.5025998 0.0273492 0.0167068
10 0.6351518 0.5025998 0.0273492 0.0167068
29 0.5655357 0.5627443 0.0273492 0.0167068
7 0.5655357 0.6228889 0.0273492 0.0167068
22 0.4946764 0.5627443 0.0273492 0.0167068
7 0.7047679 0.4424552 0.0273492 0.0167068
5 0.2870711 0.4424552 0.0273492 0.0167068
3 0.2870711 0.6228889 0.0273492 0.0167068
20 0.4946764 0.3221662 0.0273492 0.0167068
5 0.4946764 0.4424552 0.0273492 0.0167068
20 0.3566872 0.6228889 0.0273492 0.0167068
1 0.3566872 0.3221662 0.0273492 0.0167068
16 0.5655357 0.4424552 0.0273492 0.0167068
30 0.4263034 0.6228889 0.0273492 0.0167068
28 0.4946764 0.5025998 0.0273492 0.0167068
11 0.4946764 0.6228889 0.0273492 0.0167068
8 0.4263034 0.4424552 0.0273492 0.0167068
27 0.4263034 0.3823107 0.0273492 0.0167068
13 0.6351518 0.5627443 0.0273492 0.0167068
2 0.2870711 0.3823107 0.0273492 0.0167068
10 0.5655357 0.3221662 0.0273492 0.0167068
22 0.7047679 0.5627443 0.0273492 0.0167068
5 0.7047679 0.5025998 0.0273492 0.0167068
7 0.3566872 0.3823107 0.0273492 0.0167068
6 0.6351518 0.3823107 0.0273492 0.0167068
31 0.6351518 0.6228889 0.0273492 0.0167068
29 0.7047679 0.3823107 0.0273492 0.0167068
5 0.3566872 0.5627443 0.0273492 0.0167068
12 0.7047679 0.3221662 0.0273492 0.0167068
21 0.6351518 0.4424552 0.0273492 0.0167068
21 0.2870711 0.5627443 0.0273492 0.0167068
26 0.2870711 0.5025998 0.0273492 0.0167068
