10 0.6428392 0.5014686 0.0261389 0.0172942
31 0.3766982 0.5637276 0.0261388 0.0172942
32 0.4450156 0.5689159 0.4811925 0.4427306
33 0.4438275 0.3775271 0.4360435 0.0161412
1 0.3766982 0.4392096 0.0261388 0.0172942
10 0.4420453 0.4392096 0.0261388 0.0172942
2 0.5097687 0.4392096 0.0261388 0.0172942
20 0.5763040 0.4392096 0.0261388 0.0172942
18 0.3101630 0.5014686 0.0261389 0.0172942
23 0.2436277 0.5637276 0.0261388 0.0172942
5 0.4420453 0.5637276 0.0261388 0.0172942
34 0.4420453 0.6876691 0.0617828 0.0622590
24 0.4420453 0.6882456 0.0261388 0.0172942
13 0.5763040 0.6882456 0.0261388 0.0172942
7 0.6428392 0.6882456 0.0261389 0.0172942
8 0.5097687 0.7505046 0.0261388 0.0172941
31 0.5763040 0.7505046 0.0261388 0.0172941
29 0.2436277 0.5014686 0.0261388 0.0172942
4 0.3766982 0.5014686 0.0261388 0.0172942
20 0.4420453 0.7505046 0.0261388 0.0172941
26 0.6428392 0.5637276 0.0261389 0.0172942
16 0.6428392 0.6259866 0.0261389 0.0172942
31 0.3766982 0.7505046 0.0261388 0.0172941
28 0.4420453 0.5014686 0.0261388 0.0172942
5 0.2436277 0.4392096 0.0261388 0.0172942
29 0.4420453 0.6259866 0.0261388 0.0172942
19 0.5097687 0.6259866 0.0261388 0.0172942
15 0.2436277 0.6259866 0.0261388 0.0172942
10 0.3101630 0.5637276 0.0261389 0.0172942
26 0.5763040 0.5014686 0.0261388 0.0172942
5 0.3101630 0.6259866 0.0261389 0.0172942
9 0.3766982 0.6259866 0.0261388 0.0172942
17 0.3766982 0.6882456 0.0261388 0.0172942
31 0.5097687 0.5014686 0.0261388 0.0172942
3 0.2436277 0.7505046 0.0261388 0.0172941
3 0.5097687 0.5637276 0.0261388 0.0172942
8 0.6428392 0.4392096 0.0261389 0.0172942
7 0.3101630 0.6882456 0.0261389 0.0172942
19 0.5097687 0.6882456 0.0261388 0.0172942
16 0.5763040 0.5637276 0.0261388 0.0172942
14 0.2436277 0.6882456 0.0261388 0.0172942
6 0.3101630 0.7505046 0.0261389 0.0172941
15 0.6428392 0.7505046 0.0261389 0.0172941
2 0.5763040 0.6259866 0.0261388 0.0172942
8 0.3101630 0.4392096 0.0261389 0.0172942
