17 0.5191705 0.6310622 0.0275731 0.0169123
1 0.4502377 0.5092936 0.0275732 0.0169124
32 0.5223038 0.4534830 0.5075962 0.4329551
33 0.5210505 0.2663201 0.4599699 0.0157848
3 0.5191705 0.3266407 0.0275731 0.0169123
27 0.5191705 0.3875250 0.0275731 0.0169123
10 0.4502377 0.4484093 0.0275732 0.0169123
5 0.5191705 0.4484093 0.0275731 0.0169123
26 0.3098654 0.5092936 0.0275731 0.0169124
12 0.3800516 0.5092936 0.0275731 0.0169124
7 0.3098654 0.5701779 0.0275731 0.0169123
31 0.5906100 0.5701779 0.0275731 0.0169123
16 0.3800516 0.6310622 0.0275731 0.0169123
21 0.4502377 0.6310622 0.0275732 0.0169123
34 0.5899833 0.6304985 0.0664262 0.0608843
27 0.5906100 0.6310622 0.0275731 0.0169123
13 0.7309823 0.6310622 0.0275731 0.0169123
19 0.3098654 0.3266407 0.0275731 0.0169123
22 0.3098654 0.3875250 0.0275731 0.0169123
17 0.6607961 0.4484093 0.0275731 0.0169123
11 0.7309823 0.3875250 0.0275731 0.0169123
13 0.3800516 0.3875250 0.0275731 0.0169123
26 0.5906100 0.4484093 0.0275731 0.0169123
11 0.6607961 0.6310622 0.0275731 0.0169123
20 0.6607961 0.5701779 0.0275731 0.0169123
2 0.5906100 0.5092936 0.0275731 0.0169124
29 0.5191705 0.5701779 0.0275731 0.0169123
31 0.7309823 0.3266407 0.0275731 0.0169123
24 0.3800516 0.5701779 0.0275731 0.0169123
15 0.7309823 0.5701779 0.0275731 0.0169123
3 0.3098654 0.6310622 0.0275731 0.0169123
2 0.5191705 0.5092936 0.0275731 0.0169124
27 0.6607961 0.5092936 0.0275731 0.0169124
29 0.3800516 0.3266407 0.0275731 0.0169123
22 0.7309823 0.5092936 0.0275731 0.0169124
24 0.5906100 0.3266407 0.0275731 0.0169123
15 0.5906100 0.3875250 0.0275731 0.0169123
19 0.7309823 0.4484093 0.0275731 0.0169123
30 0.3098654 0.4484093 0.0275731 0.0169123
5 0.4502377 0.5701779 0.0275732 0.0169123
13 0.6607961 0.3875250 0.0275731 0.0169123
29 0.6607961 0.3266407 0.0275731 0.0169123
30 0.3800516 0.4484093 0.0275731 0.0169123
2 0.4502377 0.3875250 0.0275732 0.0169123
30 0.4502377 0.3266407 0.0275732 0.0169123
