31 0.5349942 0.6058414 0.0287743 0.0159648
9 0.3885067 0.4908950 0.0287743 0.0159648
32 0.6101998 0.4956845 0.5297091 0.4086980
33 0.6088919 0.3190077 0.4800080 0.0149004
4 0.6069300 0.3759488 0.0287743 0.0159648
12 0.6814816 0.3759488 0.0287743 0.0159648
34 0.8279691 0.3754166 0.0680121 0.0574732
19 0.8279691 0.3759488 0.0287744 0.0159648
24 0.3885067 0.4334219 0.0287743 0.0159648
20 0.6069300 0.4334219 0.0287743 0.0159648
25 0.7547253 0.4334219 0.0287743 0.0159648
10 0.4617504 0.4908950 0.0287743 0.0159648
2 0.5349942 0.5483682 0.0287743 0.0159648
15 0.7547253 0.5483682 0.0287743 0.0159648
17 0.6069300 0.6633145 0.0287743 0.0159648
13 0.6814816 0.6633145 0.0287743 0.0159648
1 0.7547253 0.6633145 0.0287743 0.0159648
27 0.8279691 0.5483682 0.0287744 0.0159648
28 0.4617504 0.6058414 0.0287743 0.0159648
3 0.5349942 0.4908950 0.0287743 0.0159648
1 0.8279691 0.6058414 0.0287744 0.0159648
18 0.8279691 0.6633145 0.0287744 0.0159648
12 0.3885067 0.3759488 0.0287743 0.0159648
3 0.8279691 0.4334219 0.0287744 0.0159648
30 0.3885067 0.6633145 0.0287743 0.0159648
19 0.4617504 0.3759488 0.0287743 0.0159648
18 0.7547253 0.4908950 0.0287743 0.0159648
14 0.6814816 0.6058414 0.0287743 0.0159648
19 0.4617504 0.5483682 0.0287743 0.0159648
2 0.3885067 0.5483682 0.0287743 0.0159648
7 0.6069300 0.5483682 0.0287743 0.0159648
30 0.5349942 0.6633145 0.0287743 0.0159648
9 0.4617504 0.4334219 0.0287743 0.0159648
8 0.4617504 0.6633145 0.0287743 0.0159648
16 0.8279691 0.4908950 0.0287744 0.0159648
5 0.6814816 0.4908950 0.0287743 0.0159648
6 0.7547253 0.3759488 0.0287743 0.0159648
3 0.6814816 0.4334219 0.0287743 0.0159648
9 0.6814816 0.5483682 0.0287743 0.0159648
12 0.5349942 0.4334219 0.0287743 0.0159648
9 0.6069300 0.6058414 0.0287743 0.0159648
19 0.7547253 0.6058414 0.0287743 0.0159648
27 0.3885067 0.6058414 0.0287743 0.0159648
3 0.5349942 0.3759488 0.0287743 0.0159648
7 0.6069300 0.4908950 0.0287743 0.0159648
