15 0.2684224 0.7328560 0.0271221 0.0164262
28 0.5445745 0.6145877 0.0271221 0.0164261
32 0.4773857 0.6195155 0.4992929 0.4205098
33 0.4761529 0.4377326 0.4524456 0.0153311
11 0.2684224 0.4963192 0.0271221 0.0164262
22 0.4064985 0.4963192 0.0271221 0.0164262
14 0.6826506 0.4963192 0.0271221 0.0164262
34 0.5439581 0.5549059 0.0653396 0.0591342
7 0.5445745 0.5554534 0.0271221 0.0164262
6 0.6136125 0.6145877 0.0271221 0.0164261
2 0.6826506 0.6145877 0.0271221 0.0164261
23 0.3374604 0.7328560 0.0271221 0.0164262
8 0.6826506 0.7328560 0.0271221 0.0164262
26 0.2684224 0.7919902 0.0271221 0.0164262
18 0.3374604 0.7919902 0.0271221 0.0164262
19 0.4743037 0.7919902 0.0271220 0.0164262
3 0.5445745 0.7919902 0.0271221 0.0164262
9 0.6136125 0.5554534 0.0271221 0.0164262
3 0.5445745 0.4963192 0.0271221 0.0164262
20 0.6826506 0.6737218 0.0271221 0.0164261
20 0.6136125 0.7919902 0.0271221 0.0164262
2 0.5445745 0.6737218 0.0271221 0.0164261
18 0.2684224 0.5554534 0.0271221 0.0164262
28 0.4743037 0.4963192 0.0271220 0.0164262
29 0.3374604 0.4963192 0.0271221 0.0164262
29 0.5445745 0.7328560 0.0271221 0.0164262
11 0.4743037 0.7328560 0.0271220 0.0164262
31 0.4743037 0.5554534 0.0271220 0.0164262
28 0.4064985 0.6737218 0.0271221 0.0164261
21 0.6136125 0.4963192 0.0271221 0.0164262
18 0.6136125 0.6737218 0.0271221 0.0164261
31 0.4064985 0.7919902 0.0271221 0.0164262
27 0.4743037 0.6737218 0.0271220 0.0164261
24 0.2684224 0.6737218 0.0271221 0.0164261
18 0.4064985 0.7328560 0.0271221 0.0164262
18 0.2684224 0.6145877 0.0271221 0.0164261
27 0.3374604 0.5554534 0.0271221 0.0164262
26 0.3374604 0.6145877 0.0271221 0.0164261
3 0.6136125 0.7328560 0.0271221 0.0164262
27 0.6826506 0.5554534 0.0271221 0.0164262
17 0.4743037 0.6145877 0.0271220 0.0164261
14 0.6826506 0.7919902 0.0271221 0.0164262
9 0.4064985 0.5554534 0.0271221 0.0164262
28 0.4064985 0.6145877 0.0271221 0.0164261
25 0.3374604 0.6737218 0.0271221 0.0164261
