20 0.4858126 0.4406528 0.0282214 0.0159795
5 0.1984679 0.5557055 0.0282214 0.0159795
32 0.4159007 0.5029730 0.5195296 0.4090763
33 0.4146178 0.3261327 0.4707835 0.0149142
20 0.2703041 0.3831264 0.0282214 0.0159795
34 0.4851712 0.3825938 0.0679878 0.0575263
13 0.4858126 0.3831264 0.0282214 0.0159795
17 0.2703041 0.4406528 0.0282214 0.0159795
23 0.1984679 0.4981791 0.0282214 0.0159795
1 0.4126937 0.4981791 0.0282214 0.0159795
13 0.4858126 0.4981791 0.0282214 0.0159795
6 0.5576488 0.5557055 0.0282214 0.0159795
11 0.6294850 0.5557055 0.0282214 0.0159795
5 0.2703041 0.6132319 0.0282214 0.0159795
25 0.4126937 0.6132319 0.0282214 0.0159795
9 0.2703041 0.6707582 0.0282214 0.0159795
19 0.6294850 0.6707582 0.0282214 0.0159795
5 0.2703041 0.5557055 0.0282214 0.0159795
12 0.3421403 0.4406528 0.0282213 0.0159795
6 0.5576488 0.3831264 0.0282214 0.0159795
22 0.3421403 0.4981791 0.0282213 0.0159795
12 0.1984679 0.6132319 0.0282214 0.0159795
11 0.5576488 0.4406528 0.0282214 0.0159795
5 0.1984679 0.4406528 0.0282214 0.0159795
1 0.4126937 0.4406528 0.0282214 0.0159795
14 0.3421403 0.5557055 0.0282213 0.0159795
25 0.3421403 0.3831264 0.0282213 0.0159795
4 0.4858126 0.5557055 0.0282214 0.0159795
24 0.1984679 0.6707582 0.0282214 0.0159795
25 0.2703041 0.4981791 0.0282214 0.0159795
11 0.3421403 0.6132319 0.0282213 0.0159795
9 0.5576488 0.6132319 0.0282214 0.0159795
11 0.6294850 0.4981791 0.0282214 0.0159795
22 0.6294850 0.4406528 0.0282214 0.0159795
16 0.4126937 0.6707582 0.0282214 0.0159795
13 0.3421403 0.6707582 0.0282213 0.0159795
4 0.4126937 0.5557055 0.0282214 0.0159795
30 0.1984679 0.3831264 0.0282214 0.0159795
18 0.5576488 0.4981791 0.0282214 0.0159795
21 0.4858126 0.6707582 0.0282214 0.0159795
25 0.6294850 0.6132319 0.0282214 0.0159795
4 0.5576488 0.6707582 0.0282214 0.0159795
16 0.6294850 0.3831264 0.0282214 0.0159795
7 0.4126937 0.3831264 0.0282214 0.0159795
28 0.4858126 0.6132319 0.0282214 0.0159795
