22 0.3163623 0.4880248 0.0286173 0.0171246
18 0.3163623 0.6729702 0.0286173 0.0171246
32 0.4640017 0.4931622 0.5268189 0.4383892
33 0.4627009 0.3036501 0.4773890 0.0159829
25 0.3892064 0.3647278 0.0286173 0.0171246
16 0.5348946 0.3647278 0.0286173 0.0171246
1 0.3892064 0.4263763 0.0286173 0.0171246
8 0.3892064 0.4880248 0.0286173 0.0171246
24 0.4607497 0.4880248 0.0286173 0.0171246
13 0.3892064 0.5496733 0.0286173 0.0171246
9 0.6077387 0.5496733 0.0286173 0.0171246
21 0.6805827 0.5496733 0.0286173 0.0171246
34 0.2435182 0.6107509 0.0676410 0.0616485
10 0.2435182 0.6113218 0.0286173 0.0171246
31 0.3163623 0.6113218 0.0286173 0.0171246
20 0.4607497 0.6113218 0.0286173 0.0171246
19 0.5348946 0.6729702 0.0286173 0.0171246
5 0.6805827 0.6729702 0.0286173 0.0171246
24 0.6077387 0.4880248 0.0286173 0.0171246
15 0.6805827 0.4263763 0.0286173 0.0171246
28 0.6805827 0.3647278 0.0286173 0.0171246
15 0.2435182 0.6729702 0.0286173 0.0171246
28 0.5348946 0.6113218 0.0286173 0.0171246
2 0.3163623 0.5496733 0.0286173 0.0171246
2 0.6805827 0.6113218 0.0286173 0.0171246
22 0.6077387 0.4263763 0.0286173 0.0171246
20 0.3163623 0.3647278 0.0286173 0.0171246
21 0.6077387 0.6729702 0.0286173 0.0171246
26 0.6805827 0.4880248 0.0286173 0.0171246
5 0.2435182 0.4880248 0.0286173 0.0171246
14 0.4607497 0.5496733 0.0286173 0.0171246
25 0.5348946 0.4880248 0.0286173 0.0171246
2 0.2435182 0.4263763 0.0286173 0.0171246
10 0.2435182 0.5496733 0.0286173 0.0171246
1 0.3892064 0.6729702 0.0286173 0.0171246
2 0.6077387 0.6113218 0.0286173 0.0171246
10 0.5348946 0.4263763 0.0286173 0.0171246
13 0.3892064 0.6113218 0.0286173 0.0171246
9 0.3163623 0.4263763 0.0286173 0.0171246
5 0.5348946 0.5496733 0.0286173 0.0171246
21 0.2435182 0.3647278 0.0286173 0.0171246
27 0.4607497 0.3647278 0.0286173 0.0171246
28 0.4607497 0.6729702 0.0286173 0.0171246
8 0.6077387 0.3647278 0.0286173 0.0171246
7 0.4607497 0.4263763 0.0286173 0.0171246
