19 0.1633135 0.2252188 0.0274870 0.0167041
7 0.3719644 0.5258927 0.0274869 0.0167041
32 0.3750880 0.3504996 0.5060098 0.4276250
33 0.3738385 0.1656409 0.4585323 0.0155905
3 0.4431806 0.2252188 0.0274870 0.0167041
8 0.5131474 0.2252188 0.0274870 0.0167041
11 0.2332803 0.2853536 0.0274870 0.0167041
1 0.3032471 0.3454883 0.0274870 0.0167041
16 0.3032471 0.4056231 0.0274870 0.0167041
27 0.3719644 0.4056231 0.0274869 0.0167041
26 0.5131474 0.4056231 0.0274870 0.0167041
18 0.3719644 0.4657579 0.0274869 0.0167041
29 0.5131474 0.4657579 0.0274870 0.0167041
15 0.1633135 0.5258927 0.0274870 0.0167041
12 0.3032471 0.5258927 0.0274870 0.0167041
34 0.5125227 0.5253359 0.0637197 0.0601348
6 0.5131474 0.5258927 0.0274870 0.0167041
27 0.5831142 0.4056231 0.0274869 0.0167041
14 0.4431806 0.2853536 0.0274870 0.0167041
14 0.5831142 0.5258927 0.0274869 0.0167041
21 0.4431806 0.4657579 0.0274870 0.0167041
1 0.5831142 0.2252188 0.0274869 0.0167041
9 0.1633135 0.4056231 0.0274870 0.0167041
8 0.2332803 0.3454883 0.0274870 0.0167041
17 0.2332803 0.5258927 0.0274870 0.0167041
30 0.5831142 0.3454883 0.0274869 0.0167041
9 0.3719644 0.3454883 0.0274869 0.0167041
8 0.4431806 0.4056231 0.0274870 0.0167041
11 0.3719644 0.2853536 0.0274869 0.0167041
26 0.4431806 0.3454883 0.0274870 0.0167041
21 0.2332803 0.2252188 0.0274870 0.0167041
16 0.4431806 0.5258927 0.0274870 0.0167041
27 0.3719644 0.2252188 0.0274869 0.0167041
1 0.5831142 0.2853536 0.0274869 0.0167041
22 0.3032471 0.4657579 0.0274870 0.0167041
3 0.1633135 0.2853536 0.0274870 0.0167041
3 0.1633135 0.3454883 0.0274870 0.0167041
14 0.2332803 0.4056231 0.0274870 0.0167041
7 0.3032471 0.2252188 0.0274870 0.0167041
1 0.3032471 0.2853536 0.0274870 0.0167041
8 0.5131474 0.2853536 0.0274870 0.0167041
10 0.5131474 0.3454883 0.0274870 0.0167041
25 0.2332803 0.4657579 0.0274870 0.0167041
30 0.1633135 0.4657579 0.0274870 0.0167041
24 0.5831142 0.4657579 0.0274869 0.0167041
