9 0.2082790 0.6931146 0.0271213 0.0167756
20 0.3463510 0.6931146 0.0271213 0.0167756
32 0.2791642 0.5169709 0.4992779 0.4294553
33 0.2779314 0.3313209 0.4524321 0.0156572
22 0.3463510 0.3911539 0.0271213 0.0167756
26 0.2082790 0.4515461 0.0271213 0.0167756
11 0.4844229 0.4515461 0.0271213 0.0167756
13 0.1392431 0.5119382 0.0271213 0.0167756
3 0.2082790 0.5119382 0.0271213 0.0167756
25 0.0702071 0.5723303 0.0271213 0.0167756
21 0.2760822 0.5723303 0.0271213 0.0167756
9 0.2082790 0.6327225 0.0271213 0.0167756
16 0.3463510 0.6327225 0.0271213 0.0167756
19 0.0702071 0.6931146 0.0271213 0.0167756
5 0.4153869 0.6931146 0.0271213 0.0167756
34 0.4844229 0.6925555 0.0641048 0.0603921
28 0.4844229 0.6931146 0.0271213 0.0167756
1 0.1392431 0.3911539 0.0271213 0.0167756
29 0.0702071 0.3911539 0.0271213 0.0167756
28 0.3463510 0.5723303 0.0271213 0.0167756
3 0.3463510 0.5119382 0.0271213 0.0167756
29 0.2760822 0.6931146 0.0271213 0.0167756
1 0.1392431 0.5723303 0.0271213 0.0167756
4 0.4844229 0.6327225 0.0271213 0.0167756
30 0.4153869 0.5723303 0.0271213 0.0167756
27 0.2082790 0.5723303 0.0271213 0.0167756
8 0.0702071 0.5119382 0.0271213 0.0167756
26 0.1392431 0.6327225 0.0271213 0.0167756
17 0.2082790 0.3911539 0.0271213 0.0167756
29 0.4844229 0.5723303 0.0271213 0.0167756
5 0.2760822 0.4515461 0.0271213 0.0167756
8 0.0702071 0.4515461 0.0271213 0.0167756
25 0.2760822 0.6327225 0.0271213 0.0167756
8 0.4844229 0.5119382 0.0271213 0.0167756
21 0.0702071 0.6327225 0.0271213 0.0167756
22 0.4153869 0.3911539 0.0271213 0.0167756
11 0.4844229 0.3911539 0.0271213 0.0167756
13 0.1392431 0.6931146 0.0271213 0.0167756
17 0.4153869 0.4515461 0.0271213 0.0167756
4 0.2760822 0.3911539 0.0271213 0.0167756
12 0.4153869 0.6327225 0.0271213 0.0167756
27 0.2760822 0.5119382 0.0271213 0.0167756
4 0.4153869 0.5119382 0.0271213 0.0167756
4 0.1392431 0.4515461 0.0271213 0.0167756
16 0.3463510 0.4515461 0.0271213 0.0167756
