10 0.5424208 0.3452015 0.0266620 0.0169073
15 0.4757657 0.5278011 0.0266621 0.0169073
32 0.5454506 0.4720068 0.4908238 0.4328286
33 0.5442387 0.2848985 0.4447712 0.0157802
31 0.5424208 0.4060680 0.0266620 0.0169074
5 0.3400317 0.4669346 0.0266620 0.0169073
23 0.4078987 0.4669346 0.0266620 0.0169073
8 0.5424208 0.4669346 0.0266620 0.0169073
34 0.3400317 0.5272375 0.0630194 0.0608665
30 0.3400317 0.5278011 0.0266620 0.0169073
12 0.3400317 0.5886677 0.0266620 0.0169073
9 0.6793668 0.5886677 0.0266621 0.0169073
22 0.7472337 0.5886677 0.0266620 0.0169073
18 0.4078987 0.6495341 0.0266620 0.0169073
30 0.4757657 0.6495341 0.0266621 0.0169073
29 0.5424208 0.6495341 0.0266620 0.0169073
27 0.6114997 0.6495341 0.0266621 0.0169073
30 0.7472337 0.4669346 0.0266620 0.0169073
9 0.7472337 0.5278011 0.0266620 0.0169073
18 0.5424208 0.5278011 0.0266620 0.0169073
18 0.3400317 0.3452015 0.0266620 0.0169073
12 0.3400317 0.6495341 0.0266620 0.0169073
15 0.6114997 0.5278011 0.0266621 0.0169073
14 0.7472337 0.3452015 0.0266620 0.0169073
19 0.4078987 0.4060680 0.0266620 0.0169074
16 0.7472337 0.6495341 0.0266620 0.0169073
29 0.6793668 0.3452015 0.0266621 0.0169073
3 0.4078987 0.5886677 0.0266620 0.0169073
8 0.4757657 0.5886677 0.0266621 0.0169073
4 0.3400317 0.4060680 0.0266620 0.0169074
9 0.5424208 0.5886677 0.0266620 0.0169073
25 0.6114997 0.5886677 0.0266621 0.0169073
28 0.6114997 0.4060680 0.0266621 0.0169074
28 0.4757657 0.4060680 0.0266621 0.0169074
13 0.7472337 0.4060680 0.0266620 0.0169074
27 0.6793668 0.4669346 0.0266621 0.0169073
27 0.6793668 0.6495341 0.0266621 0.0169073
25 0.6793668 0.4060680 0.0266621 0.0169074
5 0.4757657 0.4669346 0.0266621 0.0169073
7 0.6114997 0.3452015 0.0266621 0.0169073
3 0.4078987 0.5278011 0.0266620 0.0169073
15 0.4757657 0.3452015 0.0266621 0.0169073
15 0.4078987 0.3452015 0.0266620 0.0169073
28 0.6793668 0.5278011 0.0266621 0.0169073
24 0.6114997 0.4669346 0.0266621 0.0169073
