4 0.6804737 0.5219085 0.0265681 0.0161520
2 0.8157295 0.6963500 0.0265681 0.0161520
32 0.6146572 0.5267542 0.4890949 0.4134910
33 0.6134496 0.3480054 0.4432045 0.0150752
22 0.4099619 0.4056142 0.0265681 0.0161520
7 0.7481016 0.4056142 0.0265681 0.0161520
15 0.8157295 0.4056142 0.0265681 0.0161520
34 0.4769860 0.4632230 0.0615897 0.0581472
24 0.4775899 0.4637614 0.0265681 0.0161520
30 0.6804737 0.4637614 0.0265681 0.0161520
31 0.8157295 0.4637614 0.0265681 0.0161520
23 0.8157295 0.5219085 0.0265681 0.0161520
9 0.6116381 0.5800557 0.0265681 0.0161520
13 0.6804737 0.5800557 0.0265681 0.0161520
11 0.4099619 0.6382029 0.0265681 0.0161519
21 0.5452178 0.6382029 0.0265681 0.0161519
29 0.4099619 0.6963500 0.0265681 0.0161520
28 0.6116381 0.4056142 0.0265681 0.0161520
8 0.6116381 0.6963500 0.0265681 0.0161520
9 0.8157295 0.5800557 0.0265681 0.0161520
3 0.5452178 0.5219085 0.0265681 0.0161520
25 0.4775899 0.4056142 0.0265681 0.0161520
8 0.8157295 0.6382029 0.0265681 0.0161519
26 0.4775899 0.5219085 0.0265681 0.0161520
4 0.4775899 0.5800557 0.0265681 0.0161520
8 0.7481016 0.5800557 0.0265681 0.0161520
24 0.7481016 0.6963500 0.0265681 0.0161520
5 0.4099619 0.5219085 0.0265681 0.0161520
11 0.6804737 0.6963500 0.0265681 0.0161520
7 0.4099619 0.5800557 0.0265681 0.0161520
28 0.7481016 0.5219085 0.0265681 0.0161520
30 0.6804737 0.6382029 0.0265681 0.0161519
19 0.5452178 0.4637614 0.0265681 0.0161520
2 0.6116381 0.5219085 0.0265681 0.0161520
10 0.6116381 0.6382029 0.0265681 0.0161519
16 0.6116381 0.4637614 0.0265681 0.0161520
28 0.7481016 0.6382029 0.0265681 0.0161519
22 0.4775899 0.6382029 0.0265681 0.0161519
4 0.4775899 0.6963500 0.0265681 0.0161520
30 0.7481016 0.4637614 0.0265681 0.0161520
15 0.5452178 0.4056142 0.0265681 0.0161520
24 0.4099619 0.4637614 0.0265681 0.0161520
25 0.5452178 0.5800557 0.0265681 0.0161520
13 0.5452178 0.6963500 0.0265681 0.0161520
31 0.6804737 0.4056142 0.0265681 0.0161520
