13 0.1637494 0.4928670 0.0274605 0.0170556
16 0.3035486 0.4314667 0.0274606 0.0170556
32 0.3753205 0.4365834 0.5055238 0.4366243
33 0.3740723 0.2478344 0.4580919 0.0159186
34 0.1637494 0.3694979 0.0649067 0.0614002
19 0.1637494 0.3700664 0.0274605 0.0170556
13 0.2336490 0.3700664 0.0274605 0.0170556
8 0.3722000 0.4314667 0.0274606 0.0170556
5 0.5831469 0.4314667 0.0274606 0.0170556
12 0.2336490 0.4928670 0.0274605 0.0170556
11 0.3035486 0.4928670 0.0274606 0.0170556
3 0.4433477 0.4928670 0.0274606 0.0170556
19 0.3035486 0.5542673 0.0274606 0.0170556
30 0.1637494 0.6156676 0.0274605 0.0170556
14 0.2336490 0.6156676 0.0274605 0.0170556
17 0.3722000 0.6156676 0.0274606 0.0170556
16 0.4433477 0.6156676 0.0274606 0.0170556
6 0.5831469 0.6156676 0.0274606 0.0170556
20 0.3722000 0.3700664 0.0274606 0.0170556
2 0.4433477 0.5542673 0.0274606 0.0170556
2 0.5831469 0.5542673 0.0274606 0.0170556
30 0.4433477 0.3086661 0.0274606 0.0170557
18 0.2336490 0.5542673 0.0274605 0.0170556
31 0.5831469 0.3086661 0.0274606 0.0170557
24 0.3035486 0.3700664 0.0274606 0.0170556
6 0.5831469 0.3700664 0.0274606 0.0170556
25 0.5132473 0.3700664 0.0274605 0.0170556
22 0.1637494 0.5542673 0.0274605 0.0170556
21 0.1637494 0.4314667 0.0274605 0.0170556
30 0.5132473 0.3086661 0.0274605 0.0170557
26 0.3722000 0.3086661 0.0274606 0.0170557
15 0.3722000 0.4928670 0.0274606 0.0170556
17 0.1637494 0.3086661 0.0274605 0.0170557
24 0.3035486 0.6156676 0.0274606 0.0170556
28 0.5132473 0.6156676 0.0274605 0.0170556
15 0.2336490 0.4314667 0.0274605 0.0170556
7 0.4433477 0.3700664 0.0274606 0.0170556
15 0.5831469 0.4928670 0.0274606 0.0170556
21 0.3722000 0.5542673 0.0274606 0.0170556
1 0.4433477 0.4314667 0.0274606 0.0170556
22 0.3035486 0.3086661 0.0274606 0.0170557
11 0.2336490 0.3086661 0.0274605 0.0170557
13 0.5132473 0.4314667 0.0274605 0.0170556
13 0.5132473 0.5542673 0.0274605 0.0170556
3 0.5132473 0.4928670 0.0274605 0.0170556
