18 0.3667184 0.5205118 0.0277689 0.0165828
17 0.2960340 0.6399079 0.0277689 0.0165828
32 0.5099806 0.4657887 0.5111997 0.4245192
33 0.5087183 0.2822725 0.4632353 0.0154773
29 0.2960340 0.3414178 0.0277689 0.0165828
3 0.5787717 0.3414178 0.0277689 0.0165828
4 0.6494560 0.3414178 0.0277689 0.0165828
19 0.5787717 0.4011158 0.0277689 0.0165828
1 0.6494560 0.4011158 0.0277689 0.0165828
27 0.3667184 0.4608138 0.0277689 0.0165828
34 0.4374028 0.4602611 0.0656355 0.0596980
5 0.4374028 0.4608138 0.0277689 0.0165828
23 0.5068250 0.4608138 0.0277689 0.0165828
10 0.2960340 0.5205118 0.0277689 0.0165828
2 0.5068250 0.5205118 0.0277689 0.0165828
20 0.2960340 0.5802098 0.0277689 0.0165828
11 0.6494560 0.6399079 0.0277689 0.0165828
7 0.2960340 0.4608138 0.0277689 0.0165828
6 0.6494560 0.5802098 0.0277689 0.0165828
21 0.4374028 0.5802098 0.0277689 0.0165828
26 0.5068250 0.4011158 0.0277689 0.0165828
2 0.7201405 0.5802098 0.0277689 0.0165828
29 0.3667184 0.4011158 0.0277689 0.0165828
18 0.4374028 0.5205118 0.0277689 0.0165828
8 0.7201405 0.4011158 0.0277689 0.0165828
16 0.5787717 0.6399079 0.0277689 0.0165828
21 0.2960340 0.4011158 0.0277689 0.0165828
4 0.5068250 0.6399079 0.0277689 0.0165828
3 0.3667184 0.3414178 0.0277689 0.0165828
9 0.5787717 0.4608138 0.0277689 0.0165828
7 0.5068250 0.5802098 0.0277689 0.0165828
2 0.3667184 0.6399079 0.0277689 0.0165828
11 0.4374028 0.4011158 0.0277689 0.0165828
28 0.7201405 0.4608138 0.0277689 0.0165828
15 0.6494560 0.4608138 0.0277689 0.0165828
3 0.4374028 0.3414178 0.0277689 0.0165828
3 0.4374028 0.6399079 0.0277689 0.0165828
11 0.6494560 0.5205118 0.0277689 0.0165828
28 0.3667184 0.5802098 0.0277689 0.0165828
25 0.5787717 0.5205118 0.0277689 0.0165828
15 0.7201405 0.6399079 0.0277689 0.0165828
13 0.5068250 0.3414178 0.0277689 0.0165828
29 0.7201405 0.3414178 0.0277689 0.0165828
18 0.5787717 0.5802098 0.0277689 0.0165828
28 0.7201405 0.5205118 0.0277689 0.0165828
