21 0.5914876 0.2952858 0.0282778 0.0158936
18 0.3035682 0.4097194 0.0282778 0.0158936
32 0.5214358 0.4144874 0.5205685 0.4068748
33 0.5201505 0.2385989 0.4717250 0.0148340
1 0.3035682 0.2952858 0.0282778 0.0158936
21 0.3755481 0.2952858 0.0282778 0.0158936
2 0.4475279 0.2952858 0.0282778 0.0158936
22 0.5182224 0.2952858 0.0282778 0.0158936
10 0.3035682 0.3525026 0.0282778 0.0158936
3 0.3755481 0.3525026 0.0282778 0.0158936
34 0.5908449 0.4091896 0.0681237 0.0572168
4 0.5914876 0.4097194 0.0282778 0.0158936
27 0.3035682 0.4669362 0.0282778 0.0158936
14 0.7354472 0.5241529 0.0282778 0.0158936
24 0.3035682 0.5813697 0.0282778 0.0158936
9 0.5182224 0.5813697 0.0282778 0.0158936
15 0.6634674 0.5813697 0.0282778 0.0158936
29 0.7354472 0.5813697 0.0282778 0.0158936
30 0.4475279 0.3525026 0.0282778 0.0158936
3 0.3755481 0.5813697 0.0282778 0.0158936
13 0.3755481 0.4669362 0.0282778 0.0158936
7 0.3755481 0.4097194 0.0282778 0.0158936
26 0.4475279 0.4097194 0.0282778 0.0158936
12 0.5182224 0.4097194 0.0282778 0.0158936
28 0.7354472 0.4669362 0.0282778 0.0158936
24 0.6634674 0.5241529 0.0282778 0.0158936
19 0.3755481 0.5241529 0.0282778 0.0158936
29 0.5914876 0.5813697 0.0282778 0.0158936
16 0.4475279 0.4669362 0.0282778 0.0158936
24 0.6634674 0.4669362 0.0282778 0.0158936
20 0.5182224 0.5241529 0.0282778 0.0158936
8 0.6634674 0.4097194 0.0282778 0.0158936
19 0.5182224 0.4669362 0.0282778 0.0158936
24 0.7354472 0.2952858 0.0282778 0.0158936
10 0.3035682 0.5241529 0.0282778 0.0158936
18 0.5914876 0.5241529 0.0282778 0.0158936
28 0.5182224 0.3525026 0.0282778 0.0158936
11 0.5914876 0.3525026 0.0282778 0.0158936
27 0.4475279 0.5813697 0.0282778 0.0158936
6 0.6634674 0.3525026 0.0282778 0.0158936
5 0.7354472 0.3525026 0.0282778 0.0158936
20 0.6634674 0.2952858 0.0282778 0.0158936
25 0.4475279 0.5241529 0.0282778 0.0158936
14 0.5914876 0.4669362 0.0282778 0.0158936
1 0.7354472 0.4097194 0.0282778 0.0158936
