16 0.3046159 0.4932682 0.0271026 0.0166056
24 0.5805696 0.6726086 0.0271026 0.0166056
32 0.3754522 0.5580300 0.4989342 0.4251034
33 0.3742203 0.3742613 0.4521207 0.0154986
8 0.1666390 0.4334880 0.0271026 0.0166056
23 0.2356274 0.4334880 0.0271026 0.0166056
13 0.5805696 0.4932682 0.0271026 0.0166056
4 0.1666390 0.5530483 0.0271026 0.0166056
7 0.2356274 0.5530483 0.0271026 0.0166056
15 0.4425927 0.5530483 0.0271026 0.0166056
9 0.2356274 0.6128285 0.0271026 0.0166056
27 0.4425927 0.6128285 0.0271026 0.0166056
34 0.5109652 0.6122750 0.0628288 0.0597802
11 0.5115812 0.6128285 0.0271026 0.0166056
18 0.1666390 0.7323888 0.0271026 0.0166056
30 0.3723724 0.7323888 0.0271026 0.0166056
12 0.5805696 0.7323888 0.0271026 0.0166056
31 0.5805696 0.5530483 0.0271026 0.0166056
11 0.2356274 0.6726086 0.0271026 0.0166056
16 0.3723724 0.6726086 0.0271026 0.0166056
18 0.2356274 0.7323888 0.0271026 0.0166056
26 0.1666390 0.6726086 0.0271026 0.0166056
16 0.2356274 0.4932682 0.0271026 0.0166056
14 0.3046159 0.6128285 0.0271026 0.0166056
28 0.3046159 0.6726086 0.0271026 0.0166056
22 0.5805696 0.6128285 0.0271026 0.0166056
7 0.3046159 0.7323888 0.0271026 0.0166056
22 0.5115812 0.7323888 0.0271026 0.0166056
30 0.5115812 0.5530483 0.0271026 0.0166056
16 0.4425927 0.4932682 0.0271026 0.0166056
11 0.5115812 0.4932682 0.0271026 0.0166056
3 0.4425927 0.6726086 0.0271026 0.0166056
1 0.5115812 0.4334880 0.0271026 0.0166056
1 0.1666390 0.6128285 0.0271026 0.0166056
26 0.3046159 0.5530483 0.0271026 0.0166056
2 0.4425927 0.7323888 0.0271026 0.0166056
4 0.3723724 0.6128285 0.0271026 0.0166056
28 0.5115812 0.6726086 0.0271026 0.0166056
30 0.3723724 0.4932682 0.0271026 0.0166056
1 0.5805696 0.4334880 0.0271026 0.0166056
24 0.3046159 0.4334880 0.0271026 0.0166056
17 0.3723724 0.5530483 0.0271026 0.0166056
15 0.1666390 0.4932682 0.0271026 0.0166056
19 0.3723724 0.4334880 0.0271026 0.0166056
15 0.4425927 0.4334880 0.0271026 0.0166056
