29 0.2497906 0.3534291 0.0276690 0.0159246
31 0.6019419 0.4680863 0.0276690 0.0159246
32 0.4629679 0.4728637 0.5093617 0.4076700
33 0.4617102 0.2966313 0.4615697 0.0148630
3 0.6019419 0.4107577 0.0276690 0.0159246
10 0.2497906 0.4680863 0.0276690 0.0159246
7 0.6723721 0.4680863 0.0276690 0.0159246
17 0.3906512 0.5254149 0.0276690 0.0159246
29 0.5315117 0.5254149 0.0276690 0.0159246
4 0.4598237 0.5827435 0.0276690 0.0159246
5 0.5315117 0.5827435 0.0276690 0.0159246
34 0.6013131 0.5822127 0.0641418 0.0573286
27 0.6019419 0.5827435 0.0276690 0.0159246
13 0.6723721 0.5827435 0.0276690 0.0159246
1 0.3202209 0.6400721 0.0276690 0.0159246
24 0.5315117 0.6400721 0.0276690 0.0159246
2 0.6723721 0.6400721 0.0276690 0.0159246
19 0.2497906 0.5254149 0.0276690 0.0159246
12 0.3202209 0.5827435 0.0276690 0.0159246
8 0.5315117 0.4107577 0.0276690 0.0159246
13 0.4598237 0.4107577 0.0276690 0.0159246
9 0.3906512 0.3534291 0.0276690 0.0159246
14 0.6723721 0.3534291 0.0276690 0.0159246
3 0.3906512 0.4107577 0.0276690 0.0159246
5 0.6019419 0.6400721 0.0276690 0.0159246
2 0.4598237 0.5254149 0.0276690 0.0159246
12 0.2497906 0.4107577 0.0276690 0.0159246
4 0.3202209 0.4680863 0.0276690 0.0159246
8 0.4598237 0.3534291 0.0276690 0.0159246
19 0.2497906 0.6400721 0.0276690 0.0159246
8 0.3906512 0.4680863 0.0276690 0.0159246
29 0.5315117 0.4680863 0.0276690 0.0159246
31 0.5315117 0.3534291 0.0276690 0.0159246
27 0.4598237 0.6400721 0.0276690 0.0159246
1 0.6019419 0.3534291 0.0276690 0.0159246
24 0.6723721 0.5254149 0.0276690 0.0159246
6 0.3202209 0.3534291 0.0276690 0.0159246
9 0.3202209 0.5254149 0.0276690 0.0159246
7 0.6723721 0.4107577 0.0276690 0.0159246
30 0.2497906 0.5827435 0.0276690 0.0159246
6 0.6019419 0.5254149 0.0276690 0.0159246
11 0.3202209 0.4107577 0.0276690 0.0159246
4 0.3906512 0.5827435 0.0276690 0.0159246
10 0.4598237 0.4680863 0.0276690 0.0159246
28 0.3906512 0.6400721 0.0276690 0.0159246
