5 0.7522144 0.7027344 0.0281713 0.0170185
4 0.3936709 0.7027344 0.0281713 0.0170185
32 0.6107178 0.5240404 0.5186075 0.4356728
33 0.6094373 0.3357027 0.4699480 0.0158839
1 0.5370883 0.3964019 0.0281713 0.0170185
2 0.3936709 0.4576684 0.0281713 0.0170185
34 0.4647393 0.4571011 0.0653062 0.0612665
13 0.4653796 0.4576684 0.0281713 0.0170185
23 0.6075165 0.4576684 0.0281713 0.0170185
6 0.6805057 0.5189349 0.0281712 0.0170185
30 0.7522144 0.5189349 0.0281713 0.0170185
3 0.3936709 0.6414678 0.0281713 0.0170184
4 0.5370883 0.6414678 0.0281713 0.0170184
22 0.6075165 0.6414678 0.0281713 0.0170184
29 0.6805057 0.6414678 0.0281712 0.0170184
20 0.7522144 0.6414678 0.0281713 0.0170184
24 0.8239230 0.7027344 0.0281713 0.0170185
30 0.3936709 0.3964019 0.0281713 0.0170185
27 0.3936709 0.5802013 0.0281713 0.0170185
17 0.6075165 0.5802013 0.0281713 0.0170185
3 0.5370883 0.5189349 0.0281713 0.0170185
27 0.8239230 0.4576684 0.0281713 0.0170185
26 0.4653796 0.6414678 0.0281713 0.0170184
30 0.7522144 0.5802013 0.0281713 0.0170185
10 0.8239230 0.3964019 0.0281713 0.0170185
1 0.8239230 0.6414678 0.0281713 0.0170184
19 0.4653796 0.3964019 0.0281713 0.0170185
17 0.4653796 0.7027344 0.0281713 0.0170185
12 0.5370883 0.5802013 0.0281713 0.0170185
19 0.7522144 0.3964019 0.0281713 0.0170185
13 0.5370883 0.7027344 0.0281713 0.0170185
25 0.6805057 0.4576684 0.0281712 0.0170185
8 0.4653796 0.5189349 0.0281713 0.0170185
25 0.6805057 0.3964019 0.0281712 0.0170185
2 0.4653796 0.5802013 0.0281713 0.0170185
8 0.6075165 0.7027344 0.0281713 0.0170185
16 0.5370883 0.4576684 0.0281713 0.0170185
24 0.7522144 0.4576684 0.0281713 0.0170185
14 0.6075165 0.5189349 0.0281713 0.0170185
13 0.8239230 0.5189349 0.0281713 0.0170185
7 0.6805057 0.5802013 0.0281712 0.0170185
29 0.8239230 0.5802013 0.0281713 0.0170185
1 0.6075165 0.3964019 0.0281713 0.0170185
15 0.6805057 0.7027344 0.0281712 0.0170185
9 0.3936709 0.5189349 0.0281713 0.0170185
