18 0.3434808 0.4205156 0.0276763 0.0174061
5 0.0616861 0.2951919 0.0276763 0.0174061
32 0.2749191 0.3630756 0.5094949 0.4455956
33 0.2736611 0.1704483 0.4616904 0.0162457
15 0.2025834 0.2325300 0.0276763 0.0174061
2 0.3434808 0.2325300 0.0276763 0.0174061
25 0.4843781 0.2325300 0.0276763 0.0174061
6 0.2025834 0.2951919 0.0276763 0.0174061
34 0.3428518 0.2946117 0.0666747 0.0626618
16 0.3434808 0.2951919 0.0276763 0.0174061
24 0.0616861 0.3578538 0.0276763 0.0174061
19 0.2025834 0.3578538 0.0276763 0.0174061
30 0.2717741 0.3578538 0.0276763 0.0174061
4 0.4139294 0.4205156 0.0276763 0.0174061
7 0.1321348 0.4831775 0.0276763 0.0174061
27 0.0616861 0.5458394 0.0276763 0.0174061
1 0.4843781 0.5458394 0.0276763 0.0174061
27 0.2717741 0.2951919 0.0276763 0.0174061
7 0.0616861 0.4831775 0.0276763 0.0174061
21 0.4139294 0.2951919 0.0276763 0.0174061
25 0.2717741 0.5458394 0.0276763 0.0174061
14 0.4139294 0.3578538 0.0276763 0.0174061
18 0.4843781 0.2951919 0.0276763 0.0174061
13 0.4139294 0.4831775 0.0276763 0.0174061
1 0.3434808 0.4831775 0.0276763 0.0174061
21 0.1321348 0.2951919 0.0276763 0.0174061
13 0.2025834 0.4205156 0.0276763 0.0174061
3 0.4843781 0.4831775 0.0276763 0.0174061
15 0.4843781 0.3578538 0.0276763 0.0174061
22 0.1321348 0.4205156 0.0276763 0.0174061
17 0.1321348 0.2325300 0.0276763 0.0174061
13 0.1321348 0.3578538 0.0276763 0.0174061
26 0.2717741 0.4831775 0.0276763 0.0174061
1 0.4139294 0.5458394 0.0276763 0.0174061
18 0.4139294 0.2325300 0.0276763 0.0174061
1 0.2717741 0.2325300 0.0276763 0.0174061
24 0.3434808 0.5458394 0.0276763 0.0174061
31 0.2025834 0.5458394 0.0276763 0.0174061
21 0.1321348 0.5458394 0.0276763 0.0174061
3 0.0616861 0.4205156 0.0276763 0.0174061
13 0.3434808 0.3578538 0.0276763 0.0174061
6 0.0616861 0.2325300 0.0276763 0.0174061
29 0.2717741 0.4205156 0.0276763 0.0174061
9 0.2025834 0.4831775 0.0276763 0.0174061
2 0.4843781 0.4205156 0.0276763 0.0174061
