21 0.8148454 0.5002875 0.0268369 0.0162425
15 0.4732855 0.5002875 0.0268368 0.0162425
32 0.6117392 0.6221063 0.4940420 0.4158079
33 0.6105194 0.4423560 0.4476874 0.0151597
10 0.5415975 0.5002875 0.0268369 0.0162425
26 0.4732855 0.5587605 0.0268368 0.0162425
27 0.6086896 0.5587605 0.0268369 0.0162425
19 0.7465334 0.5587605 0.0268369 0.0162425
22 0.6782214 0.6172335 0.0268369 0.0162425
6 0.5415975 0.6757065 0.0268369 0.0162425
31 0.6782214 0.6757065 0.0268369 0.0162425
34 0.7459235 0.6751651 0.0622128 0.0584730
8 0.7465334 0.6757065 0.0268369 0.0162425
5 0.4049735 0.7341795 0.0268369 0.0162425
24 0.6086896 0.7341795 0.0268369 0.0162425
1 0.6782214 0.7341795 0.0268369 0.0162425
30 0.7465334 0.7341795 0.0268369 0.0162425
1 0.4049735 0.7926525 0.0268369 0.0162425
9 0.4049735 0.5587605 0.0268369 0.0162425
9 0.4049735 0.5002875 0.0268369 0.0162425
3 0.5415975 0.6172335 0.0268369 0.0162425
8 0.6782214 0.7926525 0.0268369 0.0162425
20 0.7465334 0.7926525 0.0268369 0.0162425
6 0.4732855 0.6172335 0.0268368 0.0162425
16 0.7465334 0.6172335 0.0268369 0.0162425
26 0.6782214 0.5587605 0.0268369 0.0162425
10 0.8148454 0.7926525 0.0268369 0.0162425
6 0.4732855 0.6757065 0.0268368 0.0162425
28 0.4732855 0.7926525 0.0268368 0.0162425
12 0.8148454 0.6757065 0.0268369 0.0162425
14 0.6086896 0.7926525 0.0268369 0.0162425
12 0.6782214 0.5002875 0.0268369 0.0162425
6 0.5415975 0.5587605 0.0268369 0.0162425
2 0.5415975 0.7341795 0.0268369 0.0162425
4 0.4049735 0.6757065 0.0268369 0.0162425
6 0.8148454 0.6172335 0.0268369 0.0162425
1 0.7465334 0.5002875 0.0268369 0.0162425
11 0.4732855 0.7341795 0.0268368 0.0162425
27 0.6086896 0.6172335 0.0268369 0.0162425
15 0.6086896 0.6757065 0.0268369 0.0162425
12 0.8148454 0.7341795 0.0268369 0.0162425
13 0.8148454 0.5587605 0.0268369 0.0162425
17 0.5415975 0.7926525 0.0268369 0.0162425
13 0.6086896 0.5002875 0.0268369 0.0162425
26 0.4049735 0.6172335 0.0268369 0.0162425
