20 0.1149219 0.4102619 0.0287876 0.0160567
14 0.2601683 0.6992822 0.0287876 0.0160567
32 0.2648331 0.5306871 0.5271661 0.4110512
33 0.2621311 0.3529931 0.4802290 0.0149862
23 0.0416445 0.4102619 0.0287876 0.0160567
34 0.2601683 0.4097267 0.0680434 0.0578041
22 0.2601683 0.4102619 0.0287876 0.0160567
22 0.3347543 0.4102619 0.0287876 0.0160567
19 0.1149219 0.4680660 0.0287876 0.0160567
25 0.3347543 0.4680660 0.0287876 0.0160567
10 0.4080318 0.4680660 0.0287876 0.0160567
13 0.1881994 0.5258700 0.0287876 0.0160567
1 0.2601683 0.5258700 0.0287876 0.0160567
26 0.4813092 0.5258700 0.0287876 0.0160567
4 0.0416445 0.6992822 0.0287876 0.0160567
15 0.1149219 0.6992822 0.0287876 0.0160567
29 0.4080318 0.6992822 0.0287876 0.0160567
14 0.0416445 0.5836741 0.0287876 0.0160567
21 0.4080318 0.5836741 0.0287876 0.0160567
8 0.4080318 0.4102619 0.0287876 0.0160567
16 0.2601683 0.6414781 0.0287876 0.0160567
18 0.2601683 0.4680660 0.0287876 0.0160567
17 0.4813092 0.6414781 0.0287876 0.0160567
31 0.1881994 0.5836741 0.0287876 0.0160567
25 0.1881994 0.4680660 0.0287876 0.0160567
3 0.4813092 0.4102619 0.0287876 0.0160567
7 0.4813092 0.4680660 0.0287876 0.0160567
2 0.1881994 0.6992822 0.0287876 0.0160567
7 0.3347543 0.5836741 0.0287876 0.0160567
9 0.4813092 0.5836741 0.0287876 0.0160567
10 0.4080318 0.6414781 0.0287876 0.0160567
17 0.3347543 0.5258700 0.0287876 0.0160567
14 0.0416445 0.5258700 0.0287876 0.0160567
30 0.1881994 0.6414781 0.0287876 0.0160567
18 0.1149219 0.5258700 0.0287876 0.0160567
4 0.3347543 0.6414781 0.0287876 0.0160567
20 0.1149219 0.6414781 0.0287876 0.0160567
30 0.2601683 0.5836741 0.0287876 0.0160567
11 0.4813092 0.6992822 0.0287876 0.0160567
10 0.1149219 0.5836741 0.0287876 0.0160567
25 0.0416445 0.6414781 0.0287876 0.0160567
21 0.1881994 0.4102619 0.0287876 0.0160567
7 0.0416445 0.4680660 0.0287876 0.0160567
1 0.3347543 0.6992822 0.0287876 0.0160567
30 0.4080318 0.5258700 0.0287876 0.0160567
