1 0.4972514 0.5461415 0.0279782 0.0161673
29 0.5671968 0.4879389 0.0279782 0.0161674
32 0.5703761 0.5509918 0.5150525 0.4138851
33 0.5691044 0.3720727 0.4667266 0.0150896
25 0.5671968 0.4297363 0.0279782 0.0161674
12 0.6396857 0.4297363 0.0279781 0.0161674
34 0.7102670 0.4291974 0.0648585 0.0582026
11 0.7109029 0.4297363 0.0279782 0.0161674
24 0.4260343 0.4879389 0.0279781 0.0161674
5 0.6396857 0.4879389 0.0279781 0.0161674
15 0.5671968 0.5461415 0.0279782 0.0161673
18 0.7109029 0.5461415 0.0279782 0.0161673
7 0.4972514 0.6043441 0.0279782 0.0161674
2 0.3548171 0.6625467 0.0279782 0.0161674
26 0.4260343 0.7207493 0.0279781 0.0161674
21 0.6396857 0.7207493 0.0279781 0.0161674
6 0.7821200 0.7207493 0.0279781 0.0161674
5 0.6396857 0.5461415 0.0279781 0.0161673
18 0.4972514 0.7207493 0.0279782 0.0161674
17 0.7821200 0.6625467 0.0279781 0.0161674
17 0.5671968 0.6043441 0.0279782 0.0161674
5 0.3548171 0.4879389 0.0279782 0.0161674
25 0.4972514 0.4297363 0.0279782 0.0161674
22 0.5671968 0.7207493 0.0279782 0.0161674
5 0.7109029 0.6625467 0.0279782 0.0161674
1 0.3548171 0.7207493 0.0279782 0.0161674
26 0.7821200 0.4297363 0.0279781 0.0161674
25 0.7109029 0.6043441 0.0279782 0.0161674
26 0.7109029 0.7207493 0.0279782 0.0161674
25 0.7821200 0.4879389 0.0279781 0.0161674
26 0.4972514 0.6625467 0.0279782 0.0161674
12 0.4260343 0.4297363 0.0279781 0.0161674
17 0.4260343 0.5461415 0.0279781 0.0161673
29 0.4260343 0.6043441 0.0279781 0.0161674
16 0.7821200 0.5461415 0.0279781 0.0161673
26 0.3548171 0.5461415 0.0279782 0.0161673
18 0.6396857 0.6043441 0.0279781 0.0161674
12 0.6396857 0.6625467 0.0279781 0.0161674
29 0.4972514 0.4879389 0.0279782 0.0161674
9 0.3548171 0.4297363 0.0279782 0.0161674
9 0.5671968 0.6625467 0.0279782 0.0161674
10 0.7821200 0.6043441 0.0279781 0.0161674
31 0.7109029 0.4879389 0.0279782 0.0161674
24 0.4260343 0.6625467 0.0279781 0.0161674
22 0.3548171 0.6043441 0.0279782 0.0161674
