14 0.5559505 0.4132944 0.0267796 0.0167883
28 0.7616664 0.3528566 0.0267796 0.0167883
32 0.5589936 0.4787686 0.4929878 0.4297796
33 0.5577763 0.2929784 0.4467321 0.0156690
5 0.4208353 0.3528566 0.0267796 0.0167883
6 0.3526691 0.4132944 0.0267796 0.0167883
10 0.4208353 0.4132944 0.0267796 0.0167883
34 0.3526691 0.4731725 0.0632972 0.0604378
10 0.3526691 0.4737321 0.0267796 0.0167883
30 0.4890015 0.4737321 0.0267796 0.0167883
15 0.6253339 0.4737321 0.0267796 0.0167883
13 0.6253339 0.5946076 0.0267796 0.0167883
27 0.6935002 0.5946076 0.0267796 0.0167883
12 0.4208353 0.6550454 0.0267796 0.0167883
11 0.6253339 0.6550454 0.0267796 0.0167883
17 0.6935002 0.6550454 0.0267796 0.0167883
31 0.7616664 0.4737321 0.0267796 0.0167883
27 0.6935002 0.3528566 0.0267796 0.0167883
31 0.4890015 0.5946076 0.0267796 0.0167883
10 0.6253339 0.5341699 0.0267796 0.0167883
1 0.5559505 0.6550454 0.0267796 0.0167883
11 0.7616664 0.4132944 0.0267796 0.0167883
8 0.3526691 0.5946076 0.0267796 0.0167883
18 0.5559505 0.3528566 0.0267796 0.0167883
17 0.6935002 0.5341699 0.0267796 0.0167883
20 0.4890015 0.6550454 0.0267796 0.0167883
8 0.4208353 0.4737321 0.0267796 0.0167883
11 0.5559505 0.4737321 0.0267796 0.0167883
3 0.6935002 0.4132944 0.0267796 0.0167883
1 0.4208353 0.5341699 0.0267796 0.0167883
1 0.4890015 0.4132944 0.0267796 0.0167883
4 0.6253339 0.4132944 0.0267796 0.0167883
13 0.7616664 0.6550454 0.0267796 0.0167883
9 0.7616664 0.5341699 0.0267796 0.0167883
3 0.4890015 0.3528566 0.0267796 0.0167883
9 0.5559505 0.5946076 0.0267796 0.0167883
15 0.5559505 0.5341699 0.0267796 0.0167883
4 0.4890015 0.5341699 0.0267796 0.0167883
14 0.3526691 0.5341699 0.0267796 0.0167883
25 0.6935002 0.4737321 0.0267796 0.0167883
8 0.3526691 0.3528566 0.0267796 0.0167883
2 0.4208353 0.5946076 0.0267796 0.0167883
4 0.6253339 0.3528566 0.0267796 0.0167883
19 0.7616664 0.5946076 0.0267796 0.0167883
24 0.3526691 0.6550454 0.0267796 0.0167883
