17 0.6071550 0.5742353 0.0285461 0.0161299
7 0.1711782 0.5742353 0.0285461 0.0161299
32 0.3911129 0.4629392 0.5255078 0.4129247
33 0.3898154 0.2844354 0.4762009 0.0150545
7 0.3165038 0.3419652 0.0285461 0.0161299
27 0.3878690 0.3419652 0.0285461 0.0161299
29 0.4618294 0.3419652 0.0285461 0.0161299
24 0.3165038 0.4000328 0.0285461 0.0161299
18 0.2438410 0.4581003 0.0285461 0.0161299
34 0.4611806 0.4575626 0.0687701 0.0580676
17 0.4618294 0.4581003 0.0285461 0.0161299
22 0.5344922 0.4581003 0.0285461 0.0161299
17 0.6071550 0.4581003 0.0285461 0.0161299
3 0.1711782 0.5161678 0.0285461 0.0161298
4 0.4618294 0.5742353 0.0285461 0.0161299
25 0.5344922 0.5742353 0.0285461 0.0161299
13 0.1711782 0.3419652 0.0285461 0.0161299
18 0.2438410 0.3419652 0.0285461 0.0161299
11 0.5344922 0.3419652 0.0285461 0.0161299
14 0.4618294 0.4000328 0.0285461 0.0161299
3 0.1711782 0.4581003 0.0285461 0.0161299
17 0.1711782 0.6323029 0.0285461 0.0161298
5 0.1711782 0.4000328 0.0285461 0.0161299
31 0.3878690 0.6323029 0.0285461 0.0161298
8 0.3878690 0.5161678 0.0285461 0.0161298
9 0.4618294 0.5161678 0.0285461 0.0161298
17 0.5344922 0.5161678 0.0285461 0.0161298
21 0.6071550 0.4000328 0.0285461 0.0161299
13 0.3878690 0.4000328 0.0285461 0.0161299
24 0.2438410 0.4000328 0.0285461 0.0161299
1 0.3878690 0.4581003 0.0285461 0.0161299
15 0.6071550 0.5161678 0.0285461 0.0161298
22 0.3165038 0.5161678 0.0285461 0.0161298
11 0.3165038 0.4581003 0.0285461 0.0161299
11 0.4618294 0.6323029 0.0285461 0.0161298
11 0.6071550 0.6323029 0.0285461 0.0161298
18 0.5344922 0.6323029 0.0285461 0.0161298
10 0.3165038 0.6323029 0.0285461 0.0161298
4 0.2438410 0.5742353 0.0285461 0.0161299
22 0.3878690 0.5742353 0.0285461 0.0161299
16 0.5344922 0.4000328 0.0285461 0.0161299
1 0.6071550 0.3419652 0.0285461 0.0161299
5 0.3165038 0.5742353 0.0285461 0.0161299
3 0.2438410 0.5161678 0.0285461 0.0161298
13 0.2438410 0.6323029 0.0285461 0.0161298
