22 0.4272512 0.2280756 0.0274863 0.0164160
27 0.3572861 0.4053691 0.0274863 0.0164161
32 0.4990905 0.3511961 0.5059982 0.4202511
33 0.4978411 0.1695250 0.4585219 0.0153217
34 0.6365221 0.2866262 0.0637183 0.0590978
6 0.6371468 0.2871735 0.0274863 0.0164160
15 0.4272512 0.3462713 0.0274863 0.0164161
9 0.5671816 0.3462713 0.0274863 0.0164161
31 0.6371468 0.4053691 0.0274863 0.0164161
13 0.4272512 0.4644669 0.0274863 0.0164160
4 0.4959670 0.4644669 0.0274863 0.0164160
21 0.3572861 0.5235647 0.0274863 0.0164161
6 0.4272512 0.5235647 0.0274863 0.0164161
17 0.4959670 0.5235647 0.0274863 0.0164161
23 0.5671816 0.5235647 0.0274863 0.0164161
24 0.6371468 0.5235647 0.0274863 0.0164161
24 0.2873209 0.3462713 0.0274863 0.0164161
11 0.7071120 0.5235647 0.0274863 0.0164161
13 0.7071120 0.3462713 0.0274863 0.0164161
4 0.7071120 0.4053691 0.0274863 0.0164161
10 0.5671816 0.2871735 0.0274863 0.0164160
7 0.3572861 0.2280756 0.0274863 0.0164160
31 0.7071120 0.2871735 0.0274863 0.0164160
21 0.5671816 0.4644669 0.0274863 0.0164160
14 0.4272512 0.2871735 0.0274863 0.0164160
13 0.5671816 0.4053691 0.0274863 0.0164161
26 0.4959670 0.3462713 0.0274863 0.0164161
24 0.7071120 0.4644669 0.0274863 0.0164160
16 0.4959670 0.2871735 0.0274863 0.0164160
30 0.3572861 0.4644669 0.0274863 0.0164160
17 0.6371468 0.2280756 0.0274863 0.0164160
13 0.6371468 0.4644669 0.0274863 0.0164160
17 0.3572861 0.2871735 0.0274863 0.0164160
2 0.6371468 0.3462713 0.0274863 0.0164161
6 0.2873209 0.2280756 0.0274863 0.0164160
4 0.4959670 0.4053691 0.0274863 0.0164161
17 0.2873209 0.4053691 0.0274863 0.0164161
3 0.3572861 0.3462713 0.0274863 0.0164161
27 0.5671816 0.2280756 0.0274863 0.0164160
27 0.2873209 0.2871735 0.0274863 0.0164160
19 0.4272512 0.4053691 0.0274863 0.0164161
4 0.2873209 0.5235647 0.0274863 0.0164161
27 0.7071120 0.2280756 0.0274863 0.0164160
5 0.2873209 0.4644669 0.0274863 0.0164160
6 0.4959670 0.2280756 0.0274863 0.0164160
