22 0.1906386 0.4049059 0.0275444 0.0159983
28 0.4710908 0.4049059 0.0275444 0.0159983
32 0.4028558 0.3521117 0.5070676 0.4095553
33 0.4016037 0.1750644 0.4594908 0.0149317
27 0.1906386 0.2897185 0.0275444 0.0159983
25 0.4710908 0.2897185 0.0275444 0.0159983
17 0.4710908 0.3473122 0.0275444 0.0159983
34 0.6113168 0.3467789 0.0651049 0.0575937
24 0.6113169 0.3473122 0.0275444 0.0159983
1 0.5412038 0.4624996 0.0275444 0.0159983
30 0.6113169 0.4624996 0.0275444 0.0159983
12 0.2607516 0.5200933 0.0275444 0.0159983
29 0.3308647 0.5200933 0.0275444 0.0159983
8 0.3997257 0.5200933 0.0275444 0.0159983
26 0.4710908 0.5200933 0.0275444 0.0159983
31 0.6113169 0.5200933 0.0275444 0.0159983
1 0.1906386 0.5200933 0.0275444 0.0159983
9 0.3997257 0.2897185 0.0275444 0.0159983
19 0.2607516 0.4049059 0.0275444 0.0159983
21 0.3308647 0.3473122 0.0275444 0.0159983
19 0.2607516 0.2897185 0.0275444 0.0159983
20 0.4710908 0.2321248 0.0275444 0.0159983
21 0.2607516 0.4624996 0.0275444 0.0159983
5 0.3308647 0.4049059 0.0275444 0.0159983
16 0.3308647 0.2321248 0.0275444 0.0159983
3 0.5412038 0.5200933 0.0275444 0.0159983
7 0.2607516 0.2321248 0.0275444 0.0159983
14 0.5412038 0.4049059 0.0275444 0.0159983
29 0.5412038 0.3473122 0.0275444 0.0159983
14 0.3997257 0.3473122 0.0275444 0.0159983
30 0.3997257 0.2321248 0.0275444 0.0159983
16 0.6113169 0.4049059 0.0275444 0.0159983
7 0.1906386 0.3473122 0.0275444 0.0159983
15 0.3997257 0.4049059 0.0275444 0.0159983
11 0.6113169 0.2897185 0.0275444 0.0159983
12 0.3997257 0.4624996 0.0275444 0.0159983
25 0.5412038 0.2897185 0.0275444 0.0159983
15 0.1906386 0.4624996 0.0275444 0.0159983
5 0.3308647 0.2897185 0.0275444 0.0159983
24 0.2607516 0.3473122 0.0275444 0.0159983
18 0.1906386 0.2321248 0.0275444 0.0159983
10 0.3308647 0.4624996 0.0275444 0.0159983
20 0.4710908 0.4624996 0.0275444 0.0159983
26 0.6113169 0.2321248 0.0275444 0.0159983
10 0.5412038 0.2321248 0.0275444 0.0159983
