29 0.6292870 0.6072256 0.0280812 0.0167225
25 0.3433696 0.4266233 0.0280812 0.0167224
32 0.5597223 0.5520416 0.5169491 0.4280942
33 0.5584459 0.3669800 0.4684452 0.0156076
11 0.7007664 0.4266233 0.0280811 0.0167224
30 0.4148489 0.4868241 0.0280812 0.0167224
22 0.3433696 0.5470248 0.0280812 0.0167225
25 0.4148489 0.5470248 0.0280812 0.0167225
34 0.6286488 0.5464674 0.0676501 0.0602007
23 0.6292870 0.5470248 0.0280812 0.0167225
2 0.7007664 0.5470248 0.0280811 0.0167225
27 0.3433696 0.6674264 0.0280812 0.0167224
18 0.4148489 0.6674264 0.0280812 0.0167224
1 0.4863283 0.6674264 0.0280812 0.0167224
10 0.3433696 0.7276271 0.0280812 0.0167224
5 0.7007664 0.7276271 0.0280811 0.0167224
27 0.7722458 0.6072256 0.0280811 0.0167225
1 0.7007664 0.6072256 0.0280811 0.0167225
2 0.5565313 0.6674264 0.0280812 0.0167224
25 0.7722458 0.6674264 0.0280811 0.0167224
8 0.4148489 0.6072256 0.0280812 0.0167225
27 0.7007664 0.4868241 0.0280811 0.0167224
7 0.5565313 0.5470248 0.0280812 0.0167225
19 0.4863283 0.7276271 0.0280812 0.0167224
9 0.6292870 0.6674264 0.0280812 0.0167224
30 0.7722458 0.4266233 0.0280811 0.0167224
7 0.7722458 0.7276271 0.0280811 0.0167224
17 0.4148489 0.4266233 0.0280812 0.0167224
27 0.5565313 0.4266233 0.0280812 0.0167224
15 0.4148489 0.7276271 0.0280812 0.0167224
22 0.6292870 0.7276271 0.0280812 0.0167224
28 0.4863283 0.5470248 0.0280812 0.0167225
19 0.4863283 0.6072256 0.0280812 0.0167225
19 0.3433696 0.4868241 0.0280812 0.0167224
12 0.7722458 0.4868241 0.0280811 0.0167224
27 0.4863283 0.4868241 0.0280812 0.0167224
5 0.5565313 0.7276271 0.0280812 0.0167224
11 0.5565313 0.6072256 0.0280812 0.0167225
17 0.5565313 0.4868241 0.0280812 0.0167224
1 0.6292870 0.4868241 0.0280812 0.0167224
22 0.4863283 0.4266233 0.0280812 0.0167224
9 0.7722458 0.5470248 0.0280811 0.0167225
22 0.6292870 0.4266233 0.0280812 0.0167224
2 0.7007664 0.6674264 0.0280811 0.0167224
15 0.3433696 0.6072256 0.0280812 0.0167225
