7 0.3355163 0.6007526 0.0277250 0.0160973
16 0.4766619 0.6587028 0.0277251 0.0160973
32 0.4079795 0.5476316 0.5103925 0.4120904
33 0.4067192 0.3694884 0.4625038 0.0150241
18 0.3355163 0.4269020 0.0277250 0.0160973
11 0.4766619 0.4269020 0.0277251 0.0160973
34 0.6178075 0.4263654 0.0655318 0.0579502
29 0.6178075 0.4269020 0.0277250 0.0160973
2 0.4048289 0.4848522 0.0277250 0.0160973
24 0.5472347 0.4848522 0.0277250 0.0160973
8 0.1943707 0.5428024 0.0277250 0.0160973
25 0.4766619 0.6007526 0.0277251 0.0160973
20 0.6178075 0.6007526 0.0277250 0.0160973
10 0.5472347 0.6587028 0.0277250 0.0160973
16 0.1943707 0.7166530 0.0277250 0.0160973
4 0.6178075 0.7166530 0.0277250 0.0160973
1 0.5472347 0.5428024 0.0277250 0.0160973
17 0.5472347 0.7166530 0.0277250 0.0160973
20 0.2649435 0.4269020 0.0277250 0.0160973
16 0.3355163 0.4848522 0.0277250 0.0160973
19 0.4048289 0.4269020 0.0277250 0.0160973
12 0.2649435 0.5428024 0.0277250 0.0160973
6 0.1943707 0.6587028 0.0277250 0.0160973
25 0.6178075 0.6587028 0.0277250 0.0160973
2 0.4048289 0.5428024 0.0277250 0.0160973
18 0.2649435 0.6587028 0.0277250 0.0160973
18 0.2649435 0.7166530 0.0277250 0.0160973
5 0.2649435 0.6007526 0.0277250 0.0160973
31 0.5472347 0.6007526 0.0277250 0.0160973
26 0.4048289 0.7166530 0.0277250 0.0160973
22 0.4766619 0.4848522 0.0277251 0.0160973
13 0.4048289 0.6007526 0.0277250 0.0160973
29 0.3355163 0.7166530 0.0277250 0.0160973
24 0.4048289 0.6587028 0.0277250 0.0160973
19 0.2649435 0.4848522 0.0277250 0.0160973
10 0.3355163 0.6587028 0.0277250 0.0160973
31 0.1943707 0.6007526 0.0277250 0.0160973
21 0.4766619 0.5428024 0.0277251 0.0160973
2 0.6178075 0.4848522 0.0277250 0.0160973
8 0.6178075 0.5428024 0.0277250 0.0160973
18 0.1943707 0.4269020 0.0277250 0.0160973
18 0.1943707 0.4848522 0.0277250 0.0160973
16 0.3355163 0.5428024 0.0277250 0.0160973
28 0.4766619 0.7166530 0.0277251 0.0160973
18 0.5472347 0.4269020 0.0277250 0.0160973
