31 0.4044070 0.3815240 0.0263493 0.0161711
16 0.7397614 0.6143873 0.0263493 0.0161711
32 0.6074162 0.4445911 0.4850662 0.4139793
33 0.6062186 0.2656313 0.4395538 0.0150930
23 0.7397614 0.3233081 0.0263493 0.0161711
21 0.8068324 0.3233081 0.0263493 0.0161711
8 0.4714779 0.3815240 0.0263493 0.0161711
5 0.6044220 0.4397399 0.0263493 0.0161711
10 0.4714779 0.4979557 0.0263493 0.0161711
34 0.7391626 0.4974167 0.0610825 0.0582159
26 0.7397614 0.4979557 0.0263493 0.0161711
18 0.8068324 0.4979557 0.0263493 0.0161711
27 0.6044220 0.5561715 0.0263493 0.0161711
31 0.4714779 0.6143873 0.0263493 0.0161711
14 0.6044220 0.6143873 0.0263493 0.0161711
6 0.8068324 0.6143873 0.0263493 0.0161711
21 0.6726906 0.3815240 0.0263493 0.0161711
31 0.8068324 0.3815240 0.0263493 0.0161711
26 0.7397614 0.5561715 0.0263493 0.0161711
14 0.4044070 0.4979557 0.0263493 0.0161711
17 0.5385488 0.3815240 0.0263493 0.0161711
3 0.5385488 0.3233081 0.0263493 0.0161711
17 0.6726906 0.4979557 0.0263493 0.0161711
28 0.5385488 0.4397399 0.0263493 0.0161711
20 0.6726906 0.4397399 0.0263493 0.0161711
29 0.6044220 0.4979557 0.0263493 0.0161711
7 0.5385488 0.4979557 0.0263493 0.0161711
18 0.4714779 0.5561715 0.0263493 0.0161711
31 0.7397614 0.3815240 0.0263493 0.0161711
20 0.4714779 0.4397399 0.0263493 0.0161711
14 0.4044070 0.3233081 0.0263493 0.0161711
25 0.6726906 0.5561715 0.0263493 0.0161711
2 0.6726906 0.6143873 0.0263493 0.0161711
20 0.6726906 0.3233081 0.0263493 0.0161711
9 0.4044070 0.5561715 0.0263493 0.0161711
13 0.5385488 0.5561715 0.0263493 0.0161711
30 0.6044220 0.3815240 0.0263493 0.0161711
15 0.8068324 0.5561715 0.0263493 0.0161711
19 0.4044070 0.6143873 0.0263493 0.0161711
13 0.7397614 0.4397399 0.0263493 0.0161711
25 0.6044220 0.3233081 0.0263493 0.0161711
8 0.5385488 0.6143873 0.0263493 0.0161711
18 0.8068324 0.4397399 0.0263493 0.0161711
31 0.4714779 0.3233081 0.0263493 0.0161711
12 0.4044070 0.4397399 0.0263493 0.0161711
