21 0.7990966 0.5033723 0.0263496 0.0160326
22 0.7320249 0.5610896 0.0263496 0.0160326
32 0.5996780 0.3927475 0.4850721 0.4104343
33 0.5984804 0.2153201 0.4395592 0.0149638
10 0.5308098 0.2725031 0.0263496 0.0160326
26 0.7320249 0.2725031 0.0263496 0.0160326
34 0.7990966 0.2719686 0.0622809 0.0577173
31 0.7990966 0.2725031 0.0263496 0.0160326
5 0.3966664 0.3302204 0.0263496 0.0160326
6 0.7320249 0.3302204 0.0263496 0.0160326
16 0.7320249 0.3879377 0.0263496 0.0160326
19 0.7990966 0.3879377 0.0263496 0.0160326
31 0.7320249 0.4456550 0.0263496 0.0160326
22 0.7320249 0.5033723 0.0263496 0.0160326
23 0.4637381 0.5610896 0.0263496 0.0160326
9 0.6649532 0.5610896 0.0263496 0.0160326
2 0.4637381 0.5033723 0.0263496 0.0160326
13 0.6649532 0.5033723 0.0263496 0.0160326
12 0.3966664 0.5610896 0.0263496 0.0160326
24 0.7990966 0.4456550 0.0263496 0.0160326
5 0.4637381 0.3302204 0.0263496 0.0160326
31 0.6649532 0.3302204 0.0263496 0.0160326
29 0.6649532 0.2725031 0.0263496 0.0160326
20 0.5966838 0.5033723 0.0263496 0.0160326
8 0.5308098 0.5610896 0.0263496 0.0160326
15 0.7990966 0.3302204 0.0263496 0.0160326
21 0.6649532 0.4456550 0.0263496 0.0160326
27 0.7990966 0.5610896 0.0263496 0.0160326
10 0.5966838 0.2725031 0.0263496 0.0160326
6 0.5308098 0.3302204 0.0263496 0.0160326
3 0.6649532 0.3879377 0.0263496 0.0160326
13 0.5966838 0.5610896 0.0263496 0.0160326
29 0.3966664 0.4456550 0.0263496 0.0160326
2 0.3966664 0.3879377 0.0263496 0.0160326
30 0.3966664 0.5033723 0.0263496 0.0160326
24 0.5308098 0.4456550 0.0263496 0.0160326
21 0.5308098 0.3879377 0.0263496 0.0160326
18 0.5966838 0.3302204 0.0263496 0.0160326
14 0.4637381 0.4456550 0.0263496 0.0160326
10 0.4637381 0.2725031 0.0263496 0.0160326
4 0.5966838 0.3879377 0.0263496 0.0160326
18 0.3966664 0.2725031 0.0263496 0.0160326
16 0.5308098 0.5033723 0.0263496 0.0160326
11 0.5966838 0.4456550 0.0263496 0.0160326
6 0.4637381 0.3879377 0.0263496 0.0160326
