9 0.2301635 0.5250770 0.0275564 0.0161346
30 0.3003070 0.4089081 0.0275564 0.0161346
32 0.4424728 0.4718330 0.5072878 0.4130450
33 0.4412202 0.2932770 0.4596904 0.0150589
30 0.3003070 0.3508236 0.0275564 0.0161346
2 0.4393414 0.4089081 0.0275564 0.0161346
25 0.4393414 0.4669926 0.0275564 0.0161346
7 0.5808810 0.4669926 0.0275564 0.0161346
16 0.6510245 0.4669926 0.0275563 0.0161346
9 0.3003070 0.5250770 0.0275564 0.0161346
34 0.5802547 0.5245392 0.0638807 0.0580844
9 0.5808810 0.5250770 0.0275564 0.0161346
8 0.6510245 0.5831615 0.0275563 0.0161346
10 0.2301635 0.6412459 0.0275564 0.0161346
20 0.5107375 0.6412459 0.0275564 0.0161346
3 0.5808810 0.6412459 0.0275564 0.0161346
9 0.5107375 0.4089081 0.0275564 0.0161346
31 0.2301635 0.5831615 0.0275564 0.0161346
12 0.5107375 0.5831615 0.0275564 0.0161346
1 0.6510245 0.4089081 0.0275563 0.0161346
24 0.2301635 0.4669926 0.0275564 0.0161346
16 0.4393414 0.3508236 0.0275564 0.0161346
5 0.3704505 0.3508236 0.0275564 0.0161346
8 0.3003070 0.5831615 0.0275564 0.0161346
10 0.5808810 0.3508236 0.0275564 0.0161346
20 0.5808810 0.4089081 0.0275564 0.0161346
7 0.5808810 0.5831615 0.0275564 0.0161346
30 0.3704505 0.4669926 0.0275564 0.0161346
8 0.3704505 0.4089081 0.0275564 0.0161346
20 0.3704505 0.5831615 0.0275564 0.0161346
8 0.3003070 0.6412459 0.0275564 0.0161346
16 0.6510245 0.3508236 0.0275563 0.0161346
3 0.5107375 0.5250770 0.0275564 0.0161346
18 0.2301635 0.3508236 0.0275564 0.0161346
1 0.4393414 0.6412459 0.0275564 0.0161346
31 0.4393414 0.5831615 0.0275564 0.0161346
8 0.5107375 0.4669926 0.0275564 0.0161346
3 0.3704505 0.5250770 0.0275564 0.0161346
9 0.3003070 0.4669926 0.0275564 0.0161346
3 0.3704505 0.6412459 0.0275564 0.0161346
20 0.5107375 0.3508236 0.0275564 0.0161346
20 0.2301635 0.4089081 0.0275564 0.0161346
5 0.4393414 0.5250770 0.0275564 0.0161346
15 0.6510245 0.5250770 0.0275563 0.0161346
24 0.6510245 0.6412459 0.0275563 0.0161346
