5 0.3848825 0.3397803 0.0261354 0.0161659
17 0.4514089 0.5143726 0.0261353 0.0161659
32 0.5197172 0.4028276 0.4811281 0.4138482
33 0.5185292 0.2239244 0.4359851 0.0150882
9 0.3183562 0.2815830 0.0261354 0.0161659
27 0.5844616 0.2815830 0.0261353 0.0161659
30 0.6509879 0.2815830 0.0261353 0.0161659
24 0.5844616 0.3397803 0.0261353 0.0161659
34 0.7175143 0.3974389 0.0617744 0.0581974
18 0.7175143 0.3979777 0.0261354 0.0161660
10 0.3848825 0.4561752 0.0261354 0.0161660
23 0.6509879 0.4561752 0.0261353 0.0161660
2 0.3183562 0.5143726 0.0261354 0.0161659
21 0.5844616 0.5143726 0.0261353 0.0161659
26 0.7175143 0.5143726 0.0261354 0.0161659
3 0.7175143 0.5725700 0.0261354 0.0161660
10 0.5844616 0.5725700 0.0261353 0.0161660
30 0.5167472 0.5143726 0.0261353 0.0161659
9 0.7175143 0.3397803 0.0261354 0.0161659
24 0.5167472 0.5725700 0.0261353 0.0161660
26 0.6509879 0.3397803 0.0261353 0.0161659
24 0.3848825 0.5725700 0.0261354 0.0161660
15 0.5844616 0.4561752 0.0261353 0.0161660
15 0.4514089 0.5725700 0.0261353 0.0161660
26 0.3183562 0.3397803 0.0261354 0.0161659
21 0.5167472 0.3979777 0.0261353 0.0161660
1 0.6509879 0.5725700 0.0261353 0.0161660
16 0.7175143 0.4561752 0.0261354 0.0161660
9 0.5167472 0.4561752 0.0261353 0.0161660
16 0.5167472 0.3397803 0.0261353 0.0161659
13 0.7175143 0.2815830 0.0261354 0.0161659
18 0.4514089 0.3397803 0.0261353 0.0161659
12 0.5844616 0.3979777 0.0261353 0.0161660
19 0.3848825 0.5143726 0.0261354 0.0161659
6 0.3848825 0.3979777 0.0261354 0.0161660
7 0.4514089 0.3979777 0.0261353 0.0161660
14 0.6509879 0.3979777 0.0261353 0.0161660
10 0.3183562 0.3979777 0.0261354 0.0161660
22 0.5167472 0.2815830 0.0261353 0.0161659
25 0.4514089 0.4561752 0.0261353 0.0161660
6 0.3183562 0.5725700 0.0261354 0.0161660
26 0.3183562 0.4561752 0.0261354 0.0161660
14 0.6509879 0.5143726 0.0261353 0.0161659
3 0.3848825 0.2815830 0.0261354 0.0161659
27 0.4514089 0.2815830 0.0261353 0.0161659
