20 0.3845267 0.4997662 0.0281229 0.0158777
25 0.7424545 0.5569258 0.0281229 0.0158777
32 0.5296153 0.6188487 0.5177170 0.4064685
33 0.5283370 0.4431359 0.4691411 0.0148192
16 0.3129412 0.4997662 0.0281229 0.0158777
3 0.7424545 0.4997662 0.0281229 0.0158777
12 0.3129412 0.5569258 0.0281229 0.0158777
26 0.3845267 0.5569258 0.0281229 0.0158777
7 0.4561123 0.5569258 0.0281229 0.0158777
25 0.5264195 0.5569258 0.0281229 0.0158777
34 0.3838876 0.6707159 0.0651940 0.0571596
6 0.3845267 0.6712451 0.0281229 0.0158776
6 0.5992834 0.6712451 0.0281229 0.0158776
9 0.4561123 0.7284047 0.0281229 0.0158776
1 0.6708690 0.7284047 0.0281229 0.0158776
4 0.7424545 0.7284047 0.0281229 0.0158776
8 0.5264195 0.6140854 0.0281229 0.0158776
25 0.5264195 0.7284047 0.0281229 0.0158776
1 0.6708690 0.5569258 0.0281229 0.0158777
18 0.7424545 0.6712451 0.0281229 0.0158776
11 0.5264195 0.4997662 0.0281229 0.0158777
25 0.7424545 0.6140854 0.0281229 0.0158776
26 0.5264195 0.7855644 0.0281229 0.0158776
5 0.5992834 0.7284047 0.0281229 0.0158776
12 0.3129412 0.7855644 0.0281229 0.0158776
10 0.4561123 0.6140854 0.0281229 0.0158776
15 0.4561123 0.4997662 0.0281229 0.0158777
3 0.3845267 0.7284047 0.0281229 0.0158776
22 0.6708690 0.6140854 0.0281229 0.0158776
3 0.7424545 0.7855644 0.0281229 0.0158776
12 0.5992834 0.7855644 0.0281229 0.0158776
6 0.3129412 0.6140854 0.0281229 0.0158776
15 0.5992834 0.6140854 0.0281229 0.0158776
10 0.4561123 0.6712451 0.0281229 0.0158776
25 0.6708690 0.4997662 0.0281229 0.0158777
30 0.5264195 0.6712451 0.0281229 0.0158776
9 0.3129412 0.7284047 0.0281229 0.0158776
31 0.5992834 0.5569258 0.0281229 0.0158777
7 0.3845267 0.7855644 0.0281229 0.0158776
7 0.4561123 0.7855644 0.0281229 0.0158776
29 0.5992834 0.4997662 0.0281229 0.0158777
2 0.6708690 0.7855644 0.0281229 0.0158776
1 0.3845267 0.6140854 0.0281229 0.0158776
16 0.3129412 0.6712451 0.0281229 0.0158776
8 0.6708690 0.6712451 0.0281229 0.0158776
