15 0.2834674 0.4967656 0.0265945 0.0164969
16 0.3511626 0.4373767 0.0265945 0.0164969
32 0.4883662 0.5611035 0.4895811 0.4223209
33 0.4871574 0.3785377 0.4436451 0.0153971
29 0.6219433 0.4373767 0.0265945 0.0164969
5 0.3511626 0.4967656 0.0265945 0.0164969
20 0.5542481 0.4967656 0.0265945 0.0164969
8 0.6219433 0.4967656 0.0265945 0.0164969
4 0.6896385 0.4967656 0.0265945 0.0164969
26 0.2834674 0.5561544 0.0265945 0.0164969
21 0.4188578 0.5561544 0.0265945 0.0164969
34 0.2834674 0.6149935 0.0628598 0.0593888
6 0.2834674 0.6155433 0.0265945 0.0164969
22 0.6219433 0.6155433 0.0265945 0.0164969
24 0.3511626 0.6749323 0.0265945 0.0164970
27 0.6219433 0.6749323 0.0265945 0.0164970
6 0.4853442 0.6155433 0.0265945 0.0164969
3 0.4853442 0.6749323 0.0265945 0.0164970
26 0.4188578 0.4373767 0.0265945 0.0164969
29 0.2834674 0.4373767 0.0265945 0.0164969
14 0.4188578 0.6749323 0.0265945 0.0164970
14 0.4188578 0.4967656 0.0265945 0.0164969
15 0.4188578 0.7343212 0.0265945 0.0164969
9 0.6896385 0.5561544 0.0265945 0.0164969
10 0.3511626 0.5561544 0.0265945 0.0164969
12 0.5542481 0.7343212 0.0265945 0.0164969
24 0.6896385 0.4373767 0.0265945 0.0164969
5 0.3511626 0.7343212 0.0265945 0.0164969
2 0.4853442 0.4967656 0.0265945 0.0164969
29 0.6896385 0.6155433 0.0265945 0.0164969
28 0.6896385 0.7343212 0.0265945 0.0164969
16 0.6896385 0.6749323 0.0265945 0.0164970
8 0.5542481 0.6749323 0.0265945 0.0164970
4 0.4188578 0.6155433 0.0265945 0.0164969
22 0.5542481 0.4373767 0.0265945 0.0164969
16 0.6219433 0.7343212 0.0265945 0.0164969
22 0.5542481 0.5561544 0.0265945 0.0164969
4 0.2834674 0.6749323 0.0265945 0.0164970
16 0.6219433 0.5561544 0.0265945 0.0164969
12 0.5542481 0.6155433 0.0265945 0.0164969
4 0.3511626 0.6155433 0.0265945 0.0164969
22 0.2834674 0.7343212 0.0265945 0.0164969
14 0.4853442 0.4373767 0.0265945 0.0164969
27 0.4853442 0.7343212 0.0265945 0.0164969
26 0.4853442 0.5561544 0.0265945 0.0164969
