5 0.5046044 0.5858051 0.0282495 0.0168464
20 0.6497042 0.4038633 0.0282495 0.0168465
32 0.5078146 0.4695645 0.5200481 0.4312697
33 0.5065305 0.2831302 0.4712534 0.0157234
26 0.5046044 0.3432159 0.0282495 0.0168465
12 0.5777963 0.3432159 0.0282495 0.0168465
31 0.7216121 0.3432159 0.0282495 0.0168465
34 0.5046044 0.4033017 0.0667716 0.0606473
7 0.5046044 0.4038633 0.0282495 0.0168465
1 0.5777963 0.4038633 0.0282495 0.0168465
21 0.3620727 0.5251578 0.0282495 0.0168464
24 0.5046044 0.5251578 0.0282495 0.0168464
11 0.3620727 0.5858051 0.0282495 0.0168464
7 0.5777963 0.5858051 0.0282495 0.0168464
13 0.6497042 0.6464525 0.0282495 0.0168464
3 0.7216121 0.6464525 0.0282495 0.0168464
11 0.4339806 0.6464525 0.0282495 0.0168464
11 0.5046044 0.6464525 0.0282495 0.0168464
25 0.3620727 0.6464525 0.0282495 0.0168464
3 0.2901648 0.4645106 0.0282495 0.0168465
3 0.7216121 0.4038633 0.0282495 0.0168465
16 0.2901648 0.4038633 0.0282495 0.0168465
24 0.2901648 0.6464525 0.0282495 0.0168464
24 0.6497042 0.4645106 0.0282495 0.0168465
30 0.2901648 0.5251578 0.0282495 0.0168464
8 0.2901648 0.5858051 0.0282495 0.0168464
12 0.5777963 0.5251578 0.0282495 0.0168464
20 0.6497042 0.5251578 0.0282495 0.0168464
27 0.3620727 0.4038633 0.0282495 0.0168465
27 0.5046044 0.4645106 0.0282495 0.0168465
11 0.7216121 0.5251578 0.0282495 0.0168464
7 0.2901648 0.3432159 0.0282495 0.0168465
15 0.4339806 0.4038633 0.0282495 0.0168465
11 0.5777963 0.4645106 0.0282495 0.0168465
21 0.6497042 0.5858051 0.0282495 0.0168464
2 0.7216121 0.5858051 0.0282495 0.0168464
16 0.4339806 0.4645106 0.0282495 0.0168465
10 0.6497042 0.3432159 0.0282495 0.0168465
21 0.4339806 0.5858051 0.0282495 0.0168464
30 0.4339806 0.5251578 0.0282495 0.0168464
14 0.4339806 0.3432159 0.0282495 0.0168465
18 0.5777963 0.6464525 0.0282495 0.0168464
16 0.3620727 0.3432159 0.0282495 0.0168465
6 0.3620727 0.4645106 0.0282495 0.0168465
27 0.7216121 0.4645106 0.0282495 0.0168465
