4 0.7789269 0.4004123 0.0284622 0.0160472
2 0.3442307 0.4004123 0.0284622 0.0160472
32 0.5635194 0.4052264 0.5239643 0.4108093
33 0.5622256 0.2276370 0.4748022 0.0149774
19 0.3442307 0.2848722 0.0284622 0.0160472
31 0.7064775 0.2848722 0.0284623 0.0160472
9 0.7789269 0.2848722 0.0284622 0.0160472
11 0.3442307 0.3426422 0.0284622 0.0160472
2 0.4166800 0.4004123 0.0284623 0.0160472
34 0.3442307 0.4576474 0.0672744 0.0577700
5 0.3442307 0.4581824 0.0284622 0.0160472
24 0.6340282 0.5159524 0.0284622 0.0160472
5 0.7789269 0.5159524 0.0284622 0.0160472
13 0.5602850 0.5737225 0.0284623 0.0160472
25 0.7064775 0.5737225 0.0284623 0.0160472
14 0.7789269 0.5737225 0.0284622 0.0160472
27 0.4166800 0.5159524 0.0284623 0.0160472
1 0.5602850 0.3426422 0.0284623 0.0160472
10 0.3442307 0.5159524 0.0284622 0.0160472
6 0.4166800 0.4581824 0.0284623 0.0160472
5 0.4891294 0.4004123 0.0284622 0.0160472
29 0.4891294 0.5737225 0.0284622 0.0160472
28 0.6340282 0.5737225 0.0284622 0.0160472
14 0.5602850 0.2848722 0.0284623 0.0160472
19 0.7789269 0.3426422 0.0284622 0.0160472
12 0.4891294 0.4581824 0.0284622 0.0160472
18 0.4891294 0.2848722 0.0284622 0.0160472
6 0.6340282 0.4581824 0.0284622 0.0160472
13 0.5602850 0.4004123 0.0284623 0.0160472
15 0.4891294 0.3426422 0.0284622 0.0160472
12 0.7064775 0.5159524 0.0284623 0.0160472
24 0.7064775 0.4581824 0.0284623 0.0160472
16 0.3442307 0.5737225 0.0284622 0.0160472
1 0.4891294 0.5159524 0.0284622 0.0160472
12 0.4166800 0.5737225 0.0284623 0.0160472
8 0.4166800 0.3426422 0.0284623 0.0160472
26 0.5602850 0.5159524 0.0284623 0.0160472
22 0.6340282 0.3426422 0.0284622 0.0160472
16 0.5602850 0.4581824 0.0284623 0.0160472
4 0.4166800 0.2848722 0.0284623 0.0160472
5 0.6340282 0.4004123 0.0284622 0.0160472
20 0.6340282 0.2848722 0.0284622 0.0160472
9 0.7064775 0.4004123 0.0284623 0.0160472
20 0.7064775 0.3426422 0.0284623 0.0160472
19 0.7789269 0.4581824 0.0284622 0.0160472
