17 0.3685604 0.6237208 0.0275622 0.0173294
17 0.6491934 0.5613349 0.0275622 0.0173294
32 0.4405979 0.5041478 0.5073945 0.4436335
33 0.4393451 0.3123687 0.4597872 0.0161741
24 0.2282439 0.3741770 0.0275622 0.0173294
30 0.5790351 0.3741770 0.0275622 0.0173294
7 0.2984021 0.4365630 0.0275622 0.0173294
3 0.3685604 0.4365630 0.0275622 0.0173294
5 0.4374658 0.4365630 0.0275622 0.0173294
22 0.2984021 0.4989489 0.0275622 0.0173294
8 0.4374658 0.4989489 0.0275622 0.0173294
23 0.5088769 0.4989489 0.0275622 0.0173294
4 0.4374658 0.5613349 0.0275622 0.0173294
19 0.5088769 0.6237208 0.0275622 0.0173294
34 0.5784088 0.6855292 0.0638941 0.0623860
4 0.5790351 0.6861069 0.0275622 0.0173294
3 0.5088769 0.4365630 0.0275622 0.0173294
21 0.6491934 0.6237208 0.0275622 0.0173294
11 0.5088769 0.6861069 0.0275622 0.0173294
25 0.2282439 0.4365630 0.0275622 0.0173294
26 0.5790351 0.5613349 0.0275622 0.0173294
3 0.2282439 0.6861069 0.0275622 0.0173294
9 0.2282439 0.4989489 0.0275622 0.0173294
13 0.5790351 0.4365630 0.0275622 0.0173294
26 0.2984021 0.6237208 0.0275622 0.0173294
25 0.2984021 0.3741770 0.0275622 0.0173294
30 0.2282439 0.6237208 0.0275622 0.0173294
6 0.3685604 0.6861069 0.0275622 0.0173294
26 0.6491934 0.3741770 0.0275622 0.0173294
11 0.5088769 0.5613349 0.0275622 0.0173294
6 0.3685604 0.4989489 0.0275622 0.0173294
8 0.3685604 0.5613349 0.0275622 0.0173294
4 0.4374658 0.3741770 0.0275622 0.0173294
13 0.6491934 0.6861069 0.0275622 0.0173294
1 0.4374658 0.6861069 0.0275622 0.0173294
5 0.5790351 0.4989489 0.0275622 0.0173294
30 0.6491934 0.4989489 0.0275622 0.0173294
10 0.2984021 0.5613349 0.0275622 0.0173294
28 0.2984021 0.6861069 0.0275622 0.0173294
21 0.5790351 0.6237208 0.0275622 0.0173294
18 0.3685604 0.3741770 0.0275622 0.0173294
11 0.4374658 0.6237208 0.0275622 0.0173294
29 0.5088769 0.3741770 0.0275622 0.0173294
14 0.2282439 0.5613349 0.0275622 0.0173294
3 0.6491934 0.4365630 0.0275622 0.0173294
