1 0.5116968 0.3544439 0.0280753 0.0168626
11 0.2973035 0.5365595 0.0280753 0.0168625
32 0.3706821 0.4809131 0.5168409 0.4316815
33 0.3694060 0.2943008 0.4683472 0.0157384
30 0.2973035 0.3544439 0.0280753 0.0168626
29 0.1543746 0.4758543 0.0280753 0.0168626
20 0.4402323 0.4758543 0.0280753 0.0168626
4 0.5116968 0.4758543 0.0280753 0.0168626
6 0.1543746 0.5365595 0.0280753 0.0168625
12 0.2258390 0.5365595 0.0280753 0.0168625
16 0.3674918 0.5365595 0.0280753 0.0168625
13 0.5116968 0.5365595 0.0280753 0.0168625
34 0.5831612 0.5359974 0.0663598 0.0607052
15 0.5831612 0.5365595 0.0280753 0.0168625
26 0.1543746 0.5972647 0.0280753 0.0168626
19 0.1543746 0.6579699 0.0280753 0.0168625
18 0.2973035 0.4758543 0.0280753 0.0168626
16 0.3674918 0.3544439 0.0280753 0.0168626
6 0.4402323 0.3544439 0.0280753 0.0168626
20 0.3674918 0.5972647 0.0280753 0.0168626
15 0.2973035 0.5972647 0.0280753 0.0168626
10 0.2258390 0.5972647 0.0280753 0.0168626
3 0.5116968 0.5972647 0.0280753 0.0168626
16 0.3674918 0.4758543 0.0280753 0.0168626
12 0.4402323 0.6579699 0.0280753 0.0168625
12 0.5116968 0.4151491 0.0280753 0.0168626
29 0.2973035 0.6579699 0.0280753 0.0168625
8 0.1543746 0.4151491 0.0280753 0.0168626
14 0.4402323 0.4151491 0.0280753 0.0168626
28 0.5831612 0.3544439 0.0280753 0.0168626
5 0.5831612 0.4151491 0.0280753 0.0168626
15 0.2258390 0.4151491 0.0280753 0.0168626
13 0.5116968 0.6579699 0.0280753 0.0168625
27 0.5831612 0.4758543 0.0280753 0.0168626
20 0.5831612 0.5972647 0.0280753 0.0168626
20 0.3674918 0.6579699 0.0280753 0.0168625
26 0.2258390 0.6579699 0.0280753 0.0168625
5 0.2258390 0.4758543 0.0280753 0.0168626
28 0.2258390 0.3544439 0.0280753 0.0168626
26 0.1543746 0.3544439 0.0280753 0.0168626
28 0.4402323 0.5972647 0.0280753 0.0168626
1 0.2973035 0.4151491 0.0280753 0.0168626
22 0.3674918 0.4151491 0.0280753 0.0168626
18 0.4402323 0.5365595 0.0280753 0.0168625
15 0.5831612 0.6579699 0.0280753 0.0168625
