26 0.2510984 0.4611045 0.0269097 0.0163957
9 0.5935857 0.3430551 0.0269097 0.0163957
32 0.4584256 0.3479738 0.4953834 0.4197312
33 0.4572024 0.1665275 0.4489029 0.0153027
9 0.3880933 0.2250057 0.0269097 0.0163958
8 0.5935857 0.2250057 0.0269097 0.0163958
2 0.2510984 0.2840304 0.0269097 0.0163957
26 0.3880933 0.2840304 0.0269097 0.0163957
18 0.5935857 0.2840304 0.0269097 0.0163957
14 0.6620831 0.2840304 0.0269097 0.0163957
21 0.2510984 0.4020798 0.0269097 0.0163958
6 0.5935857 0.4020798 0.0269097 0.0163958
34 0.6620831 0.4605580 0.0636048 0.0590247
16 0.6620831 0.4611045 0.0269097 0.0163957
29 0.3880933 0.5201292 0.0269097 0.0163957
5 0.4553676 0.5201292 0.0269097 0.0163957
14 0.3195959 0.4611045 0.0269097 0.0163957
27 0.3880933 0.4611045 0.0269097 0.0163957
17 0.6620831 0.3430551 0.0269097 0.0163957
28 0.3880933 0.4020798 0.0269097 0.0163958
16 0.6620831 0.2250057 0.0269097 0.0163958
13 0.5250882 0.2250057 0.0269097 0.0163958
4 0.4553676 0.2840304 0.0269097 0.0163957
13 0.2510984 0.5201292 0.0269097 0.0163957
6 0.3195959 0.5201292 0.0269097 0.0163957
21 0.5935857 0.4611045 0.0269097 0.0163957
15 0.4553676 0.3430551 0.0269097 0.0163957
27 0.5250882 0.4611045 0.0269097 0.0163957
26 0.5250882 0.5201292 0.0269097 0.0163957
12 0.3195959 0.2840304 0.0269097 0.0163957
11 0.3880933 0.3430551 0.0269097 0.0163957
6 0.4553676 0.4611045 0.0269097 0.0163957
19 0.4553676 0.2250057 0.0269097 0.0163958
9 0.2510984 0.3430551 0.0269097 0.0163957
26 0.5935857 0.5201292 0.0269097 0.0163957
18 0.3195959 0.4020798 0.0269097 0.0163958
13 0.6620831 0.5201292 0.0269097 0.0163957
24 0.2510984 0.2250057 0.0269097 0.0163958
19 0.5250882 0.2840304 0.0269097 0.0163957
27 0.4553676 0.4020798 0.0269097 0.0163958
12 0.3195959 0.3430551 0.0269097 0.0163957
10 0.5250882 0.3430551 0.0269097 0.0163957
17 0.6620831 0.4020798 0.0269097 0.0163958
5 0.3195959 0.2250057 0.0269097 0.0163958
3 0.5250882 0.4020798 0.0269097 0.0163958
