6 0.3290537 0.5081011 0.0262412 0.0170779
5 0.5282485 0.3236599 0.0262412 0.0170779
32 0.5312304 0.4517441 0.4830772 0.4371939
33 0.5300377 0.2627488 0.4377515 0.0159394
1 0.5962371 0.3236599 0.0262412 0.0170779
5 0.4626454 0.3851403 0.0262412 0.0170778
34 0.5282485 0.3845711 0.0620248 0.0614804
29 0.5282485 0.3851403 0.0262412 0.0170778
27 0.4626454 0.4466207 0.0262412 0.0170778
18 0.5282485 0.4466207 0.0262412 0.0170778
4 0.5962371 0.4466207 0.0262412 0.0170778
21 0.3290537 0.5695815 0.0262412 0.0170779
24 0.4626454 0.5695815 0.0262412 0.0170779
16 0.5282485 0.5695815 0.0262412 0.0170779
22 0.5962371 0.5695815 0.0262412 0.0170779
19 0.7298288 0.6310619 0.0262412 0.0170779
6 0.3958496 0.5081011 0.0262412 0.0170779
9 0.6630330 0.5081011 0.0262411 0.0170779
20 0.6630330 0.3236599 0.0262411 0.0170779
14 0.4626454 0.6310619 0.0262412 0.0170779
11 0.7298288 0.3851403 0.0262412 0.0170778
30 0.5962371 0.3851403 0.0262412 0.0170778
8 0.4626454 0.5081011 0.0262412 0.0170779
5 0.7298288 0.3236599 0.0262412 0.0170779
22 0.6630330 0.4466207 0.0262411 0.0170778
20 0.3290537 0.3851403 0.0262412 0.0170778
12 0.7298288 0.5695815 0.0262412 0.0170779
29 0.3290537 0.6310619 0.0262412 0.0170779
21 0.5282485 0.6310619 0.0262412 0.0170779
25 0.5282485 0.5081011 0.0262412 0.0170779
14 0.3958496 0.3851403 0.0262412 0.0170778
30 0.3958496 0.3236599 0.0262412 0.0170779
17 0.6630330 0.6310619 0.0262411 0.0170779
26 0.3290537 0.4466207 0.0262412 0.0170778
9 0.5962371 0.5081011 0.0262412 0.0170779
17 0.3958496 0.4466207 0.0262412 0.0170778
4 0.5962371 0.6310619 0.0262412 0.0170779
17 0.6630330 0.3851403 0.0262411 0.0170778
13 0.7298288 0.5081011 0.0262412 0.0170779
15 0.3958496 0.5695815 0.0262412 0.0170779
25 0.6630330 0.5695815 0.0262411 0.0170779
19 0.3290537 0.3236599 0.0262412 0.0170779
31 0.3958496 0.6310619 0.0262412 0.0170779
31 0.4626454 0.3236599 0.0262412 0.0170779
10 0.7298288 0.4466207 0.0262412 0.0170778
