3 0.6561249 0.2492091 0.0271403 0.0168981
9 0.7942937 0.4317080 0.0271402 0.0168981
32 0.5888910 0.3759445 0.4996281 0.4325901
33 0.5876574 0.1889394 0.4527494 0.0157715
34 0.4482549 0.2486458 0.0629161 0.0608330
3 0.4488718 0.2492091 0.0271403 0.0168981
6 0.7252093 0.2492091 0.0271404 0.0168981
3 0.3797874 0.3100420 0.0271403 0.0168981
25 0.4488718 0.3100420 0.0271403 0.0168981
1 0.5858069 0.3100420 0.0271403 0.0168981
4 0.6561249 0.3100420 0.0271403 0.0168981
15 0.7252093 0.3100420 0.0271404 0.0168981
13 0.6561249 0.3708750 0.0271403 0.0168981
18 0.5179562 0.4925410 0.0271403 0.0168980
5 0.5179562 0.5533740 0.0271403 0.0168981
12 0.5858069 0.5533740 0.0271403 0.0168981
19 0.3797874 0.2492091 0.0271403 0.0168981
17 0.3797874 0.4925410 0.0271403 0.0168980
7 0.7942937 0.3708750 0.0271402 0.0168981
16 0.3797874 0.3708750 0.0271403 0.0168981
18 0.7942937 0.2492091 0.0271402 0.0168981
11 0.4488718 0.5533740 0.0271403 0.0168981
21 0.7942937 0.3100420 0.0271402 0.0168981
9 0.6561249 0.4925410 0.0271403 0.0168980
28 0.5179562 0.2492091 0.0271403 0.0168981
30 0.7252093 0.3708750 0.0271404 0.0168981
11 0.7942937 0.5533740 0.0271402 0.0168981
29 0.4488718 0.4925410 0.0271403 0.0168980
19 0.3797874 0.4317080 0.0271403 0.0168981
31 0.4488718 0.4317080 0.0271403 0.0168981
10 0.5858069 0.4317080 0.0271403 0.0168981
25 0.5179562 0.3708750 0.0271403 0.0168981
30 0.6561249 0.5533740 0.0271403 0.0168981
2 0.4488718 0.3708750 0.0271403 0.0168981
3 0.7252093 0.5533740 0.0271404 0.0168981
22 0.5179562 0.3100420 0.0271403 0.0168981
8 0.7252093 0.4925410 0.0271404 0.0168980
3 0.6561249 0.4317080 0.0271403 0.0168981
13 0.5858069 0.4925410 0.0271403 0.0168980
14 0.5858069 0.3708750 0.0271403 0.0168981
1 0.5179562 0.4317080 0.0271403 0.0168981
10 0.5858069 0.2492091 0.0271403 0.0168981
18 0.7942937 0.4925410 0.0271402 0.0168980
13 0.7252093 0.4317080 0.0271404 0.0168981
22 0.3797874 0.5533740 0.0271403 0.0168981
