11 0.4149881 0.7600991 0.0265516 0.0160644
7 0.4149881 0.4709403 0.0265516 0.0160644
32 0.5519700 0.5914232 0.4887899 0.4112481
33 0.5507631 0.4136440 0.4429281 0.0149934
34 0.3474023 0.4704049 0.0627582 0.0578318
28 0.3474023 0.4709403 0.0265516 0.0160644
16 0.4825739 0.4709403 0.0265516 0.0160644
6 0.3474023 0.5287721 0.0265516 0.0160644
31 0.4149881 0.5287721 0.0265516 0.0160644
11 0.5489528 0.5287721 0.0265516 0.0160644
29 0.7529170 0.5287721 0.0265516 0.0160644
4 0.3474023 0.5866039 0.0265516 0.0160644
14 0.6853313 0.5866039 0.0265516 0.0160644
1 0.7529170 0.6444356 0.0265516 0.0160644
3 0.6177454 0.7022674 0.0265515 0.0160644
21 0.3474023 0.7600991 0.0265516 0.0160644
10 0.5489528 0.7022674 0.0265516 0.0160644
16 0.5489528 0.7600991 0.0265516 0.0160644
17 0.4825739 0.7022674 0.0265516 0.0160644
26 0.6853313 0.5287721 0.0265516 0.0160644
24 0.5489528 0.5866039 0.0265516 0.0160644
3 0.6177454 0.5866039 0.0265515 0.0160644
7 0.4149881 0.7022674 0.0265516 0.0160644
16 0.4149881 0.6444356 0.0265516 0.0160644
11 0.7529170 0.7600991 0.0265516 0.0160644
18 0.6177454 0.5287721 0.0265515 0.0160644
5 0.3474023 0.7022674 0.0265516 0.0160644
3 0.6177454 0.6444356 0.0265515 0.0160644
24 0.5489528 0.4709403 0.0265516 0.0160644
17 0.6853313 0.7022674 0.0265516 0.0160644
22 0.3474023 0.6444356 0.0265516 0.0160644
15 0.4825739 0.5287721 0.0265516 0.0160644
6 0.6177454 0.7600991 0.0265515 0.0160644
27 0.7529170 0.7022674 0.0265516 0.0160644
7 0.6853313 0.7600991 0.0265516 0.0160644
5 0.4825739 0.7600991 0.0265516 0.0160644
8 0.4825739 0.6444356 0.0265516 0.0160644
20 0.4825739 0.5866039 0.0265516 0.0160644
7 0.5489528 0.6444356 0.0265516 0.0160644
7 0.6853313 0.4709403 0.0265516 0.0160644
6 0.4149881 0.5866039 0.0265516 0.0160644
29 0.6853313 0.6444356 0.0265516 0.0160644
20 0.6177454 0.4709403 0.0265515 0.0160644
11 0.7529170 0.5866039 0.0265516 0.0160644
4 0.7529170 0.4709403 0.0265516 0.0160644
