21 0.4676202 0.6518721 0.0286915 0.0164398
26 0.4676202 0.4743229 0.0286915 0.0164397
32 0.3965435 0.5976210 0.5281849 0.4208572
33 0.3952393 0.4156879 0.4786268 0.0153437
10 0.2485213 0.4743229 0.0286915 0.0164397
34 0.3932831 0.4737750 0.0678163 0.0591830
16 0.3932831 0.4743229 0.0286915 0.0164397
31 0.4676202 0.5335060 0.0286915 0.0164397
15 0.5406532 0.5926890 0.0286915 0.0164398
11 0.1754883 0.6518721 0.0286915 0.0164398
13 0.6136861 0.6518721 0.0286915 0.0164398
19 0.2485213 0.7110552 0.0286915 0.0164398
27 0.4676202 0.7110552 0.0286915 0.0164398
3 0.5406532 0.7110552 0.0286915 0.0164398
7 0.3215543 0.7702382 0.0286916 0.0164398
26 0.3932831 0.7702382 0.0286915 0.0164398
22 0.1754883 0.5335060 0.0286915 0.0164397
17 0.4676202 0.7702382 0.0286915 0.0164398
17 0.1754883 0.7702382 0.0286915 0.0164398
26 0.1754883 0.5926890 0.0286915 0.0164398
22 0.2485213 0.5335060 0.0286915 0.0164397
4 0.5406532 0.5335060 0.0286915 0.0164397
7 0.2485213 0.6518721 0.0286915 0.0164398
17 0.6136861 0.7110552 0.0286915 0.0164398
1 0.6136861 0.5926890 0.0286915 0.0164398
12 0.5406532 0.7702382 0.0286915 0.0164398
8 0.1754883 0.7110552 0.0286915 0.0164398
24 0.3932831 0.6518721 0.0286915 0.0164398
3 0.6136861 0.4743229 0.0286915 0.0164397
17 0.3215543 0.4743229 0.0286916 0.0164397
5 0.3215543 0.5926890 0.0286916 0.0164398
28 0.5406532 0.6518721 0.0286915 0.0164398
14 0.4676202 0.5926890 0.0286915 0.0164398
7 0.6136861 0.5335060 0.0286915 0.0164397
4 0.3932831 0.5335060 0.0286915 0.0164397
29 0.3215543 0.5335060 0.0286916 0.0164397
8 0.3932831 0.7110552 0.0286915 0.0164398
20 0.3932831 0.5926890 0.0286915 0.0164398
7 0.3215543 0.7110552 0.0286916 0.0164398
17 0.2485213 0.7702382 0.0286915 0.0164398
13 0.5406532 0.4743229 0.0286915 0.0164397
18 0.1754883 0.4743229 0.0286915 0.0164397
10 0.6136861 0.7702382 0.0286915 0.0164398
7 0.3215543 0.6518721 0.0286916 0.0164398
17 0.2485213 0.5926890 0.0286915 0.0164398
