9 0.1673849 0.4038554 0.0274546 0.0161775
10 0.5168068 0.3456163 0.0274546 0.0161775
32 0.3789099 0.4087086 0.5054138 0.4141445
33 0.3776620 0.2296774 0.4579922 0.0150990
27 0.1673849 0.2873773 0.0274546 0.0161775
25 0.2372692 0.2873773 0.0274546 0.0161775
1 0.3757901 0.2873773 0.0274546 0.0161775
9 0.2372692 0.3456163 0.0274546 0.0161775
31 0.3757901 0.3456163 0.0274546 0.0161775
11 0.2372692 0.4038554 0.0274546 0.0161775
29 0.4469224 0.4038554 0.0274546 0.0161775
7 0.3757901 0.4620944 0.0274546 0.0161775
3 0.4469224 0.4620944 0.0274546 0.0161775
2 0.3757901 0.5203335 0.0274546 0.0161775
34 0.2366453 0.5780333 0.0636447 0.0582391
19 0.2372692 0.5785726 0.0274546 0.0161775
28 0.3757901 0.5785726 0.0274546 0.0161775
31 0.5866911 0.4620944 0.0274546 0.0161775
31 0.1673849 0.4620944 0.0274546 0.0161775
9 0.2372692 0.5203335 0.0274546 0.0161775
12 0.4469224 0.5203335 0.0274546 0.0161775
27 0.3757901 0.4038554 0.0274546 0.0161775
20 0.2372692 0.4620944 0.0274546 0.0161775
31 0.3071536 0.4038554 0.0274546 0.0161775
31 0.5866911 0.3456163 0.0274546 0.0161775
29 0.5168068 0.5203335 0.0274546 0.0161775
4 0.5168068 0.5785726 0.0274546 0.0161775
20 0.4469224 0.3456163 0.0274546 0.0161775
13 0.1673849 0.5785726 0.0274546 0.0161775
30 0.1673849 0.3456163 0.0274546 0.0161775
31 0.5866911 0.2873773 0.0274546 0.0161775
6 0.1673849 0.5203335 0.0274546 0.0161775
25 0.5168068 0.2873773 0.0274546 0.0161775
14 0.5866911 0.4038554 0.0274546 0.0161775
30 0.5168068 0.4038554 0.0274546 0.0161775
26 0.3071536 0.4620944 0.0274546 0.0161775
8 0.4469224 0.5785726 0.0274546 0.0161775
9 0.3071536 0.5785726 0.0274546 0.0161775
10 0.4469224 0.2873773 0.0274546 0.0161775
28 0.5168068 0.4620944 0.0274546 0.0161775
11 0.3071536 0.2873773 0.0274546 0.0161775
22 0.3071536 0.5203335 0.0274546 0.0161775
14 0.5866911 0.5785726 0.0274546 0.0161775
6 0.3071536 0.3456163 0.0274546 0.0161775
30 0.5866911 0.5203335 0.0274546 0.0161775
