15 0.6726253 0.7206146 0.0263702 0.0161725
7 0.6726253 0.6041728 0.0263702 0.0161725
32 0.5401753 0.6090245 0.4854498 0.4140153
33 0.5389767 0.4300491 0.4399015 0.0150943
2 0.6726253 0.4877309 0.0263702 0.0161725
29 0.4712534 0.5459518 0.0263701 0.0161725
27 0.5371787 0.5459518 0.0263701 0.0161725
15 0.7397492 0.5459518 0.0263701 0.0161725
6 0.4041295 0.6041728 0.0263701 0.0161725
23 0.4712534 0.6623937 0.0263701 0.0161725
5 0.5371787 0.6623937 0.0263701 0.0161725
11 0.6055013 0.6623937 0.0263701 0.0161725
34 0.3370056 0.7200754 0.0623294 0.0582209
3 0.3370056 0.7206146 0.0263701 0.0161725
25 0.3370056 0.7788354 0.0263701 0.0161725
4 0.6726253 0.7788354 0.0263702 0.0161725
26 0.3370056 0.6623937 0.0263701 0.0161725
7 0.4041295 0.6623937 0.0263701 0.0161725
7 0.4712534 0.7206146 0.0263701 0.0161725
15 0.7397492 0.7788354 0.0263701 0.0161725
8 0.4712534 0.7788354 0.0263701 0.0161725
18 0.6726253 0.5459518 0.0263702 0.0161725
20 0.5371787 0.6041728 0.0263701 0.0161725
11 0.6055013 0.7788354 0.0263701 0.0161725
9 0.4041295 0.4877309 0.0263701 0.0161725
10 0.6726253 0.6623937 0.0263702 0.0161725
7 0.5371787 0.7788354 0.0263701 0.0161725
20 0.6055013 0.5459518 0.0263701 0.0161725
9 0.6055013 0.6041728 0.0263701 0.0161725
29 0.4712534 0.4877309 0.0263701 0.0161725
5 0.7397492 0.7206146 0.0263701 0.0161725
3 0.4712534 0.6041728 0.0263701 0.0161725
17 0.6055013 0.4877309 0.0263701 0.0161725
18 0.7397492 0.6041728 0.0263701 0.0161725
14 0.4041295 0.5459518 0.0263701 0.0161725
12 0.3370056 0.5459518 0.0263701 0.0161725
20 0.7397492 0.6623937 0.0263701 0.0161725
17 0.5371787 0.7206146 0.0263701 0.0161725
24 0.6055013 0.7206146 0.0263701 0.0161725
25 0.4041295 0.7788354 0.0263701 0.0161725
1 0.3370056 0.4877309 0.0263701 0.0161725
22 0.4041295 0.7206146 0.0263701 0.0161725
4 0.5371787 0.4877309 0.0263701 0.0161725
26 0.7397492 0.4877309 0.0263701 0.0161725
5 0.3370056 0.6041728 0.0263701 0.0161725
