24 0.5567413 0.5047863 0.0287236 0.0161118
18 0.6285502 0.3887812 0.0287236 0.0161118
32 0.6318142 0.4516173 0.5287748 0.4124627
33 0.6305086 0.2733131 0.4791614 0.0150377
17 0.5567413 0.3307786 0.0287236 0.0161118
24 0.8491994 0.3307786 0.0287235 0.0161118
16 0.5567413 0.3887812 0.0287236 0.0161118
29 0.7029704 0.4467838 0.0287236 0.0161119
6 0.7760848 0.4467838 0.0287236 0.0161119
34 0.7023175 0.5042493 0.0691977 0.0580025
2 0.7029704 0.5047863 0.0287236 0.0161118
25 0.4105122 0.5627889 0.0287236 0.0161118
11 0.6285502 0.5627889 0.0287236 0.0161118
26 0.7760848 0.5627889 0.0287236 0.0161118
2 0.6285502 0.6207914 0.0287236 0.0161119
5 0.7029704 0.6207914 0.0287236 0.0161119
7 0.4836267 0.3887812 0.0287236 0.0161118
17 0.6285502 0.5047863 0.0287236 0.0161118
21 0.8491994 0.3887812 0.0287235 0.0161118
12 0.7029704 0.3887812 0.0287236 0.0161118
7 0.5567413 0.4467838 0.0287236 0.0161119
15 0.8491994 0.6207914 0.0287235 0.0161119
2 0.4105122 0.6207914 0.0287236 0.0161119
19 0.4105122 0.3307786 0.0287236 0.0161118
10 0.6285502 0.3307786 0.0287236 0.0161118
2 0.7029704 0.5627889 0.0287236 0.0161118
21 0.4105122 0.4467838 0.0287236 0.0161119
30 0.7760848 0.6207914 0.0287236 0.0161119
1 0.4105122 0.3887812 0.0287236 0.0161118
16 0.7760848 0.3307786 0.0287236 0.0161118
30 0.7029704 0.3307786 0.0287236 0.0161118
22 0.5567413 0.6207914 0.0287236 0.0161119
19 0.4836267 0.3307786 0.0287236 0.0161118
27 0.5567413 0.5627889 0.0287236 0.0161118
31 0.4105122 0.5047863 0.0287236 0.0161118
26 0.8491994 0.4467838 0.0287235 0.0161119
12 0.4836267 0.5627889 0.0287236 0.0161118
7 0.7760848 0.5047863 0.0287236 0.0161118
26 0.8491994 0.5627889 0.0287235 0.0161118
12 0.6285502 0.4467838 0.0287236 0.0161119
17 0.8491994 0.5047863 0.0287235 0.0161118
3 0.4836267 0.4467838 0.0287236 0.0161119
24 0.4836267 0.5047863 0.0287236 0.0161118
24 0.4836267 0.6207914 0.0287236 0.0161119
3 0.7760848 0.3887812 0.0287236 0.0161118
