13 0.4431026 0.4671117 0.0279826 0.0171274
11 0.3019179 0.2821352 0.0279826 0.0171274
32 0.4462825 0.4105911 0.5151336 0.4384629
33 0.4450105 0.2210473 0.4668000 0.0159856
11 0.6580595 0.2821352 0.0279826 0.0171274
1 0.2306895 0.3437940 0.0279826 0.0171275
25 0.4431026 0.3437940 0.0279826 0.0171275
34 0.5861953 0.3432231 0.0648687 0.0616588
6 0.5868312 0.3437940 0.0279826 0.0171275
15 0.2306895 0.4054529 0.0279826 0.0171275
18 0.3731462 0.4054529 0.0279826 0.0171275
31 0.6580595 0.4054529 0.0279826 0.0171275
22 0.3731462 0.4671117 0.0279826 0.0171274
30 0.4431026 0.5287706 0.0279826 0.0171275
9 0.3019179 0.5904294 0.0279826 0.0171275
16 0.5156029 0.5904294 0.0279826 0.0171275
28 0.3731462 0.3437940 0.0279826 0.0171275
4 0.5156029 0.4671117 0.0279826 0.0171274
27 0.5156029 0.3437940 0.0279826 0.0171275
1 0.3019179 0.5287706 0.0279826 0.0171275
11 0.2306895 0.5904294 0.0279826 0.0171275
15 0.4431026 0.4054529 0.0279826 0.0171275
27 0.5156029 0.2821352 0.0279826 0.0171274
2 0.3731462 0.5287706 0.0279826 0.0171275
16 0.5156029 0.5287706 0.0279826 0.0171275
27 0.4431026 0.2821352 0.0279826 0.0171274
12 0.5868312 0.5904294 0.0279826 0.0171275
3 0.5868312 0.4671117 0.0279826 0.0171274
31 0.6580595 0.3437940 0.0279826 0.0171275
17 0.4431026 0.5904294 0.0279826 0.0171275
2 0.6580595 0.4671117 0.0279826 0.0171274
17 0.6580595 0.5904294 0.0279826 0.0171275
15 0.3019179 0.3437940 0.0279826 0.0171275
7 0.5156029 0.4054529 0.0279826 0.0171275
17 0.5868312 0.2821352 0.0279826 0.0171274
19 0.3731462 0.2821352 0.0279826 0.0171274
31 0.3731462 0.5904294 0.0279826 0.0171275
18 0.3019179 0.4671117 0.0279826 0.0171274
10 0.3019179 0.4054529 0.0279826 0.0171275
4 0.2306895 0.2821352 0.0279826 0.0171274
9 0.2306895 0.5287706 0.0279826 0.0171275
24 0.2306895 0.4671117 0.0279826 0.0171274
11 0.6580595 0.5287706 0.0279826 0.0171275
22 0.5868312 0.5287706 0.0279826 0.0171275
2 0.5868312 0.4054529 0.0279826 0.0171275
