30 0.3499886 0.4064657 0.0276405 0.0166173
4 0.4907037 0.5859327 0.0276404 0.0166173
32 0.4222307 0.5310955 0.5088357 0.4254033
33 0.4209743 0.3471972 0.4610931 0.0155095
34 0.2092736 0.4059117 0.0653320 0.0598224
8 0.2092736 0.4064657 0.0276405 0.0166173
23 0.2796311 0.4064657 0.0276405 0.0166173
20 0.4190898 0.4064657 0.0276405 0.0166173
26 0.2092736 0.4662880 0.0276405 0.0166173
7 0.3499886 0.4662880 0.0276405 0.0166173
25 0.5610612 0.4662880 0.0276405 0.0166173
12 0.4907037 0.5261103 0.0276404 0.0166174
6 0.5610612 0.5261103 0.0276405 0.0166174
21 0.5610612 0.5859327 0.0276405 0.0166173
22 0.2796311 0.6457550 0.0276405 0.0166173
15 0.4907037 0.7055774 0.0276404 0.0166173
19 0.6314187 0.4064657 0.0276405 0.0166173
14 0.4190898 0.5261103 0.0276405 0.0166174
13 0.2092736 0.5261103 0.0276405 0.0166174
11 0.6314187 0.6457550 0.0276405 0.0166173
18 0.3499886 0.5261103 0.0276405 0.0166174
20 0.4190898 0.4662880 0.0276405 0.0166173
28 0.2796311 0.4662880 0.0276405 0.0166173
28 0.4190898 0.6457550 0.0276405 0.0166173
6 0.5610612 0.7055774 0.0276405 0.0166173
3 0.5610612 0.6457550 0.0276405 0.0166173
18 0.2796311 0.7055774 0.0276405 0.0166173
13 0.5610612 0.4064657 0.0276405 0.0166173
6 0.4907037 0.4064657 0.0276404 0.0166173
24 0.4907037 0.4662880 0.0276404 0.0166173
6 0.6314187 0.5261103 0.0276405 0.0166174
21 0.6314187 0.5859327 0.0276405 0.0166173
29 0.4190898 0.5859327 0.0276405 0.0166173
19 0.2092736 0.7055774 0.0276405 0.0166173
19 0.2796311 0.5261103 0.0276405 0.0166174
21 0.3499886 0.5859327 0.0276405 0.0166173
21 0.2796311 0.5859327 0.0276405 0.0166173
2 0.4190898 0.7055774 0.0276405 0.0166173
9 0.2092736 0.6457550 0.0276405 0.0166173
27 0.3499886 0.7055774 0.0276405 0.0166173
21 0.6314187 0.7055774 0.0276405 0.0166173
14 0.4907037 0.6457550 0.0276404 0.0166173
6 0.3499886 0.6457550 0.0276405 0.0166173
21 0.6314187 0.4662880 0.0276405 0.0166173
9 0.2092736 0.5859327 0.0276405 0.0166173
