15 0.4465617 0.5951080 0.0281381 0.0170909
7 0.6614346 0.4720538 0.0281381 0.0170909
32 0.5917288 0.4156540 0.5179972 0.4375260
33 0.5904498 0.2265151 0.4693949 0.0159515
23 0.3749374 0.2874725 0.0281381 0.0170909
15 0.7330589 0.2874725 0.0281381 0.0170909
16 0.4465617 0.3489996 0.0281381 0.0170909
19 0.4465617 0.4720538 0.0281381 0.0170909
25 0.5885313 0.4720538 0.0281381 0.0170909
12 0.7330589 0.4720538 0.0281381 0.0170909
22 0.3749374 0.5335809 0.0281381 0.0170909
34 0.5181860 0.5330112 0.0665083 0.0615271
29 0.5181860 0.5335809 0.0281381 0.0170909
13 0.8046832 0.5335809 0.0281381 0.0170909
8 0.5181860 0.5951080 0.0281381 0.0170909
20 0.7330589 0.5951080 0.0281381 0.0170909
3 0.8046832 0.5951080 0.0281381 0.0170909
22 0.5181860 0.2874725 0.0281381 0.0170909
19 0.4465617 0.2874725 0.0281381 0.0170909
24 0.5181860 0.3489996 0.0281381 0.0170909
31 0.6614346 0.3489996 0.0281381 0.0170909
30 0.6614346 0.5335809 0.0281381 0.0170909
30 0.7330589 0.5335809 0.0281381 0.0170909
10 0.8046832 0.3489996 0.0281381 0.0170909
3 0.3749374 0.4105267 0.0281381 0.0170909
3 0.3749374 0.5951080 0.0281381 0.0170909
20 0.6614346 0.4105267 0.0281381 0.0170909
27 0.3749374 0.3489996 0.0281381 0.0170909
16 0.5885313 0.3489996 0.0281381 0.0170909
25 0.6614346 0.5951080 0.0281381 0.0170909
19 0.7330589 0.4105267 0.0281381 0.0170909
8 0.3749374 0.4720538 0.0281381 0.0170909
20 0.5181860 0.4105267 0.0281381 0.0170909
29 0.8046832 0.2874725 0.0281381 0.0170909
18 0.7330589 0.3489996 0.0281381 0.0170909
24 0.5885313 0.2874725 0.0281381 0.0170909
19 0.4465617 0.4105267 0.0281381 0.0170909
4 0.5181860 0.4720538 0.0281381 0.0170909
6 0.6614346 0.2874725 0.0281381 0.0170909
10 0.5885313 0.4105267 0.0281381 0.0170909
13 0.5885313 0.5951080 0.0281381 0.0170909
20 0.8046832 0.4105267 0.0281381 0.0170909
25 0.8046832 0.4720538 0.0281381 0.0170909
25 0.5885313 0.5335809 0.0281381 0.0170909
28 0.4465617 0.5335809 0.0281381 0.0170909
