7 0.5503445 0.6562072 0.0277685 0.0173079
5 0.1969277 0.5938986 0.0277685 0.0173079
32 0.4108711 0.4744737 0.5111922 0.4430835
33 0.4096089 0.2829325 0.4632285 0.0161541
20 0.5503445 0.3446642 0.0277685 0.0173080
25 0.4796612 0.4069728 0.0277685 0.0173079
24 0.1969277 0.4692813 0.0277685 0.0173079
11 0.3382944 0.4692813 0.0277684 0.0173079
8 0.1969277 0.5315900 0.0277685 0.0173079
21 0.4796612 0.5315900 0.0277685 0.0173079
16 0.5503445 0.5315900 0.0277685 0.0173079
27 0.3382944 0.5938986 0.0277684 0.0173079
12 0.4077156 0.5938986 0.0277684 0.0173079
23 0.5503445 0.5938986 0.0277685 0.0173079
34 0.3382944 0.6556303 0.0656346 0.0623086
26 0.3382944 0.6562072 0.0277684 0.0173079
5 0.1969277 0.6562072 0.0277685 0.0173079
22 0.4077156 0.4692813 0.0277684 0.0173079
7 0.6210279 0.5938986 0.0277685 0.0173079
14 0.4796612 0.5938986 0.0277685 0.0173079
18 0.3382944 0.3446642 0.0277684 0.0173080
22 0.5503445 0.4692813 0.0277685 0.0173079
5 0.4077156 0.6562072 0.0277684 0.0173079
29 0.4077156 0.4069728 0.0277684 0.0173079
12 0.6210279 0.6562072 0.0277685 0.0173079
6 0.2676111 0.3446642 0.0277685 0.0173080
14 0.4077156 0.3446642 0.0277684 0.0173080
3 0.2676111 0.6562072 0.0277685 0.0173079
21 0.4796612 0.6562072 0.0277685 0.0173079
12 0.2676111 0.4069728 0.0277685 0.0173079
5 0.2676111 0.5315900 0.0277685 0.0173079
14 0.1969277 0.3446642 0.0277685 0.0173080
16 0.6210279 0.4692813 0.0277685 0.0173079
19 0.3382944 0.4069728 0.0277684 0.0173079
11 0.6210279 0.5315900 0.0277685 0.0173079
19 0.4077156 0.5315900 0.0277684 0.0173079
27 0.4796612 0.3446642 0.0277685 0.0173080
3 0.6210279 0.4069728 0.0277685 0.0173079
13 0.1969277 0.4069728 0.0277685 0.0173079
21 0.4796612 0.4692813 0.0277685 0.0173079
3 0.2676111 0.5938986 0.0277685 0.0173079
16 0.2676111 0.4692813 0.0277685 0.0173079
4 0.5503445 0.4069728 0.0277685 0.0173079
11 0.3382944 0.5315900 0.0277684 0.0173079
9 0.6210279 0.3446642 0.0277685 0.0173080
