8 0.3344705 0.3618579 0.0267391 0.0172836
17 0.4025336 0.4862995 0.0267391 0.0172836
32 0.2682304 0.3670430 0.4922427 0.4424590
33 0.2670150 0.1757717 0.4460570 0.0161313
16 0.3344705 0.2374164 0.0267391 0.0172836
13 0.3344705 0.2996371 0.0267391 0.0172836
17 0.4025336 0.2996371 0.0267391 0.0172836
3 0.4705968 0.2996371 0.0267391 0.0172836
18 0.1302809 0.3618579 0.0267391 0.0172836
7 0.1983441 0.3618579 0.0267391 0.0172836
26 0.2651919 0.3618579 0.0267391 0.0172836
30 0.4025336 0.4240787 0.0267391 0.0172836
15 0.4705968 0.4862995 0.0267391 0.0172836
34 0.1296732 0.5479442 0.0619861 0.0622208
6 0.1302809 0.5485203 0.0267391 0.0172836
12 0.2651919 0.5485203 0.0267391 0.0172836
9 0.0622177 0.5485203 0.0267391 0.0172836
28 0.2651919 0.2374164 0.0267391 0.0172836
8 0.4025336 0.3618579 0.0267391 0.0172836
26 0.3344705 0.5485203 0.0267391 0.0172836
20 0.1983441 0.5485203 0.0267391 0.0172836
13 0.1302809 0.2374164 0.0267391 0.0172836
1 0.4705968 0.4240787 0.0267391 0.0172836
31 0.4705968 0.3618579 0.0267391 0.0172836
31 0.4705968 0.5485203 0.0267391 0.0172836
8 0.4025336 0.2374164 0.0267391 0.0172836
1 0.1983441 0.4240787 0.0267391 0.0172836
3 0.1983441 0.2374164 0.0267391 0.0172836
18 0.0622177 0.2996371 0.0267391 0.0172836
1 0.2651919 0.4862995 0.0267391 0.0172836
7 0.1302809 0.4240787 0.0267391 0.0172836
21 0.0622177 0.3618579 0.0267391 0.0172836
4 0.3344705 0.4240787 0.0267391 0.0172836
22 0.4705968 0.2374164 0.0267391 0.0172836
25 0.4025336 0.5485203 0.0267391 0.0172836
24 0.1983441 0.4862995 0.0267391 0.0172836
29 0.3344705 0.4862995 0.0267391 0.0172836
7 0.0622177 0.4862995 0.0267391 0.0172836
1 0.2651919 0.2996371 0.0267391 0.0172836
13 0.1302809 0.2996371 0.0267391 0.0172836
8 0.1302809 0.4862995 0.0267391 0.0172836
27 0.1983441 0.2996371 0.0267391 0.0172836
9 0.0622177 0.2374164 0.0267391 0.0172836
6 0.0622177 0.4240787 0.0267391 0.0172836
20 0.2651919 0.4240787 0.0267391 0.0172836
