31 0.4616231 0.2700555 0.0264716 0.0162107
28 0.3954441 0.3867722 0.0264716 0.0162107
32 0.4646312 0.3916354 0.4873180 0.4149926
33 0.4634280 0.2122375 0.4415943 0.0151299
4 0.5302085 0.2700555 0.0264716 0.0162107
1 0.6649730 0.2700555 0.0264716 0.0162107
34 0.3274602 0.3278735 0.0613659 0.0583584
26 0.3280618 0.3284138 0.0264716 0.0162107
11 0.4616231 0.3284138 0.0264716 0.0162107
5 0.5302085 0.3284138 0.0264716 0.0162107
20 0.3954441 0.4451305 0.0264716 0.0162106
3 0.4616231 0.4451305 0.0264716 0.0162106
17 0.2606796 0.5034888 0.0264716 0.0162107
18 0.6649730 0.5034888 0.0264716 0.0162107
12 0.3280618 0.5618472 0.0264716 0.0162107
30 0.5302085 0.5618472 0.0264716 0.0162107
20 0.5975908 0.5034888 0.0264716 0.0162107
3 0.5975908 0.5618472 0.0264716 0.0162107
29 0.3954441 0.5618472 0.0264716 0.0162107
7 0.6649730 0.4451305 0.0264716 0.0162106
8 0.3280618 0.5034888 0.0264716 0.0162107
20 0.3280618 0.2700555 0.0264716 0.0162107
20 0.2606796 0.2700555 0.0264716 0.0162107
25 0.6649730 0.5618472 0.0264716 0.0162107
26 0.5975908 0.3867722 0.0264716 0.0162107
19 0.3954441 0.5034888 0.0264716 0.0162107
15 0.4616231 0.5618472 0.0264716 0.0162107
26 0.3280618 0.4451305 0.0264716 0.0162106
5 0.5302085 0.3867722 0.0264716 0.0162107
18 0.4616231 0.3867722 0.0264716 0.0162107
7 0.2606796 0.5618472 0.0264716 0.0162107
6 0.5302085 0.5034888 0.0264716 0.0162107
7 0.6649730 0.3867722 0.0264716 0.0162107
16 0.4616231 0.5034888 0.0264716 0.0162107
17 0.5975908 0.2700555 0.0264716 0.0162107
4 0.2606796 0.3284138 0.0264716 0.0162107
8 0.3280618 0.3867722 0.0264716 0.0162107
12 0.2606796 0.3867722 0.0264716 0.0162107
5 0.2606796 0.4451305 0.0264716 0.0162106
12 0.3954441 0.2700555 0.0264716 0.0162107
18 0.5975908 0.3284138 0.0264716 0.0162107
19 0.5975908 0.4451305 0.0264716 0.0162106
15 0.3954441 0.3284138 0.0264716 0.0162107
21 0.6649730 0.3284138 0.0264716 0.0162107
12 0.5302085 0.4451305 0.0264716 0.0162106
