19 0.0699609 0.7453978 0.0270196 0.0166528
8 0.4138466 0.6854476 0.0270196 0.0166528
32 0.2781346 0.5705431 0.4974062 0.4263126
33 0.2769064 0.3862517 0.4507360 0.0155426
15 0.1387380 0.4456468 0.0270196 0.0166528
7 0.2075151 0.5055970 0.0270196 0.0166528
22 0.3450695 0.5055970 0.0270196 0.0166528
11 0.4138466 0.5055970 0.0270196 0.0166528
31 0.0699609 0.5655472 0.0270196 0.0166528
34 0.2075152 0.5649921 0.0638645 0.0599502
11 0.2075151 0.5655472 0.0270196 0.0166528
23 0.2750642 0.5655472 0.0270196 0.0166528
9 0.2750642 0.6254974 0.0270196 0.0166528
29 0.2075151 0.6854476 0.0270196 0.0166528
5 0.2750642 0.6854476 0.0270196 0.0166528
21 0.3450695 0.7453978 0.0270196 0.0166528
19 0.2075151 0.6254974 0.0270196 0.0166528
4 0.0699609 0.5055970 0.0270196 0.0166528
3 0.4138466 0.6254974 0.0270196 0.0166528
21 0.4826237 0.7453978 0.0270196 0.0166528
25 0.4826237 0.6254974 0.0270196 0.0166528
31 0.4138466 0.5655472 0.0270196 0.0166528
16 0.2075151 0.4456468 0.0270196 0.0166528
29 0.4826237 0.5655472 0.0270196 0.0166528
2 0.1387380 0.5655472 0.0270196 0.0166528
11 0.1387380 0.5055970 0.0270196 0.0166528
2 0.4826237 0.4456468 0.0270196 0.0166528
8 0.4138466 0.7453978 0.0270196 0.0166528
31 0.3450695 0.6854476 0.0270196 0.0166528
2 0.2750642 0.7453978 0.0270196 0.0166528
30 0.1387380 0.7453978 0.0270196 0.0166528
14 0.4138466 0.4456468 0.0270196 0.0166528
27 0.0699609 0.6854476 0.0270196 0.0166528
25 0.1387380 0.6254974 0.0270196 0.0166528
24 0.4826237 0.5055970 0.0270196 0.0166528
20 0.0699609 0.4456468 0.0270196 0.0166528
9 0.0699609 0.6254974 0.0270196 0.0166528
3 0.4826237 0.6854476 0.0270196 0.0166528
20 0.3450695 0.4456468 0.0270196 0.0166528
11 0.2075151 0.7453978 0.0270196 0.0166528
10 0.1387380 0.6854476 0.0270196 0.0166528
2 0.2750642 0.4456468 0.0270196 0.0166528
27 0.3450695 0.5655472 0.0270196 0.0166528
1 0.2750642 0.5055970 0.0270196 0.0166528
20 0.3450695 0.6254974 0.0270196 0.0166528
