29 0.4372070 0.3775033 0.0282290 0.0162480
11 0.7246291 0.4944885 0.0282289 0.0162480
32 0.5828428 0.4408703 0.5196694 0.4159476
33 0.5815596 0.2610596 0.4709103 0.0151648
24 0.5796349 0.3190106 0.0282290 0.0162480
3 0.6527736 0.3190106 0.0282290 0.0162480
20 0.3653515 0.4359959 0.0282290 0.0162480
5 0.6527736 0.4359959 0.0282290 0.0162480
9 0.3653515 0.4944885 0.0282290 0.0162480
1 0.5090626 0.4944885 0.0282290 0.0162480
34 0.5796349 0.5524395 0.0667230 0.0584926
20 0.5796349 0.5529812 0.0282290 0.0162480
29 0.7246291 0.5529812 0.0282289 0.0162480
30 0.3653515 0.6114738 0.0282290 0.0162480
8 0.4372070 0.6114738 0.0282290 0.0162480
22 0.7964847 0.6114738 0.0282290 0.0162480
15 0.7246291 0.3190106 0.0282289 0.0162480
19 0.7246291 0.6114738 0.0282289 0.0162480
29 0.6527736 0.6114738 0.0282290 0.0162480
31 0.4372070 0.3190106 0.0282290 0.0162480
19 0.3653515 0.3775033 0.0282290 0.0162480
19 0.7246291 0.4359959 0.0282289 0.0162480
31 0.7964847 0.4359959 0.0282290 0.0162480
22 0.6527736 0.4944885 0.0282290 0.0162480
27 0.6527736 0.5529812 0.0282290 0.0162480
5 0.7964847 0.4944885 0.0282290 0.0162480
15 0.5090626 0.4359959 0.0282290 0.0162480
31 0.5090626 0.5529812 0.0282290 0.0162480
4 0.5796349 0.4359959 0.0282290 0.0162480
12 0.5796349 0.4944885 0.0282290 0.0162480
30 0.6527736 0.3775033 0.0282290 0.0162480
24 0.7964847 0.3775033 0.0282290 0.0162480
18 0.7964847 0.3190106 0.0282290 0.0162480
4 0.4372070 0.4944885 0.0282290 0.0162480
8 0.7964847 0.5529812 0.0282290 0.0162480
20 0.4372070 0.4359959 0.0282290 0.0162480
8 0.5796349 0.6114738 0.0282290 0.0162480
22 0.5090626 0.3190106 0.0282290 0.0162480
13 0.5796349 0.3775033 0.0282290 0.0162480
24 0.7246291 0.3775033 0.0282289 0.0162480
18 0.3653515 0.5529812 0.0282290 0.0162480
7 0.5090626 0.6114738 0.0282290 0.0162480
24 0.4372070 0.5529812 0.0282290 0.0162480
29 0.3653515 0.3190106 0.0282290 0.0162480
19 0.5090626 0.3775033 0.0282290 0.0162480
