7 0.2575366 0.5469641 0.0283415 0.0162899
6 0.6182471 0.4883202 0.0283416 0.0162900
32 0.4758952 0.5518511 0.5217419 0.4170235
33 0.4746070 0.3715753 0.4727883 0.0152040
16 0.2575366 0.4296762 0.0283415 0.0162900
24 0.2575366 0.4883202 0.0283415 0.0162900
4 0.4018208 0.4883202 0.0283415 0.0162900
18 0.4726746 0.5469641 0.0283416 0.0162899
17 0.6182471 0.5469641 0.0283416 0.0162899
34 0.3290345 0.6050650 0.0657008 0.0586439
29 0.3296786 0.6056080 0.0283415 0.0162899
13 0.6182471 0.6642519 0.0283416 0.0162900
14 0.2575366 0.7228958 0.0283415 0.0162900
26 0.3296786 0.7228958 0.0283415 0.0162900
8 0.5461050 0.7228958 0.0283415 0.0162900
15 0.6903892 0.7228958 0.0283415 0.0162900
6 0.4018208 0.6642519 0.0283415 0.0162900
1 0.6182471 0.4296762 0.0283416 0.0162900
25 0.3296786 0.4296762 0.0283415 0.0162900
26 0.3296786 0.4883202 0.0283415 0.0162900
4 0.2575366 0.6642519 0.0283415 0.0162900
12 0.3296786 0.6642519 0.0283415 0.0162900
25 0.4726746 0.4883202 0.0283416 0.0162900
7 0.5461050 0.5469641 0.0283415 0.0162899
2 0.6903892 0.6056080 0.0283415 0.0162899
27 0.6903892 0.4883202 0.0283415 0.0162900
8 0.6903892 0.5469641 0.0283415 0.0162899
1 0.5461050 0.6642519 0.0283415 0.0162900
18 0.4018208 0.7228958 0.0283415 0.0162900
25 0.5461050 0.4296762 0.0283415 0.0162900
8 0.4018208 0.5469641 0.0283415 0.0162899
3 0.6903892 0.4296762 0.0283415 0.0162900
24 0.6903892 0.6642519 0.0283415 0.0162900
31 0.4726746 0.6642519 0.0283416 0.0162900
11 0.6182471 0.7228958 0.0283416 0.0162900
29 0.4726746 0.6056080 0.0283416 0.0162899
18 0.4018208 0.4296762 0.0283415 0.0162900
14 0.4018208 0.6056080 0.0283415 0.0162899
17 0.4726746 0.4296762 0.0283416 0.0162900
16 0.2575366 0.6056080 0.0283415 0.0162899
12 0.5461050 0.4883202 0.0283415 0.0162900
12 0.6182471 0.6056080 0.0283416 0.0162899
31 0.5461050 0.6056080 0.0283415 0.0162899
12 0.3296786 0.5469641 0.0283415 0.0162899
3 0.4726746 0.7228958 0.0283416 0.0162900
