20 0.3160679 0.6252672 0.0265749 0.0165831
18 0.6542938 0.6252672 0.0265749 0.0165831
32 0.4531702 0.6302422 0.4892197 0.4245283
33 0.4519622 0.4467221 0.4433176 0.0154776
26 0.3160679 0.5058686 0.0265749 0.0165831
17 0.4501503 0.5058686 0.0265749 0.0165831
13 0.5190034 0.5058686 0.0265749 0.0165831
6 0.5190034 0.5655679 0.0265749 0.0165831
9 0.2484227 0.6252672 0.0265749 0.0165831
5 0.5190034 0.6252672 0.0265749 0.0165831
20 0.4501503 0.6849665 0.0265749 0.0165831
21 0.6542938 0.6849665 0.0265749 0.0165831
19 0.3160679 0.7446658 0.0265749 0.0165831
14 0.2484227 0.8043651 0.0265749 0.0165831
34 0.3837131 0.8038123 0.0628134 0.0596993
31 0.3837131 0.8043651 0.0265749 0.0165831
18 0.4501503 0.6252672 0.0265749 0.0165831
24 0.5866486 0.5058686 0.0265749 0.0165831
15 0.4501503 0.5655679 0.0265749 0.0165831
7 0.3160679 0.6849665 0.0265749 0.0165831
21 0.6542938 0.8043651 0.0265749 0.0165831
6 0.3837131 0.5655679 0.0265749 0.0165831
6 0.3160679 0.8043651 0.0265749 0.0165831
2 0.5866486 0.7446658 0.0265749 0.0165831
22 0.2484227 0.7446658 0.0265749 0.0165831
29 0.6542938 0.7446658 0.0265749 0.0165831
14 0.3837131 0.5058686 0.0265749 0.0165831
18 0.4501503 0.8043651 0.0265749 0.0165831
18 0.6542938 0.5655679 0.0265749 0.0165831
25 0.5866486 0.8043651 0.0265749 0.0165831
4 0.3160679 0.5655679 0.0265749 0.0165831
16 0.5190034 0.7446658 0.0265749 0.0165831
5 0.5866486 0.6252672 0.0265749 0.0165831
13 0.3837131 0.6252672 0.0265749 0.0165831
15 0.2484227 0.5655679 0.0265749 0.0165831
9 0.5190034 0.6849665 0.0265749 0.0165831
12 0.2484227 0.6849665 0.0265749 0.0165831
2 0.3837131 0.7446658 0.0265749 0.0165831
3 0.5190034 0.8043651 0.0265749 0.0165831
12 0.5866486 0.6849665 0.0265749 0.0165831
8 0.2484227 0.5058686 0.0265749 0.0165831
19 0.3837131 0.6849665 0.0265749 0.0165831
17 0.5866486 0.5655679 0.0265749 0.0165831
15 0.4501503 0.7446658 0.0265749 0.0165831
11 0.6542938 0.5058686 0.0265749 0.0165831
