28 0.2704068 0.3221331 0.0274040 0.0171605
7 0.2006510 0.6310216 0.0274040 0.0171604
32 0.4117867 0.4508367 0.5044833 0.4393080
33 0.4105410 0.2609274 0.4571491 0.0160164
25 0.6191853 0.3221331 0.0274040 0.0171605
34 0.3401625 0.3833388 0.0647732 0.0617777
29 0.3401625 0.3839108 0.0274040 0.0171605
1 0.2704068 0.4456885 0.0274040 0.0171604
11 0.3401625 0.4456885 0.0274040 0.0171604
31 0.4796739 0.4456885 0.0274040 0.0171604
6 0.2006510 0.5074662 0.0274040 0.0171604
17 0.2704068 0.5074662 0.0274040 0.0171604
21 0.3401625 0.5074662 0.0274040 0.0171604
18 0.2704068 0.5692438 0.0274040 0.0171604
13 0.4796739 0.5692438 0.0274040 0.0171604
8 0.6191853 0.5692438 0.0274040 0.0171604
5 0.2704068 0.6310216 0.0274040 0.0171604
21 0.5494296 0.4456885 0.0274040 0.0171604
5 0.5494296 0.5692438 0.0274040 0.0171604
22 0.5494296 0.5074662 0.0274040 0.0171604
4 0.5494296 0.3221331 0.0274040 0.0171605
20 0.4086726 0.3839108 0.0274040 0.0171605
20 0.6191853 0.6310216 0.0274040 0.0171604
11 0.5494296 0.6310216 0.0274040 0.0171604
4 0.3401625 0.3221331 0.0274040 0.0171605
27 0.6191853 0.3839108 0.0274040 0.0171605
29 0.6191853 0.4456885 0.0274040 0.0171604
16 0.2704068 0.3839108 0.0274040 0.0171605
27 0.4086726 0.4456885 0.0274040 0.0171604
12 0.4086726 0.5692438 0.0274040 0.0171604
20 0.6191853 0.5074662 0.0274040 0.0171604
7 0.4796739 0.3221331 0.0274040 0.0171605
25 0.2006510 0.3839108 0.0274040 0.0171605
26 0.2006510 0.5692438 0.0274040 0.0171604
8 0.4796739 0.5074662 0.0274040 0.0171604
24 0.4796739 0.6310216 0.0274040 0.0171604
12 0.4086726 0.5074662 0.0274040 0.0171604
5 0.4086726 0.6310216 0.0274040 0.0171604
11 0.4086726 0.3221331 0.0274040 0.0171605
9 0.5494296 0.3839108 0.0274040 0.0171605
22 0.3401625 0.5692438 0.0274040 0.0171604
19 0.2006510 0.3221331 0.0274040 0.0171605
31 0.4796739 0.3839108 0.0274040 0.0171605
22 0.3401625 0.6310216 0.0274040 0.0171604
2 0.2006510 0.4456885 0.0274040 0.0171604
