25 0.4522889 0.5894921 0.0268222 0.0163150
25 0.5205635 0.5894921 0.0268222 0.0163150
32 0.6589415 0.4769188 0.4937718 0.4176632
33 0.6577223 0.2963664 0.4474426 0.0152273
26 0.6558936 0.3545565 0.0268222 0.0163150
23 0.8619365 0.3545565 0.0268221 0.0163150
4 0.5205635 0.4720243 0.0268222 0.0163150
5 0.5888381 0.4720243 0.0268222 0.0163150
20 0.4522889 0.5307582 0.0268222 0.0163150
34 0.5199539 0.5302144 0.0621787 0.0587339
20 0.5205635 0.5307582 0.0268222 0.0163150
18 0.5888381 0.5307582 0.0268222 0.0163150
25 0.7253873 0.5307582 0.0268221 0.0163150
12 0.7936620 0.5894921 0.0268222 0.0163150
14 0.5888381 0.6482260 0.0268222 0.0163150
8 0.8619365 0.6482260 0.0268221 0.0163150
10 0.7936620 0.4132904 0.0268222 0.0163150
1 0.6558936 0.5307582 0.0268222 0.0163150
9 0.7936620 0.5307582 0.0268222 0.0163150
31 0.7936620 0.3545565 0.0268222 0.0163150
28 0.7253873 0.3545565 0.0268221 0.0163150
11 0.6558936 0.6482260 0.0268222 0.0163150
6 0.5888381 0.4132904 0.0268222 0.0163150
21 0.4522889 0.4132904 0.0268222 0.0163150
6 0.8619365 0.5307582 0.0268221 0.0163150
9 0.6558936 0.4720243 0.0268222 0.0163150
20 0.5205635 0.3545565 0.0268222 0.0163150
28 0.8619365 0.4132904 0.0268221 0.0163150
11 0.8619365 0.4720243 0.0268221 0.0163150
19 0.7253873 0.5894921 0.0268221 0.0163150
20 0.6558936 0.4132904 0.0268222 0.0163150
7 0.8619365 0.5894921 0.0268221 0.0163150
26 0.5888381 0.3545565 0.0268222 0.0163150
1 0.7253873 0.4132904 0.0268221 0.0163150
31 0.7253873 0.6482260 0.0268221 0.0163150
21 0.7936620 0.6482260 0.0268222 0.0163150
29 0.5205635 0.6482260 0.0268222 0.0163150
21 0.5205635 0.4132904 0.0268222 0.0163150
8 0.7936620 0.4720243 0.0268222 0.0163150
6 0.4522889 0.3545565 0.0268222 0.0163150
18 0.4522889 0.4720243 0.0268222 0.0163150
10 0.5888381 0.5894921 0.0268222 0.0163150
20 0.7253873 0.4720243 0.0268221 0.0163150
31 0.4522889 0.6482260 0.0268222 0.0163150
2 0.6558936 0.5894921 0.0268222 0.0163150
