28 0.5219490 0.3909322 0.0281269 0.0167554
18 0.5935448 0.3306127 0.0281269 0.0167554
32 0.4522709 0.3959589 0.5177913 0.4289393
33 0.4509924 0.2105320 0.4692085 0.0156384
29 0.2355656 0.2702931 0.0281269 0.0167555
27 0.3787573 0.3306127 0.0281269 0.0167554
4 0.4490746 0.3909322 0.0281270 0.0167554
11 0.5935448 0.4512519 0.0281269 0.0167554
34 0.6651407 0.4506933 0.0664819 0.0603196
23 0.6651407 0.4512519 0.0281269 0.0167554
26 0.3787573 0.5115714 0.0281269 0.0167554
2 0.5219490 0.5115714 0.0281269 0.0167554
13 0.3071614 0.5718910 0.0281269 0.0167554
15 0.4490746 0.5718910 0.0281270 0.0167554
23 0.5219490 0.5718910 0.0281269 0.0167554
16 0.6651407 0.5718910 0.0281269 0.0167554
12 0.6651407 0.2702931 0.0281269 0.0167555
10 0.3071614 0.4512519 0.0281269 0.0167554
30 0.5935448 0.3909322 0.0281269 0.0167554
8 0.2355656 0.4512519 0.0281269 0.0167554
27 0.2355656 0.3909322 0.0281269 0.0167554
28 0.5935448 0.5115714 0.0281269 0.0167554
9 0.6651407 0.5115714 0.0281269 0.0167554
5 0.6651407 0.3909322 0.0281269 0.0167554
12 0.2355656 0.5718910 0.0281269 0.0167554
2 0.6651407 0.3306127 0.0281269 0.0167554
20 0.3787573 0.2702931 0.0281269 0.0167555
27 0.3071614 0.3909322 0.0281269 0.0167554
28 0.3071614 0.5115714 0.0281269 0.0167554
28 0.4490746 0.2702931 0.0281270 0.0167555
2 0.3071614 0.3306127 0.0281269 0.0167554
17 0.2355656 0.5115714 0.0281269 0.0167554
20 0.2355656 0.3306127 0.0281269 0.0167554
1 0.3787573 0.3909322 0.0281269 0.0167554
9 0.4490746 0.5115714 0.0281270 0.0167554
18 0.5219490 0.3306127 0.0281269 0.0167554
30 0.4490746 0.3306127 0.0281270 0.0167554
3 0.5219490 0.4512519 0.0281269 0.0167554
9 0.5219490 0.2702931 0.0281269 0.0167555
20 0.3071614 0.2702931 0.0281269 0.0167555
18 0.4490746 0.4512519 0.0281270 0.0167554
29 0.3787573 0.4512519 0.0281269 0.0167554
5 0.3787573 0.5718910 0.0281269 0.0167554
31 0.5935448 0.2702931 0.0281269 0.0167555
13 0.5935448 0.5718910 0.0281269 0.0167554
