5 0.5525859 0.7913127 0.0287355 0.0173655
14 0.3318454 0.6662807 0.0287354 0.0173656
32 0.3351107 0.6089743 0.5289937 0.4445583
33 0.3338046 0.4167955 0.4793597 0.0162079
22 0.5525859 0.4787326 0.0287355 0.0173656
9 0.4062963 0.5412486 0.0287355 0.0173655
14 0.4062963 0.6037646 0.0287355 0.0173656
12 0.2600067 0.6662807 0.0287354 0.0173656
13 0.4062963 0.6662807 0.0287355 0.0173656
29 0.4794411 0.6662807 0.0287355 0.0173656
34 0.5525859 0.6657018 0.0679202 0.0625161
24 0.5525859 0.6662807 0.0287355 0.0173656
18 0.1137171 0.7287967 0.0287355 0.0173656
21 0.3318454 0.7287967 0.0287354 0.0173656
8 0.5525859 0.7287967 0.0287355 0.0173656
30 0.3318454 0.7913127 0.0287354 0.0173655
11 0.1868619 0.6662807 0.0287355 0.0173656
14 0.3318454 0.5412486 0.0287354 0.0173655
16 0.4794411 0.7287967 0.0287355 0.0173656
11 0.4794411 0.7913127 0.0287355 0.0173655
14 0.5525859 0.6037646 0.0287355 0.0173656
8 0.4062963 0.4787326 0.0287355 0.0173656
12 0.1868619 0.5412486 0.0287355 0.0173655
25 0.2600067 0.7287967 0.0287354 0.0173656
20 0.2600067 0.5412486 0.0287354 0.0173655
7 0.4794411 0.5412486 0.0287355 0.0173655
4 0.1868619 0.7287967 0.0287355 0.0173656
30 0.1137171 0.6662807 0.0287355 0.0173656
20 0.4062963 0.7913127 0.0287355 0.0173655
9 0.4794411 0.4787326 0.0287355 0.0173656
28 0.1868619 0.6037646 0.0287355 0.0173656
15 0.5525859 0.5412486 0.0287355 0.0173655
5 0.1137171 0.4787326 0.0287355 0.0173656
24 0.2600067 0.6037646 0.0287354 0.0173656
13 0.3318454 0.4787326 0.0287354 0.0173656
20 0.1137171 0.7913127 0.0287355 0.0173655
21 0.1137171 0.5412486 0.0287355 0.0173655
19 0.3318454 0.6037646 0.0287354 0.0173656
24 0.1868619 0.4787326 0.0287355 0.0173656
4 0.4794411 0.6037646 0.0287355 0.0173656
17 0.2600067 0.7913127 0.0287354 0.0173655
29 0.1137171 0.6037646 0.0287355 0.0173656
2 0.2600067 0.4787326 0.0287354 0.0173656
24 0.1868619 0.7913127 0.0287355 0.0173655
31 0.4062963 0.7287967 0.0287355 0.0173656
