11 0.3847580 0.5254166 0.0281609 0.0164394
30 0.3130757 0.3478714 0.0281609 0.0164394
32 0.4583603 0.3528032 0.5184167 0.4208479
33 0.4570803 0.1708742 0.4697751 0.0153434
13 0.5281226 0.2295079 0.0281609 0.0164393
17 0.5998049 0.2295079 0.0281609 0.0164393
34 0.2413934 0.2881417 0.0665621 0.0591817
7 0.2413934 0.2886897 0.0281609 0.0164394
27 0.3130757 0.2886897 0.0281609 0.0164394
25 0.6714871 0.2886897 0.0281609 0.0164394
31 0.3847580 0.3478714 0.0281609 0.0164394
9 0.6714871 0.3478714 0.0281609 0.0164394
29 0.2413934 0.4662349 0.0281609 0.0164394
7 0.6714871 0.4662349 0.0281609 0.0164394
6 0.6714871 0.5254166 0.0281609 0.0164394
4 0.6714871 0.2295079 0.0281609 0.0164393
25 0.4551602 0.4070532 0.0281609 0.0164393
2 0.5281226 0.3478714 0.0281609 0.0164394
14 0.3130757 0.2295079 0.0281609 0.0164393
11 0.2413934 0.5254166 0.0281609 0.0164394
12 0.3847580 0.4662349 0.0281609 0.0164394
10 0.5281226 0.4070532 0.0281609 0.0164393
4 0.2413934 0.3478714 0.0281609 0.0164394
4 0.5281226 0.5254166 0.0281609 0.0164394
4 0.5281226 0.2886897 0.0281609 0.0164394
31 0.3130757 0.4662349 0.0281609 0.0164394
28 0.3847580 0.2295079 0.0281609 0.0164393
6 0.5998049 0.3478714 0.0281609 0.0164394
15 0.5998049 0.2886897 0.0281609 0.0164394
17 0.2413934 0.2295079 0.0281609 0.0164393
25 0.4551602 0.4662349 0.0281609 0.0164394
27 0.5998049 0.4662349 0.0281609 0.0164394
2 0.3130757 0.5254166 0.0281609 0.0164394
17 0.3130757 0.4070532 0.0281609 0.0164393
14 0.3847580 0.2886897 0.0281609 0.0164394
14 0.5998049 0.4070532 0.0281609 0.0164393
28 0.3847580 0.4070532 0.0281609 0.0164393
28 0.5998049 0.5254166 0.0281609 0.0164394
22 0.4551602 0.5254166 0.0281609 0.0164394
27 0.2413934 0.4070532 0.0281609 0.0164393
3 0.5281226 0.4662349 0.0281609 0.0164394
11 0.4551602 0.2886897 0.0281609 0.0164394
6 0.4551602 0.3478714 0.0281609 0.0164394
27 0.6714871 0.4070532 0.0281609 0.0164393
7 0.4551602 0.2295079 0.0281609 0.0164393
