14 0.2895707 0.4932169 0.0271355 0.0161752
27 0.4264819 0.5514476 0.0271355 0.0161753
32 0.4295655 0.4980694 0.4995409 0.4140856
33 0.4283321 0.3190637 0.4526704 0.0150968
13 0.6349323 0.3767553 0.0271355 0.0161752
19 0.3586430 0.4349860 0.0271356 0.0161752
11 0.4967877 0.4349860 0.0271355 0.0161752
5 0.4967877 0.5514476 0.0271355 0.0161753
14 0.6349323 0.5514476 0.0271355 0.0161753
34 0.2204984 0.6091393 0.0641386 0.0582307
28 0.2204984 0.6096784 0.0271355 0.0161753
2 0.5658600 0.6096784 0.0271355 0.0161753
16 0.6349323 0.6096784 0.0271355 0.0161753
17 0.4264819 0.6679092 0.0271355 0.0161753
15 0.6349323 0.6679092 0.0271355 0.0161753
25 0.4264819 0.6096784 0.0271355 0.0161753
16 0.4264819 0.3767553 0.0271355 0.0161752
5 0.4967877 0.6096784 0.0271355 0.0161753
21 0.4264819 0.4932169 0.0271355 0.0161752
10 0.2204984 0.3767553 0.0271355 0.0161752
3 0.3586430 0.6679092 0.0271356 0.0161753
6 0.3586430 0.4932169 0.0271356 0.0161752
25 0.2204984 0.5514476 0.0271355 0.0161753
16 0.3586430 0.3767553 0.0271356 0.0161752
12 0.3586430 0.6096784 0.0271356 0.0161753
24 0.5658600 0.4349860 0.0271355 0.0161752
31 0.6349323 0.4349860 0.0271355 0.0161752
25 0.2895707 0.5514476 0.0271355 0.0161753
20 0.2204984 0.6679092 0.0271355 0.0161753
2 0.4967877 0.6679092 0.0271355 0.0161753
26 0.5658600 0.4932169 0.0271355 0.0161752
3 0.2895707 0.6679092 0.0271355 0.0161753
12 0.2204984 0.4349860 0.0271355 0.0161752
6 0.4967877 0.3767553 0.0271355 0.0161752
2 0.3586430 0.5514476 0.0271356 0.0161753
16 0.2204984 0.4932169 0.0271355 0.0161752
1 0.5658600 0.6679092 0.0271355 0.0161753
5 0.5658600 0.3767553 0.0271355 0.0161752
14 0.6349323 0.4932169 0.0271355 0.0161752
22 0.2895707 0.4349860 0.0271355 0.0161752
13 0.4264819 0.4349860 0.0271355 0.0161752
28 0.2895707 0.6096784 0.0271355 0.0161753
1 0.4967877 0.4932169 0.0271355 0.0161752
28 0.5658600 0.5514476 0.0271355 0.0161753
20 0.2895707 0.3767553 0.0271355 0.0161752
