21 0.5282558 0.2821048 0.0266115 0.0163379
16 0.3250411 0.5173702 0.0266114 0.0163379
32 0.4623320 0.4046389 0.4898925 0.4182495
33 0.4611223 0.2238331 0.4439272 0.0152487
13 0.3250411 0.2821048 0.0266114 0.0163379
30 0.3250411 0.3409212 0.0266114 0.0163379
34 0.5276509 0.3403766 0.0641094 0.0588164
6 0.5282558 0.3409212 0.0266115 0.0163379
14 0.5959940 0.3409212 0.0266115 0.0163379
8 0.5282558 0.3997375 0.0266115 0.0163378
9 0.2573029 0.4585539 0.0266114 0.0163379
3 0.3250411 0.4585539 0.0266114 0.0163379
6 0.6637321 0.4585539 0.0266114 0.0163379
19 0.2573029 0.5173702 0.0266114 0.0163379
16 0.4593079 0.5761865 0.0266115 0.0163379
2 0.4593079 0.4585539 0.0266115 0.0163379
12 0.3927793 0.2821048 0.0266114 0.0163379
31 0.3927793 0.3997375 0.0266114 0.0163378
16 0.5959940 0.4585539 0.0266115 0.0163379
3 0.4593079 0.2821048 0.0266115 0.0163379
22 0.5959940 0.3997375 0.0266115 0.0163378
27 0.5959940 0.2821048 0.0266115 0.0163379
3 0.2573029 0.5761865 0.0266114 0.0163379
15 0.6637321 0.5173702 0.0266114 0.0163379
22 0.5959940 0.5173702 0.0266115 0.0163379
25 0.4593079 0.3997375 0.0266115 0.0163378
26 0.6637321 0.3409212 0.0266114 0.0163379
19 0.3927793 0.4585539 0.0266114 0.0163379
11 0.6637321 0.3997375 0.0266114 0.0163378
24 0.5282558 0.5761865 0.0266115 0.0163379
29 0.2573029 0.3997375 0.0266114 0.0163378
14 0.3250411 0.5761865 0.0266114 0.0163379
22 0.2573029 0.2821048 0.0266114 0.0163379
5 0.6637321 0.5761865 0.0266114 0.0163379
19 0.3927793 0.5173702 0.0266114 0.0163379
16 0.5282558 0.5173702 0.0266115 0.0163379
8 0.5959940 0.5761865 0.0266115 0.0163379
21 0.3927793 0.3409212 0.0266114 0.0163379
16 0.4593079 0.3409212 0.0266115 0.0163379
11 0.5282558 0.4585539 0.0266115 0.0163379
31 0.3927793 0.5761865 0.0266114 0.0163379
27 0.2573029 0.3409212 0.0266114 0.0163379
25 0.6637321 0.2821048 0.0266114 0.0163379
10 0.3250411 0.3997375 0.0266114 0.0163378
11 0.4593079 0.5173702 0.0266115 0.0163379
