3 0.7480527 0.5359333 0.0285458 0.0164337
22 0.5287692 0.4767721 0.0285458 0.0164337
32 0.5320131 0.4817022 0.5255019 0.4207017
33 0.5307156 0.2998364 0.4761955 0.0153381
31 0.3120808 0.3584497 0.0285458 0.0164336
27 0.4574048 0.3584497 0.0285458 0.0164336
25 0.3120808 0.4767721 0.0285458 0.0164337
23 0.3120808 0.5359333 0.0285458 0.0164337
4 0.4574048 0.5359333 0.0285458 0.0164337
34 0.5287692 0.5353855 0.0674718 0.0591612
10 0.5287692 0.5359333 0.0285458 0.0164337
5 0.3120808 0.5950944 0.0285458 0.0164337
8 0.3847428 0.5950944 0.0285458 0.0164337
12 0.6027288 0.6542556 0.0285458 0.0164336
14 0.6753908 0.6542556 0.0285458 0.0164336
19 0.3120808 0.4176109 0.0285458 0.0164337
28 0.3120808 0.6542556 0.0285458 0.0164336
24 0.3847428 0.4176109 0.0285458 0.0164337
19 0.3847428 0.5359333 0.0285458 0.0164337
4 0.6753908 0.4767721 0.0285458 0.0164337
4 0.7480527 0.4176109 0.0285458 0.0164337
27 0.6753908 0.3584497 0.0285458 0.0164336
16 0.5287692 0.5950944 0.0285458 0.0164337
10 0.6027288 0.4767721 0.0285458 0.0164337
12 0.5287692 0.4176109 0.0285458 0.0164337
31 0.3847428 0.3584497 0.0285458 0.0164336
31 0.6027288 0.3584497 0.0285458 0.0164336
18 0.6027288 0.5950944 0.0285458 0.0164337
7 0.6027288 0.5359333 0.0285458 0.0164337
5 0.7480527 0.4767721 0.0285458 0.0164337
31 0.5287692 0.3584497 0.0285458 0.0164336
14 0.7480527 0.5950944 0.0285458 0.0164337
20 0.4574048 0.6542556 0.0285458 0.0164336
14 0.3847428 0.6542556 0.0285458 0.0164336
9 0.6027288 0.4176109 0.0285458 0.0164337
5 0.4574048 0.4767721 0.0285458 0.0164337
21 0.3847428 0.4767721 0.0285458 0.0164337
12 0.4574048 0.4176109 0.0285458 0.0164337
15 0.6753908 0.4176109 0.0285458 0.0164337
20 0.7480527 0.3584497 0.0285458 0.0164336
7 0.4574048 0.5950944 0.0285458 0.0164337
21 0.7480527 0.6542556 0.0285458 0.0164336
10 0.5287692 0.6542556 0.0285458 0.0164336
22 0.6753908 0.5950944 0.0285458 0.0164337
19 0.6753908 0.5359333 0.0285458 0.0164337
