19 0.7340913 0.6437180 0.0284212 0.0174660
7 0.6617464 0.3922069 0.0284212 0.0174660
32 0.5189943 0.4603245 0.5232087 0.4471309
33 0.5177025 0.2670335 0.4741176 0.0163016
26 0.3000218 0.3293291 0.0284212 0.0174661
14 0.5894014 0.3293291 0.0284212 0.0174661
34 0.4447116 0.3916247 0.0671774 0.0628778
3 0.4447116 0.3922069 0.0284212 0.0174660
7 0.5157647 0.4550847 0.0284212 0.0174660
18 0.7340913 0.4550847 0.0284212 0.0174660
19 0.3000218 0.5179624 0.0284212 0.0174660
3 0.3723667 0.5179624 0.0284212 0.0174660
30 0.5894014 0.5179624 0.0284212 0.0174660
23 0.6617464 0.5179624 0.0284212 0.0174660
20 0.5894014 0.5808403 0.0284212 0.0174660
12 0.3723667 0.3293291 0.0284212 0.0174661
10 0.3000218 0.5808403 0.0284212 0.0174660
17 0.4447116 0.3293291 0.0284212 0.0174661
10 0.7340913 0.5179624 0.0284212 0.0174660
6 0.5894014 0.6437180 0.0284212 0.0174660
13 0.7340913 0.3922069 0.0284212 0.0174660
13 0.3723667 0.6437180 0.0284212 0.0174660
17 0.4447116 0.5179624 0.0284212 0.0174660
9 0.6617464 0.3293291 0.0284212 0.0174661
8 0.3000218 0.6437180 0.0284212 0.0174660
15 0.5157647 0.5808403 0.0284212 0.0174660
17 0.6617464 0.4550847 0.0284212 0.0174660
4 0.3723667 0.3922069 0.0284212 0.0174660
31 0.5157647 0.3293291 0.0284212 0.0174661
26 0.5894014 0.4550847 0.0284212 0.0174660
5 0.6617464 0.5808403 0.0284212 0.0174660
8 0.7340913 0.5808403 0.0284212 0.0174660
8 0.4447116 0.5808403 0.0284212 0.0174660
13 0.3723667 0.5808403 0.0284212 0.0174660
1 0.3723667 0.4550847 0.0284212 0.0174660
31 0.3000218 0.3922069 0.0284212 0.0174660
6 0.7340913 0.3293291 0.0284212 0.0174661
19 0.3000218 0.4550847 0.0284212 0.0174660
13 0.6617464 0.6437180 0.0284212 0.0174660
15 0.5894014 0.3922069 0.0284212 0.0174660
17 0.5157647 0.5179624 0.0284212 0.0174660
19 0.4447116 0.4550847 0.0284212 0.0174660
25 0.4447116 0.6437180 0.0284212 0.0174660
15 0.5157647 0.3922069 0.0284212 0.0174660
3 0.5157647 0.6437180 0.0284212 0.0174660
