18 0.5561539 0.3772652 0.0275628 0.0173326
21 0.6275666 0.5020603 0.0275628 0.0173326
32 0.5592861 0.5072601 0.5074056 0.4437158
33 0.5580332 0.3154454 0.4597972 0.0161771
9 0.7678861 0.4396627 0.0275627 0.0173326
15 0.3469274 0.5020603 0.0275628 0.0173326
20 0.4170872 0.5644578 0.0275628 0.0173326
2 0.6275666 0.5644578 0.0275628 0.0173326
8 0.4170872 0.6268553 0.0275628 0.0173326
30 0.6977264 0.6268553 0.0275627 0.0173326
34 0.7678861 0.6262775 0.0651485 0.0623975
4 0.7678861 0.6268553 0.0275627 0.0173326
18 0.3469274 0.6892529 0.0275628 0.0173326
24 0.6275666 0.6892529 0.0275628 0.0173326
26 0.7678861 0.6892529 0.0275627 0.0173326
2 0.5561539 0.6892529 0.0275628 0.0173326
21 0.7678861 0.3772652 0.0275627 0.0173326
6 0.6977264 0.5644578 0.0275627 0.0173326
18 0.4170872 0.5020603 0.0275628 0.0173326
11 0.3469274 0.6268553 0.0275628 0.0173326
16 0.6275666 0.3772652 0.0275628 0.0173326
4 0.6275666 0.6268553 0.0275628 0.0173326
28 0.5561539 0.5020603 0.0275628 0.0173326
6 0.3469274 0.3772652 0.0275628 0.0173326
31 0.5561539 0.5644578 0.0275628 0.0173326
17 0.4872470 0.4396627 0.0275628 0.0173326
2 0.7678861 0.5020603 0.0275627 0.0173326
6 0.4170872 0.3772652 0.0275628 0.0173326
14 0.6977264 0.3772652 0.0275627 0.0173326
24 0.4872470 0.6268553 0.0275628 0.0173326
8 0.5561539 0.4396627 0.0275628 0.0173326
26 0.4872470 0.6892529 0.0275628 0.0173326
28 0.4170872 0.6892529 0.0275628 0.0173326
27 0.6977264 0.5020603 0.0275627 0.0173326
2 0.3469274 0.4396627 0.0275628 0.0173326
5 0.4872470 0.5644578 0.0275628 0.0173326
30 0.6977264 0.4396627 0.0275627 0.0173326
29 0.4872470 0.3772652 0.0275628 0.0173326
27 0.4170872 0.4396627 0.0275628 0.0173326
24 0.4872470 0.5020603 0.0275628 0.0173326
18 0.5561539 0.6268553 0.0275628 0.0173326
1 0.6275666 0.4396627 0.0275628 0.0173326
22 0.6977264 0.6892529 0.0275627 0.0173326
11 0.7678861 0.5644578 0.0275627 0.0173326
19 0.3469274 0.5644578 0.0275628 0.0173326
