25 0.6390522 0.5918926 0.0280381 0.0172483
6 0.7830663 0.4677051 0.0280382 0.0172483
32 0.6422384 0.4728796 0.5161567 0.4415554
33 0.6409640 0.2819989 0.4677272 0.0160984
13 0.5689569 0.3435177 0.0280381 0.0172483
34 0.4262173 0.4050365 0.0662720 0.0620937
9 0.4262173 0.4056114 0.0280381 0.0172483
25 0.6390522 0.4056114 0.0280381 0.0172483
14 0.7830663 0.4056114 0.0280382 0.0172483
2 0.5689569 0.4677051 0.0280381 0.0172483
31 0.4262173 0.5297989 0.0280381 0.0172483
22 0.7116965 0.5297989 0.0280382 0.0172483
26 0.4975871 0.5918926 0.0280381 0.0172483
12 0.7830663 0.5918926 0.0280382 0.0172483
23 0.5689569 0.6539863 0.0280381 0.0172482
25 0.7116965 0.3435177 0.0280382 0.0172483
3 0.7116965 0.5918926 0.0280382 0.0172483
20 0.4975871 0.4056114 0.0280381 0.0172483
13 0.8544362 0.4056114 0.0280381 0.0172483
11 0.6390522 0.5297989 0.0280381 0.0172483
1 0.4975871 0.4677051 0.0280381 0.0172483
8 0.4262173 0.5918926 0.0280381 0.0172483
21 0.8544362 0.5297989 0.0280381 0.0172483
29 0.4262173 0.3435177 0.0280381 0.0172483
15 0.4975871 0.5297989 0.0280381 0.0172483
28 0.5689569 0.5297989 0.0280381 0.0172483
2 0.8544362 0.6539863 0.0280381 0.0172482
17 0.7830663 0.6539863 0.0280382 0.0172482
21 0.7116965 0.4056114 0.0280382 0.0172483
24 0.8544362 0.5918926 0.0280381 0.0172483
3 0.5689569 0.5918926 0.0280381 0.0172483
19 0.7830663 0.5297989 0.0280382 0.0172483
26 0.4262173 0.6539863 0.0280381 0.0172482
13 0.6390522 0.6539863 0.0280381 0.0172482
31 0.4975871 0.3435177 0.0280381 0.0172483
16 0.7830663 0.3435177 0.0280382 0.0172483
21 0.7116965 0.6539863 0.0280382 0.0172482
28 0.4262173 0.4677051 0.0280381 0.0172483
4 0.5689569 0.4056114 0.0280381 0.0172483
4 0.6390522 0.4677051 0.0280381 0.0172483
27 0.8544362 0.3435177 0.0280381 0.0172483
25 0.8544362 0.4677051 0.0280381 0.0172483
24 0.7116965 0.4677051 0.0280382 0.0172483
24 0.6390522 0.3435177 0.0280381 0.0172483
25 0.4975871 0.6539863 0.0280381 0.0172482
