18 0.5538283 0.4664265 0.0274854 0.0162105
11 0.5538283 0.4080686 0.0274854 0.0162105
32 0.3458138 0.4129317 0.5059811 0.4149893
33 0.3445645 0.2335354 0.4585063 0.0151298
30 0.5538283 0.2913529 0.0274854 0.0162105
8 0.1340513 0.3497107 0.0274854 0.0162105
17 0.1340513 0.4080686 0.0274854 0.0162105
16 0.1340513 0.4664265 0.0274854 0.0162105
29 0.3426905 0.4664265 0.0274854 0.0162105
15 0.4139026 0.4664265 0.0274854 0.0162105
13 0.1340513 0.5831422 0.0274854 0.0162105
25 0.2040142 0.5831422 0.0274854 0.0162105
34 0.2739770 0.5826018 0.0649655 0.0583579
6 0.2739770 0.5831422 0.0274854 0.0162105
20 0.4838654 0.5831422 0.0274854 0.0162105
21 0.1340513 0.5247843 0.0274854 0.0162105
17 0.2040142 0.2913529 0.0274854 0.0162105
11 0.5538283 0.3497107 0.0274854 0.0162105
2 0.2739770 0.5247843 0.0274854 0.0162105
12 0.2739770 0.4664265 0.0274854 0.0162105
9 0.2739770 0.2913529 0.0274854 0.0162105
2 0.5538283 0.5247843 0.0274854 0.0162105
3 0.3426905 0.2913529 0.0274854 0.0162105
5 0.2040142 0.5247843 0.0274854 0.0162105
4 0.4838654 0.4664265 0.0274854 0.0162105
13 0.3426905 0.4080686 0.0274854 0.0162105
9 0.2040142 0.4664265 0.0274854 0.0162105
10 0.2040142 0.4080686 0.0274854 0.0162105
2 0.4838654 0.5247843 0.0274854 0.0162105
30 0.4139026 0.5247843 0.0274854 0.0162105
20 0.3426905 0.3497107 0.0274854 0.0162105
18 0.4838654 0.4080686 0.0274854 0.0162105
28 0.3426905 0.5831422 0.0274854 0.0162105
21 0.2739770 0.3497107 0.0274854 0.0162105
19 0.2040142 0.3497107 0.0274854 0.0162105
21 0.1340513 0.2913529 0.0274854 0.0162105
8 0.4838654 0.2913529 0.0274854 0.0162105
10 0.4838654 0.3497107 0.0274854 0.0162105
27 0.3426905 0.5247843 0.0274854 0.0162105
21 0.4139026 0.2913529 0.0274854 0.0162105
31 0.5538283 0.5831422 0.0274854 0.0162105
26 0.2739770 0.4080686 0.0274854 0.0162105
18 0.4139026 0.4080686 0.0274854 0.0162105
30 0.4139026 0.3497107 0.0274854 0.0162105
22 0.4139026 0.5831422 0.0274854 0.0162105
