6 0.3719217 0.3552287 0.0271405 0.0163299
27 0.4410066 0.5903793 0.0271405 0.0163299
32 0.3046872 0.4189153 0.4996321 0.4180455
33 0.3034536 0.2381978 0.4527530 0.0152413
6 0.3719217 0.2964411 0.0271405 0.0163299
8 0.1646669 0.3552287 0.0271405 0.0163299
34 0.2337518 0.3546844 0.0641503 0.0587876
19 0.2337518 0.3552287 0.0271405 0.0163299
7 0.3016031 0.3552287 0.0271405 0.0163299
20 0.0955820 0.4728040 0.0271405 0.0163299
2 0.3719217 0.4728040 0.0271405 0.0163299
22 0.1646669 0.5315917 0.0271405 0.0163299
21 0.3016031 0.5315917 0.0271405 0.0163299
15 0.2337518 0.5903793 0.0271405 0.0163299
27 0.3719217 0.5903793 0.0271405 0.0163299
10 0.5100916 0.3552287 0.0271405 0.0163299
7 0.3016031 0.4140164 0.0271405 0.0163299
22 0.3016031 0.4728040 0.0271405 0.0163299
12 0.1646669 0.4728040 0.0271405 0.0163299
13 0.0955820 0.4140164 0.0271405 0.0163299
12 0.4410066 0.3552287 0.0271405 0.0163299
14 0.3016031 0.5903793 0.0271405 0.0163299
15 0.5100916 0.5315917 0.0271405 0.0163299
28 0.3016031 0.2964411 0.0271405 0.0163299
3 0.1646669 0.4140164 0.0271405 0.0163299
26 0.0955820 0.5315917 0.0271405 0.0163299
6 0.4410066 0.4140164 0.0271405 0.0163299
24 0.5100916 0.4140164 0.0271405 0.0163299
5 0.0955820 0.5903793 0.0271405 0.0163299
9 0.2337518 0.4728040 0.0271405 0.0163299
29 0.4410066 0.4728040 0.0271405 0.0163299
9 0.0955820 0.2964411 0.0271405 0.0163299
12 0.1646669 0.2964411 0.0271405 0.0163299
19 0.2337518 0.2964411 0.0271405 0.0163299
6 0.3719217 0.4140164 0.0271405 0.0163299
10 0.5100916 0.2964411 0.0271405 0.0163299
15 0.1646669 0.5903793 0.0271405 0.0163299
30 0.0955820 0.3552287 0.0271405 0.0163299
24 0.2337518 0.5315917 0.0271405 0.0163299
29 0.2337518 0.4140164 0.0271405 0.0163299
2 0.5100916 0.5903793 0.0271405 0.0163299
14 0.3719217 0.5315917 0.0271405 0.0163299
31 0.4410066 0.5315917 0.0271405 0.0163299
1 0.4410066 0.2964411 0.0271405 0.0163299
19 0.5100916 0.4728040 0.0271405 0.0163299
