24 0.1517893 0.4322788 0.0276683 0.0167577
19 0.5039316 0.4926066 0.0276683 0.0167577
32 0.2945327 0.3769783 0.5093486 0.4289979
33 0.2932750 0.1915261 0.4615579 0.0156405
17 0.2222178 0.2512953 0.0276683 0.0167577
9 0.2913885 0.2512953 0.0276683 0.0167577
23 0.0813608 0.3116232 0.0276683 0.0167577
6 0.2913885 0.3116232 0.0276683 0.0167577
18 0.2222178 0.4926066 0.0276683 0.0167577
8 0.3630746 0.4926066 0.0276683 0.0167577
2 0.0813608 0.5529345 0.0276683 0.0167577
15 0.1517893 0.5529345 0.0276683 0.0167577
5 0.2222178 0.5529345 0.0276683 0.0167577
34 0.2913885 0.5523759 0.0653979 0.0603278
12 0.2913885 0.5529345 0.0276683 0.0167577
25 0.1517893 0.4926066 0.0276683 0.0167577
5 0.3630746 0.5529345 0.0276683 0.0167577
27 0.4335031 0.5529345 0.0276683 0.0167577
24 0.5039316 0.2512953 0.0276683 0.0167577
17 0.1517893 0.2512953 0.0276683 0.0167577
6 0.0813608 0.3719510 0.0276683 0.0167577
3 0.0813608 0.2512953 0.0276683 0.0167577
19 0.5039316 0.4322788 0.0276683 0.0167577
27 0.4335031 0.3116232 0.0276683 0.0167577
27 0.2222178 0.3719510 0.0276683 0.0167577
7 0.5039316 0.5529345 0.0276683 0.0167577
12 0.4335031 0.4322788 0.0276683 0.0167577
27 0.1517893 0.3116232 0.0276683 0.0167577
24 0.2222178 0.4322788 0.0276683 0.0167577
13 0.2913885 0.4322788 0.0276683 0.0167577
19 0.3630746 0.4322788 0.0276683 0.0167577
29 0.2222178 0.3116232 0.0276683 0.0167577
4 0.5039316 0.3719510 0.0276683 0.0167577
15 0.1517893 0.3719510 0.0276683 0.0167577
25 0.4335031 0.3719510 0.0276683 0.0167577
3 0.4335031 0.4926066 0.0276683 0.0167577
9 0.3630746 0.2512953 0.0276683 0.0167577
7 0.0813608 0.4926066 0.0276683 0.0167577
9 0.2913885 0.4926066 0.0276683 0.0167577
31 0.3630746 0.3116232 0.0276683 0.0167577
7 0.0813608 0.4322788 0.0276683 0.0167577
20 0.4335031 0.2512953 0.0276683 0.0167577
31 0.3630746 0.3719510 0.0276683 0.0167577
10 0.2913885 0.3719510 0.0276683 0.0167577
19 0.5039316 0.3116232 0.0276683 0.0167577
