18 0.4429010 0.7025331 0.0268325 0.0168409
25 0.3746000 0.7025331 0.0268325 0.0168409
32 0.5130314 0.5257039 0.4939623 0.4311263
33 0.5118118 0.3393315 0.4476153 0.0157181
18 0.3062990 0.3993973 0.0268325 0.0168409
14 0.5795029 0.4600245 0.0268325 0.0168409
12 0.7161049 0.4600245 0.0268325 0.0168409
6 0.3062990 0.5206516 0.0268325 0.0168409
10 0.3746000 0.6419059 0.0268325 0.0168409
34 0.4429010 0.6413445 0.0634223 0.0606272
31 0.4429010 0.6419059 0.0268325 0.0168409
29 0.5795029 0.6419059 0.0268325 0.0168409
24 0.7161049 0.6419059 0.0268325 0.0168409
2 0.5099823 0.7025331 0.0268325 0.0168409
21 0.6478039 0.7025331 0.0268326 0.0168409
25 0.3746000 0.4600245 0.0268325 0.0168409
8 0.5099823 0.5206516 0.0268325 0.0168409
2 0.6478039 0.3993973 0.0268326 0.0168409
11 0.3746000 0.3993973 0.0268325 0.0168409
1 0.4429010 0.5812788 0.0268325 0.0168408
1 0.3062990 0.6419059 0.0268325 0.0168409
11 0.4429010 0.4600245 0.0268325 0.0168409
24 0.5795029 0.3993973 0.0268325 0.0168409
3 0.3062990 0.7025331 0.0268325 0.0168409
25 0.6478039 0.5812788 0.0268326 0.0168408
5 0.7161049 0.5206516 0.0268325 0.0168409
30 0.7161049 0.5812788 0.0268325 0.0168408
16 0.3746000 0.5812788 0.0268325 0.0168408
4 0.7161049 0.3993973 0.0268325 0.0168409
3 0.5795029 0.5812788 0.0268325 0.0168408
29 0.3062990 0.4600245 0.0268325 0.0168409
10 0.3746000 0.5206516 0.0268325 0.0168409
13 0.7161049 0.7025331 0.0268325 0.0168409
6 0.4429010 0.5206516 0.0268325 0.0168409
21 0.3062990 0.5812788 0.0268325 0.0168408
3 0.5795029 0.7025331 0.0268325 0.0168409
3 0.6478039 0.5206516 0.0268326 0.0168409
6 0.5099823 0.4600245 0.0268325 0.0168409
11 0.6478039 0.6419059 0.0268326 0.0168409
24 0.5795029 0.5206516 0.0268325 0.0168409
10 0.6478039 0.4600245 0.0268326 0.0168409
4 0.5099823 0.6419059 0.0268325 0.0168409
31 0.5099823 0.3993973 0.0268325 0.0168409
27 0.5099823 0.5812788 0.0268325 0.0168408
3 0.4429010 0.3993973 0.0268325 0.0168409
