3 0.3775295 0.4618326 0.0282354 0.0166222
14 0.5212732 0.4019924 0.0282353 0.0166222
32 0.5950702 0.5266594 0.5197873 0.4255300
33 0.5937867 0.3427063 0.4710171 0.0155141
23 0.7368887 0.4019924 0.0282353 0.0166222
2 0.6650168 0.4618326 0.0282354 0.0166222
31 0.8087605 0.5216727 0.0282353 0.0166222
21 0.3775295 0.5815129 0.0282354 0.0166222
8 0.5212732 0.5815129 0.0282353 0.0166222
34 0.5918616 0.5809588 0.0667381 0.0598402
29 0.5918616 0.5815129 0.0282354 0.0166222
15 0.5212732 0.6413531 0.0282353 0.0166222
6 0.6650168 0.6413531 0.0282354 0.0166222
17 0.4494014 0.7011932 0.0282354 0.0166223
26 0.5918616 0.7011932 0.0282354 0.0166223
22 0.4494014 0.4019924 0.0282354 0.0166222
21 0.3775295 0.7011932 0.0282354 0.0166223
24 0.3775295 0.6413531 0.0282354 0.0166222
8 0.4494014 0.5216727 0.0282354 0.0166222
6 0.4494014 0.6413531 0.0282354 0.0166222
26 0.6650168 0.5815129 0.0282354 0.0166222
24 0.4494014 0.4618326 0.0282354 0.0166222
10 0.5212732 0.7011932 0.0282353 0.0166223
13 0.7368887 0.7011932 0.0282353 0.0166223
20 0.5918616 0.4618326 0.0282354 0.0166222
5 0.7368887 0.5216727 0.0282353 0.0166222
12 0.5212732 0.5216727 0.0282353 0.0166222
11 0.7368887 0.4618326 0.0282353 0.0166222
17 0.4494014 0.5815129 0.0282354 0.0166222
17 0.6650168 0.7011932 0.0282354 0.0166223
29 0.8087605 0.6413531 0.0282353 0.0166222
12 0.7368887 0.5815129 0.0282353 0.0166222
21 0.8087605 0.5815129 0.0282353 0.0166222
12 0.5918616 0.6413531 0.0282354 0.0166222
28 0.3775295 0.4019924 0.0282354 0.0166222
24 0.3775295 0.5216727 0.0282354 0.0166222
21 0.8087605 0.4019924 0.0282353 0.0166222
9 0.7368887 0.6413531 0.0282353 0.0166222
17 0.8087605 0.7011932 0.0282353 0.0166223
15 0.6650168 0.4019924 0.0282354 0.0166222
11 0.5212732 0.4618326 0.0282353 0.0166222
15 0.5918616 0.4019924 0.0282354 0.0166222
7 0.6650168 0.5216727 0.0282354 0.0166222
5 0.8087605 0.4618326 0.0282353 0.0166222
19 0.5918616 0.5216727 0.0282354 0.0166222
