3 0.4479864 0.2849436 0.0281585 0.0168007
1 0.3763103 0.5873568 0.0281585 0.0168007
32 0.5932584 0.4109491 0.5183717 0.4300987
33 0.5919785 0.2250211 0.4697344 0.0156807
16 0.3763103 0.2849436 0.0281585 0.0168007
34 0.5900586 0.3448663 0.0665564 0.0604826
4 0.5900586 0.3454263 0.0281585 0.0168007
8 0.8063668 0.3454263 0.0281584 0.0168007
18 0.3763103 0.4059089 0.0281585 0.0168007
26 0.5196624 0.4059089 0.0281585 0.0168007
21 0.6630146 0.4059089 0.0281584 0.0168007
13 0.5196624 0.5268742 0.0281585 0.0168007
20 0.6630146 0.5268742 0.0281584 0.0168007
30 0.7346907 0.5268742 0.0281585 0.0168007
31 0.5900586 0.5873568 0.0281585 0.0168007
4 0.7346907 0.4663915 0.0281585 0.0168007
19 0.8063668 0.2849436 0.0281584 0.0168007
4 0.4479864 0.5268742 0.0281585 0.0168007
27 0.7346907 0.3454263 0.0281585 0.0168007
24 0.8063668 0.4663915 0.0281584 0.0168007
12 0.6630146 0.4663915 0.0281584 0.0168007
13 0.5900586 0.4059089 0.0281585 0.0168007
9 0.5196624 0.2849436 0.0281585 0.0168007
19 0.5900586 0.5268742 0.0281585 0.0168007
5 0.4479864 0.4059089 0.0281585 0.0168007
5 0.5196624 0.3454263 0.0281585 0.0168007
15 0.4479864 0.3454263 0.0281585 0.0168007
13 0.3763103 0.5268742 0.0281585 0.0168007
26 0.5196624 0.5873568 0.0281585 0.0168007
1 0.3763103 0.4663915 0.0281585 0.0168007
3 0.5900586 0.2849436 0.0281585 0.0168007
4 0.3763103 0.3454263 0.0281585 0.0168007
16 0.6630146 0.2849436 0.0281584 0.0168007
22 0.8063668 0.4059089 0.0281584 0.0168007
28 0.7346907 0.4059089 0.0281585 0.0168007
14 0.8063668 0.5873568 0.0281584 0.0168007
12 0.6630146 0.5873568 0.0281584 0.0168007
19 0.7346907 0.5873568 0.0281585 0.0168007
14 0.5900586 0.4663915 0.0281585 0.0168007
9 0.7346907 0.2849436 0.0281585 0.0168007
12 0.6630146 0.3454263 0.0281584 0.0168007
31 0.4479864 0.5873568 0.0281585 0.0168007
11 0.8063668 0.5268742 0.0281584 0.0168007
11 0.5196624 0.4663915 0.0281585 0.0168007
2 0.4479864 0.4663915 0.0281585 0.0168007
