11 0.3768878 0.6704397 0.0263545 0.0163492
26 0.1085515 0.6704397 0.0263545 0.0163492
32 0.3116006 0.4987734 0.4851617 0.4185387
33 0.3104027 0.3178426 0.4396404 0.0152592
12 0.1085515 0.3761546 0.0263545 0.0163491
14 0.3086058 0.3761546 0.0263544 0.0163491
7 0.5110560 0.3761546 0.0263545 0.0163491
10 0.3768878 0.4350117 0.0263545 0.0163492
34 0.4433729 0.4344667 0.0610944 0.0588570
23 0.4439719 0.4350117 0.0263545 0.0163492
11 0.1085515 0.6115827 0.0263545 0.0163492
31 0.1756355 0.6115827 0.0263545 0.0163492
26 0.5110560 0.6115827 0.0263545 0.0163492
29 0.2427196 0.6704397 0.0263544 0.0163492
27 0.5110560 0.6704397 0.0263545 0.0163492
2 0.3086058 0.6115827 0.0263544 0.0163492
18 0.4439719 0.3761546 0.0263545 0.0163491
27 0.1085515 0.4938687 0.0263545 0.0163491
10 0.1756355 0.3761546 0.0263545 0.0163491
16 0.5110560 0.4350117 0.0263545 0.0163492
14 0.5110560 0.4938687 0.0263545 0.0163491
7 0.3768878 0.5527257 0.0263545 0.0163492
12 0.1085515 0.4350117 0.0263545 0.0163492
3 0.5110560 0.5527257 0.0263545 0.0163492
4 0.3086058 0.4938687 0.0263544 0.0163491
11 0.1756355 0.6704397 0.0263545 0.0163492
24 0.3768878 0.4938687 0.0263545 0.0163491
19 0.4439719 0.5527257 0.0263545 0.0163492
28 0.3086058 0.6704397 0.0263544 0.0163492
17 0.4439719 0.4938687 0.0263545 0.0163491
15 0.4439719 0.6704397 0.0263545 0.0163492
11 0.1756355 0.4350117 0.0263545 0.0163492
13 0.2427196 0.4350117 0.0263544 0.0163492
6 0.2427196 0.4938687 0.0263544 0.0163491
28 0.1756355 0.4938687 0.0263545 0.0163491
14 0.2427196 0.3761546 0.0263544 0.0163491
5 0.3086058 0.4350117 0.0263544 0.0163492
12 0.1756355 0.5527257 0.0263545 0.0163492
12 0.3768878 0.3761546 0.0263545 0.0163491
3 0.4439719 0.6115827 0.0263545 0.0163492
12 0.3768878 0.6115827 0.0263545 0.0163492
27 0.2427196 0.5527257 0.0263544 0.0163492
3 0.2427196 0.6115827 0.0263544 0.0163492
14 0.1085515 0.5527257 0.0263545 0.0163492
21 0.3086058 0.5527257 0.0263544 0.0163492
