18 0.5765683 0.6976466 0.0267751 0.0158797
5 0.5084134 0.6976466 0.0267752 0.0158797
32 0.6465488 0.5880764 0.4929063 0.4065210
33 0.6453318 0.4123408 0.4466583 0.0148211
16 0.5084134 0.4689785 0.0267752 0.0158797
24 0.7128783 0.4689785 0.0267752 0.0158797
7 0.5765683 0.5261455 0.0267751 0.0158797
26 0.6435062 0.5261455 0.0267752 0.0158797
19 0.7810332 0.5261455 0.0267752 0.0158797
14 0.7128783 0.5833126 0.0267752 0.0158797
12 0.5765683 0.6404796 0.0267751 0.0158797
3 0.7128783 0.6404796 0.0267752 0.0158797
34 0.6435062 0.6971173 0.0632867 0.0571670
28 0.6435062 0.6976466 0.0267752 0.0158797
15 0.7128783 0.7548136 0.0267752 0.0158797
5 0.8491881 0.6976466 0.0267751 0.0158797
8 0.4402584 0.6404796 0.0267751 0.0158797
15 0.6435062 0.5833126 0.0267752 0.0158797
9 0.5765683 0.5833126 0.0267751 0.0158797
13 0.5765683 0.7548136 0.0267751 0.0158797
29 0.8491881 0.5261455 0.0267751 0.0158797
5 0.7128783 0.5261455 0.0267752 0.0158797
22 0.5084134 0.6404796 0.0267752 0.0158797
15 0.6435062 0.4689785 0.0267752 0.0158797
24 0.5084134 0.5833126 0.0267752 0.0158797
20 0.8491881 0.6404796 0.0267751 0.0158797
11 0.7810332 0.6404796 0.0267752 0.0158797
27 0.7810332 0.5833126 0.0267752 0.0158797
21 0.5765683 0.4689785 0.0267751 0.0158797
6 0.4402584 0.7548136 0.0267751 0.0158797
28 0.4402584 0.5833126 0.0267751 0.0158797
6 0.8491881 0.4689785 0.0267751 0.0158797
15 0.4402584 0.5261455 0.0267751 0.0158797
20 0.4402584 0.6976466 0.0267751 0.0158797
24 0.5084134 0.5261455 0.0267752 0.0158797
18 0.4402584 0.4689785 0.0267751 0.0158797
21 0.7810332 0.6976466 0.0267752 0.0158797
25 0.7810332 0.7548136 0.0267752 0.0158797
22 0.7128783 0.6976466 0.0267752 0.0158797
6 0.8491881 0.5833126 0.0267751 0.0158797
2 0.5084134 0.7548136 0.0267752 0.0158797
16 0.6435062 0.7548136 0.0267752 0.0158797
12 0.6435062 0.6404796 0.0267752 0.0158797
24 0.7810332 0.4689785 0.0267752 0.0158797
31 0.8491881 0.7548136 0.0267751 0.0158797
