11 0.4650102 0.6393380 0.0278632 0.0168745
29 0.6068593 0.6393380 0.0278632 0.0168745
32 0.3959855 0.5836521 0.5129362 0.4319871
33 0.3947190 0.3969077 0.4648088 0.0157495
1 0.3928192 0.4570934 0.0278632 0.0168745
4 0.5359348 0.4570934 0.0278632 0.0168745
16 0.3231612 0.5178416 0.0278632 0.0168745
31 0.4650102 0.5178416 0.0278632 0.0168745
27 0.6068593 0.5178416 0.0278632 0.0168745
7 0.2522367 0.5785897 0.0278632 0.0168745
8 0.1813122 0.6393380 0.0278632 0.0168745
34 0.5353015 0.6387755 0.0645920 0.0607482
21 0.5359348 0.6393380 0.0278632 0.0168745
17 0.3231612 0.7000861 0.0278632 0.0168745
9 0.4650102 0.7608343 0.0278632 0.0168745
2 0.6068593 0.7000861 0.0278632 0.0168745
22 0.3928192 0.6393380 0.0278632 0.0168745
1 0.3928192 0.7000861 0.0278632 0.0168745
15 0.3231612 0.6393380 0.0278632 0.0168745
28 0.5359348 0.5178416 0.0278632 0.0168745
12 0.2522367 0.4570934 0.0278632 0.0168745
16 0.5359348 0.7608343 0.0278632 0.0168745
15 0.3928192 0.5178416 0.0278632 0.0168745
15 0.5359348 0.7000861 0.0278632 0.0168745
29 0.1813122 0.5178416 0.0278632 0.0168745
19 0.3231612 0.5785897 0.0278632 0.0168745
8 0.4650102 0.4570934 0.0278632 0.0168745
3 0.4650102 0.7000861 0.0278632 0.0168745
24 0.2522367 0.5178416 0.0278632 0.0168745
9 0.5359348 0.5785897 0.0278632 0.0168745
16 0.1813122 0.5785897 0.0278632 0.0168745
24 0.4650102 0.5785897 0.0278632 0.0168745
30 0.3231612 0.4570934 0.0278632 0.0168745
25 0.6068593 0.4570934 0.0278632 0.0168745
22 0.2522367 0.6393380 0.0278632 0.0168745
15 0.1813122 0.7608343 0.0278632 0.0168745
18 0.3231612 0.7608343 0.0278632 0.0168745
16 0.1813122 0.7000861 0.0278632 0.0168745
12 0.2522367 0.7608343 0.0278632 0.0168745
26 0.2522367 0.7000861 0.0278632 0.0168745
30 0.6068593 0.5785897 0.0278632 0.0168745
3 0.3928192 0.7608343 0.0278632 0.0168745
10 0.6068593 0.7608343 0.0278632 0.0168745
16 0.3928192 0.5785897 0.0278632 0.0168745
21 0.1813122 0.4570934 0.0278632 0.0168745
