24 0.2856785 0.6638561 0.0278823 0.0173378
10 0.2856785 0.7262722 0.0278823 0.0173378
32 0.2888469 0.5442253 0.5132882 0.4438476
33 0.2875795 0.3523537 0.4651279 0.0161819
12 0.2159727 0.4141918 0.0278823 0.0173378
25 0.4288922 0.4766079 0.0278823 0.0173378
31 0.0740263 0.5390240 0.0278823 0.0173378
10 0.1449995 0.5390240 0.0278823 0.0173378
21 0.2159727 0.5390240 0.0278823 0.0173378
26 0.3579190 0.5390240 0.0278823 0.0173378
19 0.4288922 0.5390240 0.0278823 0.0173378
2 0.3579190 0.6014400 0.0278823 0.0173378
34 0.4998654 0.6008621 0.0659037 0.0624160
28 0.4998654 0.6014400 0.0278823 0.0173378
23 0.1449995 0.7262722 0.0278823 0.0173378
22 0.1449995 0.4766079 0.0278823 0.0173378
11 0.2856785 0.4141918 0.0278823 0.0173378
7 0.1449995 0.6638561 0.0278823 0.0173378
19 0.3579190 0.4766079 0.0278823 0.0173378
9 0.0740263 0.6638561 0.0278823 0.0173378
14 0.2159727 0.4766079 0.0278823 0.0173378
21 0.4998654 0.6638561 0.0278823 0.0173378
30 0.4288922 0.6014400 0.0278823 0.0173378
15 0.4288922 0.4141918 0.0278823 0.0173378
28 0.3579190 0.4141918 0.0278823 0.0173378
20 0.2159727 0.6638561 0.0278823 0.0173378
16 0.0740263 0.4766079 0.0278823 0.0173378
10 0.4288922 0.7262722 0.0278823 0.0173378
11 0.0740263 0.6014400 0.0278823 0.0173378
19 0.2159727 0.6014400 0.0278823 0.0173378
4 0.2856785 0.5390240 0.0278823 0.0173378
19 0.4998654 0.4141918 0.0278823 0.0173378
25 0.3579190 0.7262722 0.0278823 0.0173378
6 0.4288922 0.6638561 0.0278823 0.0173378
29 0.2856785 0.4766079 0.0278823 0.0173378
3 0.3579190 0.6638561 0.0278823 0.0173378
1 0.2159727 0.7262722 0.0278823 0.0173378
15 0.1449995 0.4141918 0.0278823 0.0173378
29 0.2856785 0.6014400 0.0278823 0.0173378
4 0.0740263 0.7262722 0.0278823 0.0173378
7 0.4998654 0.4766079 0.0278823 0.0173378
28 0.1449995 0.6014400 0.0278823 0.0173378
5 0.0740263 0.4141918 0.0278823 0.0173378
2 0.4998654 0.7262722 0.0278823 0.0173378
6 0.4998654 0.5390240 0.0278823 0.0173378
