28 0.4969404 0.6080915 0.0267336 0.0164589
19 0.4969404 0.6673438 0.0267336 0.0164589
32 0.4307139 0.5537770 0.4921418 0.4213490
33 0.4294987 0.3716313 0.4459655 0.0153617
26 0.2247435 0.4303349 0.0267336 0.0164589
29 0.4276760 0.4303349 0.0267336 0.0164589
6 0.4969404 0.4303349 0.0267336 0.0164589
10 0.6330389 0.4303349 0.0267336 0.0164589
34 0.2921851 0.4890385 0.0619734 0.0592522
27 0.2927927 0.4895871 0.0267336 0.0164589
22 0.3608419 0.4895871 0.0267336 0.0164589
27 0.5649897 0.4895871 0.0267336 0.0164589
21 0.2927927 0.5488393 0.0267336 0.0164589
1 0.4276760 0.6080915 0.0267336 0.0164589
19 0.5649897 0.6673438 0.0267336 0.0164589
9 0.4969404 0.7265960 0.0267336 0.0164589
18 0.3608419 0.4303349 0.0267336 0.0164589
22 0.4969404 0.5488393 0.0267336 0.0164589
30 0.5649897 0.7265960 0.0267336 0.0164589
16 0.6330389 0.6080915 0.0267336 0.0164589
5 0.2247435 0.4895871 0.0267336 0.0164589
25 0.6330389 0.4895871 0.0267336 0.0164589
12 0.3608419 0.6673438 0.0267336 0.0164589
20 0.2927927 0.6673438 0.0267336 0.0164589
20 0.3608419 0.5488393 0.0267336 0.0164589
8 0.5649897 0.5488393 0.0267336 0.0164589
14 0.6330389 0.6673438 0.0267336 0.0164589
22 0.4969404 0.4895871 0.0267336 0.0164589
11 0.5649897 0.4303349 0.0267336 0.0164589
19 0.2247435 0.6673438 0.0267336 0.0164589
29 0.2247435 0.6080915 0.0267336 0.0164589
7 0.6330389 0.7265960 0.0267336 0.0164589
12 0.4276760 0.4895871 0.0267336 0.0164589
18 0.5649897 0.6080915 0.0267336 0.0164589
12 0.6330389 0.5488393 0.0267336 0.0164589
6 0.2927927 0.4303349 0.0267336 0.0164589
27 0.2247435 0.7265960 0.0267336 0.0164589
1 0.3608419 0.6080915 0.0267336 0.0164589
22 0.4276760 0.5488393 0.0267336 0.0164589
17 0.3608419 0.7265960 0.0267336 0.0164589
21 0.2247435 0.5488393 0.0267336 0.0164589
21 0.4276760 0.6673438 0.0267336 0.0164589
3 0.2927927 0.6080915 0.0267336 0.0164589
16 0.2927927 0.7265960 0.0267336 0.0164589
2 0.4276760 0.7265960 0.0267336 0.0164589
