13 0.6922484 0.2954940 0.0277533 0.0171047
25 0.6203422 0.4802248 0.0277533 0.0171047
32 0.6234960 0.3622024 0.5109127 0.4378804
33 0.6222345 0.1729103 0.4629752 0.0159644
11 0.6203422 0.2339171 0.0277533 0.0171047
29 0.6922484 0.2339171 0.0277533 0.0171047
13 0.7628931 0.2339171 0.0277532 0.0171047
19 0.4096696 0.2954940 0.0277533 0.0171047
18 0.6203422 0.2954940 0.0277533 0.0171047
15 0.8335379 0.2954940 0.0277532 0.0171047
3 0.4096696 0.4186479 0.0277533 0.0171047
31 0.6922484 0.4186479 0.0277533 0.0171047
27 0.8335379 0.4186479 0.0277532 0.0171047
34 0.7622624 0.4796547 0.0643372 0.0615769
22 0.7628931 0.4802248 0.0277532 0.0171047
20 0.6922484 0.4802248 0.0277533 0.0171047
24 0.4803143 0.2339171 0.0277533 0.0171047
13 0.4803143 0.4802248 0.0277533 0.0171047
19 0.8335379 0.4802248 0.0277532 0.0171047
6 0.6922484 0.3570710 0.0277533 0.0171047
18 0.7628931 0.2954940 0.0277532 0.0171047
25 0.4803143 0.5418018 0.0277533 0.0171047
3 0.7628931 0.4186479 0.0277532 0.0171047
9 0.7628931 0.5418018 0.0277532 0.0171047
22 0.4096696 0.3570710 0.0277533 0.0171047
1 0.4096696 0.4802248 0.0277533 0.0171047
5 0.5509590 0.5418018 0.0277533 0.0171047
26 0.4803143 0.4186479 0.0277533 0.0171047
18 0.5509590 0.4802248 0.0277533 0.0171047
26 0.8335379 0.5418018 0.0277532 0.0171047
5 0.6203422 0.5418018 0.0277533 0.0171047
30 0.8335379 0.3570710 0.0277532 0.0171047
24 0.6922484 0.5418018 0.0277533 0.0171047
19 0.5509590 0.2339171 0.0277533 0.0171047
20 0.4096696 0.5418018 0.0277533 0.0171047
19 0.4803143 0.2954940 0.0277533 0.0171047
2 0.4096696 0.2339171 0.0277533 0.0171047
9 0.8335379 0.2339171 0.0277532 0.0171047
14 0.5509590 0.4186479 0.0277533 0.0171047
18 0.5509590 0.2954940 0.0277533 0.0171047
30 0.6203422 0.4186479 0.0277533 0.0171047
11 0.7628931 0.3570710 0.0277532 0.0171047
14 0.5509590 0.3570710 0.0277533 0.0171047
1 0.4803143 0.3570710 0.0277533 0.0171047
9 0.6203422 0.3570710 0.0277533 0.0171047
