6 0.2886222 0.2989825 0.0280049 0.0166377
3 0.2886222 0.4187738 0.0280049 0.0166377
32 0.2918046 0.3638695 0.5155446 0.4259246
33 0.2905316 0.1797458 0.4671725 0.0155285
6 0.4324655 0.2390869 0.0280049 0.0166377
24 0.5037507 0.2390869 0.0280049 0.0166377
11 0.4324655 0.2989825 0.0280049 0.0166377
34 0.5037507 0.2984279 0.0661934 0.0598957
4 0.5037507 0.2989825 0.0280049 0.0166377
29 0.0760396 0.3588782 0.0280049 0.0166376
31 0.2186100 0.3588782 0.0280049 0.0166376
20 0.4324655 0.4786695 0.0280049 0.0166376
23 0.0760396 0.5385652 0.0280049 0.0166377
21 0.4324655 0.5385652 0.0280049 0.0166377
8 0.5037507 0.5385652 0.0280049 0.0166377
30 0.2186100 0.4187738 0.0280049 0.0166377
29 0.1473248 0.5385652 0.0280049 0.0166377
18 0.5037507 0.4187738 0.0280049 0.0166377
26 0.3611803 0.2390869 0.0280049 0.0166377
25 0.2186100 0.4786695 0.0280049 0.0166376
9 0.2886222 0.4786695 0.0280049 0.0166376
2 0.0760396 0.2390869 0.0280049 0.0166377
6 0.3611803 0.4187738 0.0280049 0.0166377
26 0.3611803 0.4786695 0.0280049 0.0166376
17 0.1473248 0.2989825 0.0280049 0.0166377
7 0.0760396 0.2989825 0.0280049 0.0166377
5 0.5037507 0.4786695 0.0280049 0.0166376
13 0.3611803 0.3588782 0.0280049 0.0166376
2 0.2186100 0.2989825 0.0280049 0.0166377
27 0.2886222 0.2390869 0.0280049 0.0166377
25 0.3611803 0.5385652 0.0280049 0.0166377
22 0.4324655 0.3588782 0.0280049 0.0166376
7 0.4324655 0.4187738 0.0280049 0.0166377
12 0.2886222 0.3588782 0.0280049 0.0166376
4 0.1473248 0.4187738 0.0280049 0.0166377
13 0.2186100 0.2390869 0.0280049 0.0166377
6 0.5037507 0.3588782 0.0280049 0.0166376
4 0.1473248 0.3588782 0.0280049 0.0166376
17 0.0760396 0.4786695 0.0280049 0.0166376
7 0.2886222 0.5385652 0.0280049 0.0166377
14 0.1473248 0.4786695 0.0280049 0.0166376
11 0.3611803 0.2989825 0.0280049 0.0166377
22 0.2186100 0.5385652 0.0280049 0.0166377
19 0.1473248 0.2390869 0.0280049 0.0166377
20 0.0760396 0.4187738 0.0280049 0.0166377
