14 0.4679750 0.5348108 0.0280194 0.0159160
16 0.7532640 0.6494059 0.0280195 0.0159160
32 0.5412077 0.4822880 0.5158127 0.4074493
33 0.5399340 0.3061511 0.4674154 0.0148549
34 0.5380236 0.3623876 0.0662278 0.0572975
15 0.5380236 0.3629181 0.0280194 0.0159160
17 0.3966528 0.4202157 0.0280194 0.0159160
1 0.3966528 0.4775132 0.0280194 0.0159159
30 0.6819417 0.4775132 0.0280195 0.0159159
12 0.3966528 0.5348108 0.0280194 0.0159160
19 0.5380236 0.5348108 0.0280194 0.0159160
3 0.6106195 0.5348108 0.0280194 0.0159160
26 0.5380236 0.5921083 0.0280194 0.0159160
2 0.6106195 0.6494059 0.0280194 0.0159160
23 0.6819417 0.6494059 0.0280195 0.0159160
14 0.4679750 0.6494059 0.0280194 0.0159160
20 0.7532640 0.5921083 0.0280195 0.0159160
4 0.4679750 0.3629181 0.0280194 0.0159160
22 0.3253305 0.6494059 0.0280194 0.0159160
29 0.3253305 0.5348108 0.0280194 0.0159160
5 0.4679750 0.4775132 0.0280194 0.0159159
30 0.5380236 0.4775132 0.0280194 0.0159159
11 0.7532640 0.5348108 0.0280195 0.0159160
18 0.6819417 0.3629181 0.0280195 0.0159160
31 0.6106195 0.4202157 0.0280194 0.0159160
9 0.7532640 0.4775132 0.0280195 0.0159159
9 0.3253305 0.4775132 0.0280194 0.0159159
18 0.7532640 0.4202157 0.0280195 0.0159160
10 0.3253305 0.5921083 0.0280194 0.0159160
9 0.6106195 0.4775132 0.0280194 0.0159159
9 0.6819417 0.4202157 0.0280195 0.0159160
22 0.5380236 0.4202157 0.0280194 0.0159160
3 0.3253305 0.3629181 0.0280194 0.0159160
31 0.7532640 0.3629181 0.0280195 0.0159160
19 0.6819417 0.5348108 0.0280195 0.0159160
26 0.4679750 0.5921083 0.0280194 0.0159160
15 0.6106195 0.3629181 0.0280194 0.0159160
20 0.3966528 0.6494059 0.0280194 0.0159160
4 0.3966528 0.3629181 0.0280194 0.0159160
5 0.5380236 0.6494059 0.0280194 0.0159160
3 0.4679750 0.4202157 0.0280194 0.0159160
19 0.6106195 0.5921083 0.0280194 0.0159160
17 0.3253305 0.4202157 0.0280194 0.0159160
1 0.3966528 0.5921083 0.0280194 0.0159160
5 0.6819417 0.5921083 0.0280195 0.0159160
