10 0.5128717 0.5070754 0.0269883 0.0168189
17 0.3055522 0.5676236 0.0269883 0.0168189
32 0.3086191 0.3910246 0.4968306 0.4305652
33 0.3073923 0.2048948 0.4502144 0.0156977
19 0.5128717 0.2648825 0.0269883 0.0168189
1 0.1693839 0.3254307 0.0269883 0.0168189
21 0.3055522 0.3254307 0.0269883 0.0168189
23 0.4441741 0.3254307 0.0269883 0.0168189
34 0.5128717 0.3248701 0.0637906 0.0605483
2 0.5128717 0.3254307 0.0269883 0.0168189
27 0.5128717 0.4465271 0.0269883 0.0168189
15 0.3055522 0.5070754 0.0269883 0.0168189
12 0.4441741 0.5070754 0.0269883 0.0168189
2 0.3754765 0.5676236 0.0269883 0.0168189
9 0.5128717 0.5676236 0.0269883 0.0168189
27 0.3055522 0.3859789 0.0269883 0.0168189
7 0.4441741 0.5676236 0.0269883 0.0168189
12 0.1006863 0.5676236 0.0269883 0.0168189
9 0.1693839 0.3859789 0.0269883 0.0168189
7 0.1693839 0.4465271 0.0269883 0.0168189
4 0.3754765 0.2648825 0.0269883 0.0168189
18 0.1693839 0.5676236 0.0269883 0.0168189
30 0.3055522 0.2648825 0.0269883 0.0168189
14 0.4441741 0.3859789 0.0269883 0.0168189
28 0.3754765 0.4465271 0.0269883 0.0168189
8 0.3754765 0.3254307 0.0269883 0.0168189
5 0.2380814 0.5676236 0.0269883 0.0168189
26 0.1006863 0.5070754 0.0269883 0.0168189
20 0.3754765 0.5070754 0.0269883 0.0168189
19 0.1693839 0.5070754 0.0269883 0.0168189
5 0.3754765 0.3859789 0.0269883 0.0168189
2 0.1006863 0.3859789 0.0269883 0.0168189
7 0.2380814 0.4465271 0.0269883 0.0168189
16 0.2380814 0.2648825 0.0269883 0.0168189
4 0.4441741 0.4465271 0.0269883 0.0168189
28 0.2380814 0.3859789 0.0269883 0.0168189
6 0.2380814 0.3254307 0.0269883 0.0168189
1 0.1006863 0.3254307 0.0269883 0.0168189
20 0.4441741 0.2648825 0.0269883 0.0168189
9 0.1006863 0.2648825 0.0269883 0.0168189
11 0.1693839 0.2648825 0.0269883 0.0168189
29 0.3055522 0.4465271 0.0269883 0.0168189
17 0.2380814 0.5070754 0.0269883 0.0168189
24 0.1006863 0.4465271 0.0269883 0.0168189
16 0.5128717 0.3859789 0.0269883 0.0168189
