27 0.4945901 0.4369767 0.0266880 0.0164246
26 0.7663229 0.2595914 0.0266880 0.0164246
32 0.5643430 0.3827757 0.4913026 0.4204688
33 0.5631300 0.2010105 0.4452051 0.0153296
10 0.4266570 0.2595914 0.0266880 0.0164246
12 0.4945901 0.2595914 0.0266880 0.0164246
9 0.4266570 0.3778483 0.0266880 0.0164246
11 0.7663229 0.3778483 0.0266880 0.0164246
34 0.6298500 0.4364292 0.0642939 0.0591284
3 0.6304566 0.4369767 0.0266880 0.0164246
13 0.3587238 0.4961051 0.0266880 0.0164246
23 0.6983897 0.4961051 0.0266880 0.0164246
14 0.3587238 0.5552336 0.0266880 0.0164246
19 0.6304566 0.5552336 0.0266880 0.0164246
20 0.6983897 0.5552336 0.0266880 0.0164246
30 0.7663229 0.3187199 0.0266880 0.0164246
4 0.7663229 0.4369767 0.0266880 0.0164246
16 0.4945901 0.3187199 0.0266880 0.0164246
12 0.5613103 0.5552336 0.0266881 0.0164246
5 0.5613103 0.3778483 0.0266881 0.0164246
10 0.3587238 0.2595914 0.0266880 0.0164246
31 0.3587238 0.4369767 0.0266880 0.0164246
29 0.6304566 0.3187199 0.0266880 0.0164246
27 0.5613103 0.4961051 0.0266881 0.0164246
31 0.7663229 0.5552336 0.0266880 0.0164246
26 0.5613103 0.2595914 0.0266881 0.0164246
26 0.4266570 0.4369767 0.0266880 0.0164246
7 0.4945901 0.5552336 0.0266880 0.0164246
6 0.5613103 0.4369767 0.0266881 0.0164246
1 0.6304566 0.3778483 0.0266880 0.0164246
21 0.4266570 0.4961051 0.0266880 0.0164246
6 0.6304566 0.2595914 0.0266880 0.0164246
25 0.7663229 0.4961051 0.0266880 0.0164246
31 0.4945901 0.4961051 0.0266880 0.0164246
13 0.3587238 0.3778483 0.0266880 0.0164246
7 0.6983897 0.3778483 0.0266880 0.0164246
30 0.6983897 0.4369767 0.0266880 0.0164246
24 0.3587238 0.3187199 0.0266880 0.0164246
11 0.4266570 0.3187199 0.0266880 0.0164246
21 0.6983897 0.2595914 0.0266880 0.0164246
1 0.4266570 0.5552336 0.0266880 0.0164246
12 0.6304566 0.4961051 0.0266880 0.0164246
7 0.4945901 0.3778483 0.0266880 0.0164246
2 0.5613103 0.3187199 0.0266881 0.0164246
30 0.6983897 0.3187199 0.0266880 0.0164246
