4 0.1206914 0.4142584 0.0284170 0.0161088
21 0.1206914 0.5302418 0.0284170 0.0161088
32 0.2672972 0.4190910 0.5231310 0.4123856
33 0.2660055 0.2408202 0.4740471 0.0150349
1 0.1930256 0.2982749 0.0284170 0.0161088
21 0.2640680 0.3562666 0.0284170 0.0161088
3 0.3376939 0.4722501 0.0284170 0.0161088
13 0.4823622 0.4722501 0.0284170 0.0161088
12 0.0483572 0.5302418 0.0284170 0.0161088
5 0.4100280 0.5302418 0.0284170 0.0161088
34 0.0483572 0.5876965 0.0671674 0.0579917
27 0.0483572 0.5882336 0.0284170 0.0161088
8 0.1930256 0.5882336 0.0284170 0.0161088
29 0.2640680 0.5882336 0.0284170 0.0161088
9 0.3376939 0.5882336 0.0284170 0.0161088
5 0.3376939 0.4142584 0.0284170 0.0161088
30 0.3376939 0.2982749 0.0284170 0.0161088
15 0.4100280 0.3562666 0.0284170 0.0161088
26 0.1930256 0.4142584 0.0284170 0.0161088
13 0.4100280 0.2982749 0.0284170 0.0161088
14 0.1206914 0.2982749 0.0284170 0.0161088
10 0.1206914 0.3562666 0.0284170 0.0161088
11 0.1930256 0.4722501 0.0284170 0.0161088
22 0.4823622 0.5882336 0.0284170 0.0161088
21 0.1930256 0.3562666 0.0284170 0.0161088
6 0.3376939 0.5302418 0.0284170 0.0161088
24 0.0483572 0.3562666 0.0284170 0.0161088
25 0.2640680 0.2982749 0.0284170 0.0161088
9 0.4100280 0.4142584 0.0284170 0.0161088
5 0.2640680 0.5302418 0.0284170 0.0161088
3 0.4100280 0.5882336 0.0284170 0.0161088
31 0.4823622 0.5302418 0.0284170 0.0161088
21 0.1206914 0.5882336 0.0284170 0.0161088
9 0.0483572 0.2982749 0.0284170 0.0161088
30 0.4823622 0.4142584 0.0284170 0.0161088
11 0.4823622 0.3562666 0.0284170 0.0161088
28 0.0483572 0.4142584 0.0284170 0.0161088
14 0.4100280 0.4722501 0.0284170 0.0161088
25 0.2640680 0.4142584 0.0284170 0.0161088
15 0.4823622 0.2982749 0.0284170 0.0161088
19 0.2640680 0.4722501 0.0284170 0.0161088
11 0.3376939 0.3562666 0.0284170 0.0161088
27 0.1206914 0.4722501 0.0284170 0.0161088
8 0.1930256 0.5302418 0.0284170 0.0161088
30 0.0483572 0.4722501 0.0284170 0.0161088
