28 0.6925881 0.5235940 0.0266606 0.0164079
22 0.6247247 0.6417312 0.0266606 0.0164079
32 0.4908158 0.5285164 0.4907975 0.4200434
33 0.4896040 0.3469351 0.4447473 0.0153141
12 0.5568614 0.4054567 0.0266606 0.0164079
14 0.4211346 0.4645253 0.0266606 0.0164080
26 0.2854080 0.5235940 0.0266606 0.0164079
2 0.5568614 0.5235940 0.0266606 0.0164079
10 0.4211346 0.5826626 0.0266606 0.0164079
20 0.4877862 0.5826626 0.0266606 0.0164079
21 0.2854080 0.6417312 0.0266606 0.0164079
34 0.4211347 0.6411842 0.0630160 0.0590686
12 0.4211346 0.6417312 0.0266606 0.0164079
7 0.5568614 0.6417312 0.0266606 0.0164079
16 0.6925881 0.7007998 0.0266606 0.0164079
8 0.5568614 0.4645253 0.0266606 0.0164080
15 0.3532713 0.5826626 0.0266606 0.0164079
24 0.2854080 0.7007998 0.0266606 0.0164079
11 0.4877862 0.7007998 0.0266606 0.0164079
25 0.6247247 0.7007998 0.0266606 0.0164079
7 0.3532713 0.4645253 0.0266606 0.0164080
27 0.6925881 0.6417312 0.0266606 0.0164079
14 0.2854080 0.4645253 0.0266606 0.0164080
13 0.6247247 0.4054567 0.0266606 0.0164079
24 0.6925881 0.4645253 0.0266606 0.0164080
14 0.4877862 0.6417312 0.0266606 0.0164079
5 0.3532713 0.7007998 0.0266606 0.0164079
13 0.4877862 0.5235940 0.0266606 0.0164079
14 0.3532713 0.5235940 0.0266606 0.0164079
3 0.4877862 0.4054567 0.0266606 0.0164079
6 0.6247247 0.4645253 0.0266606 0.0164080
22 0.6925881 0.5826626 0.0266606 0.0164079
29 0.6925881 0.4054567 0.0266606 0.0164079
12 0.3532713 0.6417312 0.0266606 0.0164079
14 0.3532713 0.4054567 0.0266606 0.0164079
5 0.4877862 0.4645253 0.0266606 0.0164080
11 0.5568614 0.7007998 0.0266606 0.0164079
5 0.6247247 0.5826626 0.0266606 0.0164079
4 0.4211346 0.5235940 0.0266606 0.0164079
5 0.2854080 0.4054567 0.0266606 0.0164079
30 0.4211346 0.7007998 0.0266606 0.0164079
10 0.5568614 0.5826626 0.0266606 0.0164079
10 0.2854080 0.5826626 0.0266606 0.0164079
7 0.4211346 0.4054567 0.0266606 0.0164079
1 0.6247247 0.5235940 0.0266606 0.0164079
