7 0.5268373 0.3722671 0.0270522 0.0159690
16 0.2513971 0.5447328 0.0270522 0.0159690
32 0.3221016 0.4920349 0.4980058 0.4088075
33 0.3208719 0.3153109 0.4512793 0.0149044
21 0.1825370 0.3722671 0.0270522 0.0159690
10 0.3190275 0.3722671 0.0270522 0.0159690
2 0.1136769 0.4297557 0.0270522 0.0159690
31 0.3190275 0.4872442 0.0270522 0.0159690
25 0.4579772 0.4872442 0.0270522 0.0159690
30 0.5268373 0.5447328 0.0270522 0.0159690
17 0.1825370 0.6022213 0.0270522 0.0159690
34 0.3190274 0.6016890 0.0639415 0.0574885
7 0.3190275 0.6022213 0.0270522 0.0159690
27 0.1825370 0.6597099 0.0270522 0.0159691
20 0.2513971 0.6597099 0.0270522 0.0159691
19 0.2513971 0.6022213 0.0270522 0.0159690
28 0.3891171 0.4872442 0.0270522 0.0159690
21 0.4579772 0.5447328 0.0270522 0.0159690
12 0.5268373 0.6022213 0.0270522 0.0159690
18 0.3891171 0.5447328 0.0270522 0.0159690
3 0.3891171 0.6022213 0.0270522 0.0159690
2 0.5268373 0.4872442 0.0270522 0.0159690
20 0.4579772 0.3722671 0.0270522 0.0159690
27 0.2513971 0.4872442 0.0270522 0.0159690
30 0.1136769 0.5447328 0.0270522 0.0159690
17 0.1136769 0.3722671 0.0270522 0.0159690
30 0.3891171 0.6597099 0.0270522 0.0159691
12 0.4579772 0.4297557 0.0270522 0.0159690
8 0.3190275 0.4297557 0.0270522 0.0159690
5 0.4579772 0.6597099 0.0270522 0.0159691
11 0.3891171 0.4297557 0.0270522 0.0159690
8 0.1825370 0.5447328 0.0270522 0.0159690
8 0.5268373 0.4297557 0.0270522 0.0159690
7 0.1825370 0.4297557 0.0270522 0.0159690
3 0.1136769 0.6597099 0.0270522 0.0159691
3 0.2513971 0.4297557 0.0270522 0.0159690
12 0.3891171 0.3722671 0.0270522 0.0159690
14 0.3190275 0.6597099 0.0270522 0.0159691
24 0.2513971 0.3722671 0.0270522 0.0159690
29 0.4579772 0.6022213 0.0270522 0.0159690
15 0.3190275 0.5447328 0.0270522 0.0159690
4 0.5268373 0.6597099 0.0270522 0.0159691
29 0.1136769 0.4872442 0.0270522 0.0159690
16 0.1825370 0.4872442 0.0270522 0.0159690
17 0.1136769 0.6022213 0.0270522 0.0159690
