29 0.2176899 0.3360614 0.0263870 0.0163375
5 0.4191908 0.5125066 0.0263870 0.0163375
32 0.3538229 0.3997777 0.4857611 0.4182406
33 0.3526236 0.2189758 0.4401836 0.0152483
8 0.2176899 0.2772463 0.0263870 0.0163375
34 0.2848569 0.2767017 0.0623693 0.0588151
28 0.2848569 0.2772463 0.0263870 0.0163375
29 0.4191908 0.2772463 0.0263870 0.0163375
21 0.5535248 0.2772463 0.0263870 0.0163375
2 0.4863578 0.3360614 0.0263870 0.0163375
26 0.5535248 0.3360614 0.0263870 0.0163375
18 0.3508244 0.3948765 0.0263870 0.0163376
20 0.4863578 0.3948765 0.0263870 0.0163376
6 0.4863578 0.4536915 0.0263870 0.0163375
16 0.2848569 0.5125066 0.0263870 0.0163375
12 0.3508244 0.5713218 0.0263870 0.0163376
5 0.4863578 0.5125066 0.0263870 0.0163375
5 0.5535248 0.5125066 0.0263870 0.0163375
26 0.5535248 0.3948765 0.0263870 0.0163376
1 0.4191908 0.5713218 0.0263870 0.0163376
22 0.2176899 0.5125066 0.0263870 0.0163375
7 0.5535248 0.4536915 0.0263870 0.0163375
4 0.1505229 0.3948765 0.0263870 0.0163376
3 0.4863578 0.2772463 0.0263870 0.0163375
15 0.1505229 0.5125066 0.0263870 0.0163375
26 0.4191908 0.3948765 0.0263870 0.0163376
10 0.1505229 0.3360614 0.0263870 0.0163375
22 0.2848569 0.4536915 0.0263870 0.0163375
26 0.1505229 0.4536915 0.0263870 0.0163375
28 0.3508244 0.5125066 0.0263870 0.0163375
8 0.4191908 0.4536915 0.0263870 0.0163375
10 0.1505229 0.2772463 0.0263870 0.0163375
9 0.2176899 0.3948765 0.0263870 0.0163376
31 0.3508244 0.4536915 0.0263870 0.0163375
17 0.2848569 0.3948765 0.0263870 0.0163376
13 0.5535248 0.5713218 0.0263870 0.0163376
9 0.2176899 0.4536915 0.0263870 0.0163375
30 0.2848569 0.5713218 0.0263870 0.0163376
27 0.2848569 0.3360614 0.0263870 0.0163375
31 0.3508244 0.2772463 0.0263870 0.0163375
13 0.4191908 0.3360614 0.0263870 0.0163375
22 0.4863578 0.5713218 0.0263870 0.0163376
1 0.3508244 0.3360614 0.0263870 0.0163375
3 0.1505229 0.5713218 0.0263870 0.0163376
9 0.2176899 0.5713218 0.0263870 0.0163376
