18 0.6447576 0.7383309 0.0269728 0.0173638
26 0.5773258 0.6758209 0.0269727 0.0173640
32 0.6478227 0.6185201 0.4965436 0.4445156
33 0.6465967 0.4263597 0.4499543 0.0162063
23 0.5086679 0.4882909 0.0269727 0.0173639
19 0.6447576 0.4882909 0.0269728 0.0173639
16 0.8519572 0.4882909 0.0269727 0.0173639
4 0.4400100 0.5508009 0.0269727 0.0173639
31 0.7832994 0.6133109 0.0269727 0.0173640
34 0.8519572 0.6127321 0.0637537 0.0625100
12 0.8519572 0.6133109 0.0269727 0.0173640
11 0.4400100 0.6758209 0.0269727 0.0173640
26 0.6447576 0.6758209 0.0269728 0.0173640
30 0.6447576 0.8008409 0.0269728 0.0173638
13 0.7146416 0.8008409 0.0269727 0.0173638
6 0.7832994 0.4882909 0.0269727 0.0173639
26 0.5086679 0.6758209 0.0269727 0.0173640
29 0.7146416 0.7383309 0.0269727 0.0173638
15 0.7146416 0.5508009 0.0269727 0.0173639
26 0.8519572 0.8008409 0.0269727 0.0173638
13 0.7146416 0.6133109 0.0269727 0.0173640
27 0.7832994 0.8008409 0.0269727 0.0173638
19 0.5773258 0.8008409 0.0269727 0.0173638
8 0.7146416 0.4882909 0.0269727 0.0173639
13 0.8519572 0.6758209 0.0269727 0.0173640
24 0.6447576 0.5508009 0.0269728 0.0173639
5 0.8519572 0.7383309 0.0269727 0.0173638
27 0.8519572 0.5508009 0.0269727 0.0173639
3 0.6447576 0.6133109 0.0269728 0.0173640
13 0.7832994 0.6758209 0.0269727 0.0173640
29 0.5086679 0.5508009 0.0269727 0.0173639
3 0.7832994 0.7383309 0.0269727 0.0173638
11 0.5086679 0.8008409 0.0269727 0.0173638
10 0.4400100 0.6133109 0.0269727 0.0173640
9 0.7146416 0.6758209 0.0269727 0.0173640
11 0.7832994 0.5508009 0.0269727 0.0173639
14 0.5086679 0.6133109 0.0269727 0.0173640
7 0.5773258 0.4882909 0.0269727 0.0173639
18 0.4400100 0.4882909 0.0269727 0.0173639
14 0.5773258 0.5508009 0.0269727 0.0173639
4 0.5773258 0.6133109 0.0269727 0.0173640
10 0.4400100 0.8008409 0.0269727 0.0173638
13 0.5086679 0.7383309 0.0269727 0.0173638
8 0.5773258 0.7383309 0.0269727 0.0173638
30 0.4400100 0.7383309 0.0269727 0.0173638
