26 0.2785164 0.5100829 0.0267697 0.0165316
24 0.2785164 0.6886244 0.0267697 0.0165316
32 0.4166238 0.5745562 0.4928060 0.4232096
33 0.4154070 0.3916062 0.4465675 0.0154295
20 0.3466575 0.4505691 0.0267697 0.0165316
18 0.4135818 0.4505691 0.0267697 0.0165316
24 0.4829396 0.4505691 0.0267697 0.0165316
34 0.2103753 0.5095318 0.0632739 0.0595138
18 0.2103753 0.5100829 0.0267697 0.0165316
1 0.4829396 0.5100829 0.0267697 0.0165316
23 0.5510807 0.5100829 0.0267697 0.0165316
13 0.2785164 0.5695968 0.0267697 0.0165316
7 0.5510807 0.5695968 0.0267697 0.0165316
9 0.3466575 0.6886244 0.0267697 0.0165316
6 0.3466575 0.7481383 0.0267697 0.0165316
4 0.6192218 0.7481383 0.0267697 0.0165316
26 0.2103753 0.5695968 0.0267697 0.0165316
16 0.2103753 0.4505691 0.0267697 0.0165316
8 0.5510807 0.4505691 0.0267697 0.0165316
18 0.3466575 0.5100829 0.0267697 0.0165316
17 0.6192218 0.5100829 0.0267697 0.0165316
15 0.6192218 0.5695968 0.0267697 0.0165316
17 0.3466575 0.6291106 0.0267697 0.0165316
5 0.4135818 0.5100829 0.0267697 0.0165316
2 0.4135818 0.6886244 0.0267697 0.0165316
2 0.6192218 0.4505691 0.0267697 0.0165316
12 0.4135818 0.6291106 0.0267697 0.0165316
9 0.4829396 0.6291106 0.0267697 0.0165316
18 0.2785164 0.7481383 0.0267697 0.0165316
28 0.5510807 0.6291106 0.0267697 0.0165316
1 0.2785164 0.4505691 0.0267697 0.0165316
22 0.2103753 0.6291106 0.0267697 0.0165316
3 0.3466575 0.5695968 0.0267697 0.0165316
13 0.4829396 0.7481383 0.0267697 0.0165316
7 0.4135818 0.7481383 0.0267697 0.0165316
4 0.4829396 0.5695968 0.0267697 0.0165316
22 0.4829396 0.6886244 0.0267697 0.0165316
5 0.2785164 0.6291106 0.0267697 0.0165316
25 0.5510807 0.7481383 0.0267697 0.0165316
14 0.5510807 0.6886244 0.0267697 0.0165316
14 0.6192218 0.6291106 0.0267697 0.0165316
16 0.2103753 0.6886244 0.0267697 0.0165316
3 0.6192218 0.6886244 0.0267697 0.0165316
14 0.4135818 0.5695968 0.0267697 0.0165316
25 0.2103753 0.7481383 0.0267697 0.0165316
