22 0.4330452 0.3191956 0.0279433 0.0165495
26 0.2196601 0.2596172 0.0279433 0.0165495
32 0.2926937 0.3837387 0.5144106 0.4236679
33 0.2914235 0.2005906 0.4661449 0.0154462
15 0.0774033 0.2596172 0.0279433 0.0165495
27 0.5041736 0.2596172 0.0279433 0.0165495
7 0.2196601 0.3191956 0.0279433 0.0165495
23 0.4330452 0.3787738 0.0279433 0.0165495
14 0.4330452 0.4383522 0.0279433 0.0165495
1 0.1485317 0.4979304 0.0279433 0.0165495
34 0.2895183 0.4973788 0.0660478 0.0595782
19 0.2895183 0.4979304 0.0279433 0.0165495
6 0.4330452 0.4979304 0.0279433 0.0165495
19 0.2895183 0.5575087 0.0279433 0.0165495
22 0.3619168 0.5575087 0.0279433 0.0165495
15 0.1485317 0.3787738 0.0279433 0.0165495
26 0.5041736 0.3191956 0.0279433 0.0165495
21 0.2196601 0.4383522 0.0279433 0.0165495
24 0.2895183 0.3191956 0.0279433 0.0165495
19 0.1485317 0.2596172 0.0279433 0.0165495
21 0.2895183 0.2596172 0.0279433 0.0165495
9 0.4330452 0.2596172 0.0279433 0.0165495
17 0.3619168 0.3191956 0.0279433 0.0165495
8 0.0774033 0.4979304 0.0279433 0.0165495
4 0.0774033 0.3787738 0.0279433 0.0165495
21 0.0774033 0.4383522 0.0279433 0.0165495
5 0.2196601 0.3787738 0.0279433 0.0165495
22 0.1485317 0.5575087 0.0279433 0.0165495
14 0.5041736 0.3787738 0.0279433 0.0165495
19 0.2895183 0.4383522 0.0279433 0.0165495
31 0.0774033 0.5575087 0.0279433 0.0165495
27 0.5041736 0.4383522 0.0279433 0.0165495
29 0.2895183 0.3787738 0.0279433 0.0165495
4 0.3619168 0.3787738 0.0279433 0.0165495
26 0.2196601 0.5575087 0.0279433 0.0165495
1 0.1485317 0.3191956 0.0279433 0.0165495
21 0.3619168 0.2596172 0.0279433 0.0165495
8 0.1485317 0.4383522 0.0279433 0.0165495
9 0.4330452 0.5575087 0.0279433 0.0165495
27 0.2196601 0.4979304 0.0279433 0.0165495
15 0.3619168 0.4979304 0.0279433 0.0165495
31 0.5041736 0.4979304 0.0279433 0.0165495
19 0.0774033 0.3191956 0.0279433 0.0165495
21 0.3619168 0.4383522 0.0279433 0.0165495
18 0.5041736 0.5575087 0.0279433 0.0165495
