13 0.4693879 0.6093369 0.0271209 0.0174644
2 0.8145624 0.4207218 0.0271209 0.0174643
32 0.6093069 0.4259611 0.4992702 0.4470875
33 0.6080741 0.2326890 0.4524251 0.0163001
31 0.4693879 0.2949785 0.0271209 0.0174644
24 0.5384228 0.3578501 0.0271209 0.0174643
14 0.6764926 0.3578501 0.0271208 0.0174643
19 0.7455275 0.3578501 0.0271209 0.0174643
34 0.6062250 0.4201397 0.0641038 0.0628717
10 0.6062249 0.4207218 0.0271209 0.0174643
15 0.4693879 0.4835935 0.0271209 0.0174644
4 0.5384228 0.5464652 0.0271209 0.0174643
7 0.6062249 0.5464652 0.0271209 0.0174643
1 0.5384228 0.6093369 0.0271209 0.0174644
9 0.8145624 0.6093369 0.0271209 0.0174644
27 0.7455275 0.5464652 0.0271209 0.0174643
25 0.4003530 0.5464652 0.0271209 0.0174643
18 0.8145624 0.5464652 0.0271209 0.0174643
16 0.7455275 0.6093369 0.0271209 0.0174644
6 0.4003530 0.3578501 0.0271209 0.0174643
9 0.4693879 0.4207218 0.0271209 0.0174643
22 0.7455275 0.2949785 0.0271209 0.0174644
6 0.6062249 0.6093369 0.0271209 0.0174644
1 0.4693879 0.5464652 0.0271209 0.0174643
18 0.7455275 0.4835935 0.0271209 0.0174644
4 0.5384228 0.2949785 0.0271209 0.0174644
13 0.4003530 0.4207218 0.0271209 0.0174643
14 0.4003530 0.2949785 0.0271209 0.0174644
22 0.6062249 0.4835935 0.0271209 0.0174644
29 0.4693879 0.3578501 0.0271209 0.0174643
12 0.8145624 0.4835935 0.0271209 0.0174644
11 0.6764926 0.4207218 0.0271208 0.0174643
15 0.7455275 0.4207218 0.0271209 0.0174643
4 0.6764926 0.5464652 0.0271208 0.0174643
7 0.4003530 0.6093369 0.0271209 0.0174644
5 0.4003530 0.4835935 0.0271209 0.0174644
1 0.8145624 0.2949785 0.0271209 0.0174644
8 0.6764926 0.6093369 0.0271208 0.0174644
5 0.6764926 0.4835935 0.0271208 0.0174644
12 0.6062249 0.3578501 0.0271209 0.0174643
18 0.5384228 0.4835935 0.0271209 0.0174644
2 0.8145624 0.3578501 0.0271209 0.0174643
16 0.5384228 0.4207218 0.0271209 0.0174643
24 0.6764926 0.2949785 0.0271208 0.0174644
3 0.6062249 0.2949785 0.0271209 0.0174644
