22 0.0761054 0.6035183 0.0284085 0.0173518
31 0.5099800 0.5410521 0.0284085 0.0173518
32 0.2949796 0.5462576 0.5229738 0.4442038
33 0.2936884 0.3542320 0.4739046 0.0161949
2 0.3653551 0.4161198 0.0284085 0.0173517
11 0.3653551 0.4785860 0.0284085 0.0173518
5 0.0761054 0.5410521 0.0284085 0.0173518
6 0.2207303 0.6035183 0.0284085 0.0173518
19 0.2917514 0.6035183 0.0284085 0.0173518
34 0.3647095 0.6029399 0.0684386 0.0624662
2 0.3653551 0.6035183 0.0284085 0.0173518
20 0.0761054 0.6659844 0.0284085 0.0173517
13 0.1484178 0.6659844 0.0284085 0.0173517
23 0.2917514 0.7284505 0.0284085 0.0173517
29 0.4376675 0.7284505 0.0284085 0.0173517
16 0.2917514 0.6659844 0.0284085 0.0173517
16 0.5099800 0.4161198 0.0284085 0.0173517
21 0.1484178 0.4785860 0.0284085 0.0173518
7 0.5099800 0.4785860 0.0284085 0.0173518
13 0.2207303 0.7284505 0.0284085 0.0173517
5 0.2917514 0.5410521 0.0284085 0.0173518
20 0.4376675 0.4785860 0.0284085 0.0173518
18 0.5099800 0.6659844 0.0284085 0.0173517
20 0.4376675 0.6659844 0.0284085 0.0173517
14 0.2207303 0.6659844 0.0284085 0.0173517
12 0.2917514 0.4161198 0.0284085 0.0173517
6 0.0761054 0.7284505 0.0284085 0.0173517
19 0.1484178 0.6035183 0.0284085 0.0173518
14 0.4376675 0.5410521 0.0284085 0.0173518
20 0.5099800 0.7284505 0.0284085 0.0173517
24 0.4376675 0.4161198 0.0284085 0.0173517
19 0.2207303 0.4161198 0.0284085 0.0173517
9 0.2207303 0.5410521 0.0284085 0.0173518
3 0.1484178 0.7284505 0.0284085 0.0173517
10 0.1484178 0.5410521 0.0284085 0.0173518
30 0.5099800 0.6035183 0.0284085 0.0173518
24 0.3653551 0.6659844 0.0284085 0.0173517
1 0.3653551 0.7284505 0.0284085 0.0173517
19 0.4376675 0.6035183 0.0284085 0.0173518
26 0.3653551 0.5410521 0.0284085 0.0173518
13 0.1484178 0.4161198 0.0284085 0.0173517
9 0.2917514 0.4785860 0.0284085 0.0173518
15 0.0761054 0.4785860 0.0284085 0.0173518
2 0.2207303 0.4785860 0.0284085 0.0173518
30 0.0761054 0.4161198 0.0284085 0.0173517
