21 0.4622939 0.5005036 0.0275701 0.0158935
30 0.3219372 0.3860705 0.0275701 0.0158935
32 0.5343521 0.3908386 0.5075401 0.4068731
33 0.5330989 0.2149507 0.4599190 0.0148339
4 0.5312191 0.2716375 0.0275700 0.0158935
34 0.6020241 0.2711077 0.0664188 0.0572165
26 0.6026507 0.2716375 0.0275701 0.0158935
5 0.6728291 0.2716375 0.0275700 0.0158935
21 0.5312191 0.3288540 0.0275700 0.0158935
10 0.6728291 0.3860705 0.0275700 0.0158935
11 0.7430074 0.3860705 0.0275700 0.0158935
16 0.3921156 0.4432870 0.0275701 0.0158935
20 0.4622939 0.4432870 0.0275701 0.0158935
15 0.3921156 0.5005036 0.0275701 0.0158935
30 0.5312191 0.5577201 0.0275700 0.0158935
1 0.4622939 0.3860705 0.0275701 0.0158935
14 0.6026507 0.3288540 0.0275701 0.0158935
5 0.4622939 0.5577201 0.0275701 0.0158935
15 0.3219372 0.5577201 0.0275701 0.0158935
29 0.6026507 0.4432870 0.0275701 0.0158935
14 0.6026507 0.3860705 0.0275701 0.0158935
25 0.3921156 0.3288540 0.0275701 0.0158935
19 0.3921156 0.2716375 0.0275701 0.0158935
21 0.7430074 0.4432870 0.0275700 0.0158935
5 0.7430074 0.2716375 0.0275700 0.0158935
4 0.6728291 0.5577201 0.0275700 0.0158935
2 0.6728291 0.5005036 0.0275700 0.0158935
14 0.5312191 0.3860705 0.0275700 0.0158935
25 0.3219372 0.4432870 0.0275701 0.0158935
4 0.6026507 0.5005036 0.0275701 0.0158935
31 0.7430074 0.5577201 0.0275700 0.0158935
25 0.5312191 0.5005036 0.0275700 0.0158935
10 0.6026507 0.5577201 0.0275701 0.0158935
28 0.7430074 0.5005036 0.0275700 0.0158935
27 0.6728291 0.3288540 0.0275700 0.0158935
26 0.3219372 0.2716375 0.0275701 0.0158935
18 0.3219372 0.5005036 0.0275701 0.0158935
24 0.3921156 0.3860705 0.0275701 0.0158935
2 0.4622939 0.2716375 0.0275701 0.0158935
10 0.7430074 0.3288540 0.0275700 0.0158935
5 0.3921156 0.5577201 0.0275701 0.0158935
26 0.3219372 0.3288540 0.0275701 0.0158935
7 0.4622939 0.3288540 0.0275701 0.0158935
16 0.6728291 0.4432870 0.0275700 0.0158935
30 0.5312191 0.4432870 0.0275700 0.0158935
