26 0.2323185 0.4629922 0.0262547 0.0159768
13 0.6332988 0.5205088 0.0262547 0.0159768
32 0.4345988 0.5253019 0.4833246 0.4090069
33 0.4334053 0.3484916 0.4379755 0.0149117
7 0.4996387 0.4054756 0.0262547 0.0159768
19 0.6332988 0.4054756 0.0262547 0.0159768
16 0.4316153 0.4629922 0.0262547 0.0159768
20 0.4316153 0.5205088 0.0262547 0.0159768
14 0.3659786 0.5780254 0.0262547 0.0159768
13 0.6332988 0.6355420 0.0262547 0.0159768
21 0.2991485 0.6930586 0.0262547 0.0159768
29 0.3659786 0.6930586 0.0262547 0.0159768
15 0.4316153 0.6930586 0.0262547 0.0159768
34 0.4990420 0.6925260 0.0632499 0.0575165
19 0.4996387 0.6930586 0.0262547 0.0159768
5 0.2323185 0.4054756 0.0262547 0.0159768
12 0.5664688 0.6355420 0.0262547 0.0159768
13 0.4316153 0.6355420 0.0262547 0.0159768
7 0.3659786 0.6355420 0.0262547 0.0159768
14 0.2323185 0.5205088 0.0262547 0.0159768
8 0.2323185 0.6355420 0.0262547 0.0159768
24 0.4316153 0.4054756 0.0262547 0.0159768
11 0.2323185 0.5780254 0.0262547 0.0159768
24 0.4996387 0.6355420 0.0262547 0.0159768
28 0.4996387 0.4629922 0.0262547 0.0159768
19 0.2991485 0.5205088 0.0262547 0.0159768
20 0.5664688 0.4629922 0.0262547 0.0159768
10 0.4996387 0.5780254 0.0262547 0.0159768
18 0.2991485 0.4629922 0.0262547 0.0159768
10 0.5664688 0.6930586 0.0262547 0.0159768
25 0.4996387 0.5205088 0.0262547 0.0159768
22 0.3659786 0.4629922 0.0262547 0.0159768
19 0.5664688 0.5780254 0.0262547 0.0159768
13 0.2323185 0.6930586 0.0262547 0.0159768
21 0.6332988 0.6930586 0.0262547 0.0159768
8 0.5664688 0.4054756 0.0262547 0.0159768
9 0.2991485 0.6355420 0.0262547 0.0159768
19 0.6332988 0.4629922 0.0262547 0.0159768
18 0.3659786 0.5205088 0.0262547 0.0159768
9 0.4316153 0.5780254 0.0262547 0.0159768
6 0.2991485 0.5780254 0.0262547 0.0159768
6 0.2991485 0.4054756 0.0262547 0.0159768
19 0.3659786 0.4054756 0.0262547 0.0159768
1 0.5664688 0.5205088 0.0262547 0.0159768
18 0.6332988 0.5780254 0.0262547 0.0159768
