8 0.4860532 0.5696922 0.0273817 0.0172483
2 0.1375581 0.2592236 0.0273818 0.0172482
32 0.2788231 0.3885855 0.5040732 0.4415554
33 0.2775785 0.1977048 0.4567775 0.0160984
29 0.0678591 0.2592236 0.0273818 0.0172482
3 0.2072572 0.2592236 0.0273817 0.0172482
34 0.3460329 0.2586486 0.0659651 0.0620937
18 0.3466552 0.2592236 0.0273817 0.0172482
9 0.0678591 0.3834111 0.0273818 0.0172483
1 0.2757116 0.3834111 0.0273818 0.0172483
25 0.0678591 0.4455048 0.0273818 0.0172483
6 0.2072572 0.5075985 0.0273817 0.0172483
15 0.4163542 0.5075985 0.0273818 0.0172483
20 0.4860532 0.5075985 0.0273817 0.0172483
23 0.2072572 0.5696922 0.0273817 0.0172483
16 0.2072572 0.3834111 0.0273817 0.0172483
20 0.0678591 0.5696922 0.0273818 0.0172483
13 0.1375581 0.4455048 0.0273818 0.0172483
3 0.4860532 0.2592236 0.0273817 0.0172482
18 0.3466552 0.5696922 0.0273817 0.0172483
25 0.0678591 0.3213173 0.0273818 0.0172483
17 0.1375581 0.5075985 0.0273818 0.0172483
19 0.4860532 0.3213173 0.0273817 0.0172483
5 0.4860532 0.3834111 0.0273817 0.0172483
14 0.4860532 0.4455048 0.0273817 0.0172483
20 0.2757116 0.4455048 0.0273818 0.0172483
17 0.2072572 0.3213173 0.0273817 0.0172483
19 0.4163542 0.4455048 0.0273818 0.0172483
16 0.0678591 0.5075985 0.0273818 0.0172483
21 0.1375581 0.3213173 0.0273818 0.0172483
13 0.2757116 0.5696922 0.0273818 0.0172483
31 0.4163542 0.3834111 0.0273818 0.0172483
19 0.3466552 0.5075985 0.0273817 0.0172483
12 0.3466552 0.3834111 0.0273817 0.0172483
15 0.3466552 0.4455048 0.0273817 0.0172483
18 0.4163542 0.3213173 0.0273818 0.0172483
13 0.3466552 0.3213173 0.0273817 0.0172483
13 0.2757116 0.5075985 0.0273818 0.0172483
21 0.1375581 0.3834111 0.0273818 0.0172483
16 0.4163542 0.2592236 0.0273818 0.0172482
12 0.1375581 0.5696922 0.0273818 0.0172483
4 0.2072572 0.4455048 0.0273817 0.0172483
20 0.4163542 0.5696922 0.0273818 0.0172483
17 0.2757116 0.3213173 0.0273818 0.0172483
18 0.2757116 0.2592236 0.0273818 0.0172482
