22 0.4307681 0.4453844 0.0268479 0.0162214
13 0.3624281 0.3285901 0.0268479 0.0162214
32 0.5009386 0.3334566 0.4942447 0.4152685
33 0.4997182 0.1539394 0.4478711 0.0151400
1 0.4307681 0.2117959 0.0268479 0.0162214
31 0.6357881 0.2117959 0.0268478 0.0162214
22 0.7041281 0.2117959 0.0268478 0.0162214
30 0.6357881 0.3285901 0.0268478 0.0162214
24 0.2940881 0.3869873 0.0268479 0.0162214
7 0.5674481 0.3869873 0.0268479 0.0162214
13 0.6357881 0.3869873 0.0268478 0.0162214
34 0.7041281 0.3864466 0.0634586 0.0583971
27 0.7041281 0.3869873 0.0268478 0.0162214
25 0.5674481 0.4453844 0.0268479 0.0162214
21 0.4307681 0.5037816 0.0268479 0.0162214
8 0.4978877 0.4453844 0.0268478 0.0162214
15 0.4978877 0.3285901 0.0268478 0.0162214
22 0.2940881 0.2117959 0.0268479 0.0162214
17 0.5674481 0.2117959 0.0268479 0.0162214
19 0.5674481 0.2701930 0.0268479 0.0162214
27 0.4307681 0.2701930 0.0268479 0.0162214
11 0.2940881 0.4453844 0.0268479 0.0162214
17 0.6357881 0.5037816 0.0268478 0.0162214
7 0.3624281 0.4453844 0.0268479 0.0162214
21 0.5674481 0.5037816 0.0268479 0.0162214
22 0.3624281 0.2117959 0.0268479 0.0162214
18 0.4978877 0.2701930 0.0268478 0.0162214
10 0.5674481 0.3285901 0.0268479 0.0162214
15 0.4978877 0.5037816 0.0268478 0.0162214
22 0.6357881 0.2701930 0.0268478 0.0162214
14 0.6357881 0.4453844 0.0268478 0.0162214
30 0.2940881 0.3285901 0.0268479 0.0162214
5 0.4978877 0.2117959 0.0268478 0.0162214
17 0.3624281 0.2701930 0.0268479 0.0162214
6 0.4978877 0.3869873 0.0268478 0.0162214
12 0.7041281 0.2701930 0.0268478 0.0162214
20 0.4307681 0.3869873 0.0268479 0.0162214
5 0.7041281 0.3285901 0.0268478 0.0162214
22 0.4307681 0.3285901 0.0268479 0.0162214
2 0.3624281 0.5037816 0.0268479 0.0162214
8 0.2940881 0.5037816 0.0268479 0.0162214
20 0.3624281 0.3869873 0.0268479 0.0162214
3 0.7041281 0.4453844 0.0268478 0.0162214
24 0.7041281 0.5037816 0.0268478 0.0162214
29 0.2940881 0.2701930 0.0268479 0.0162214
