20 0.8178127 0.5139703 0.0262443 0.0168212
6 0.7510090 0.5139703 0.0262444 0.0168212
32 0.6191910 0.3979038 0.4831338 0.4306237
33 0.6179980 0.2117487 0.4378027 0.0156998
34 0.6836089 0.2711838 0.0632249 0.0605565
22 0.6842053 0.2717445 0.0262443 0.0168213
10 0.7510090 0.2717445 0.0262444 0.0168213
19 0.8178127 0.2717445 0.0262443 0.0168213
7 0.4837943 0.3323010 0.0262443 0.0168213
24 0.4837943 0.3928574 0.0262443 0.0168212
25 0.4169905 0.4534139 0.0262443 0.0168212
1 0.6842053 0.4534139 0.0262443 0.0168212
5 0.8178127 0.4534139 0.0262443 0.0168212
17 0.4837943 0.5139703 0.0262443 0.0168212
11 0.6842053 0.5139703 0.0262443 0.0168212
18 0.6162087 0.4534139 0.0262443 0.0168212
6 0.5505979 0.5139703 0.0262443 0.0168212
4 0.4837943 0.2717445 0.0262443 0.0168213
18 0.8178127 0.3323010 0.0262443 0.0168213
17 0.6162087 0.2717445 0.0262443 0.0168213
19 0.4169905 0.5139703 0.0262443 0.0168212
26 0.5505979 0.5745268 0.0262443 0.0168213
26 0.8178127 0.5745268 0.0262443 0.0168213
11 0.5505979 0.2717445 0.0262443 0.0168213
12 0.5505979 0.3928574 0.0262443 0.0168212
18 0.4837943 0.5745268 0.0262443 0.0168213
31 0.5505979 0.4534139 0.0262443 0.0168212
18 0.6842053 0.3323010 0.0262443 0.0168213
17 0.8178127 0.3928574 0.0262443 0.0168212
31 0.4169905 0.3323010 0.0262443 0.0168213
24 0.4169905 0.2717445 0.0262443 0.0168213
17 0.7510090 0.3928574 0.0262444 0.0168212
26 0.6842053 0.5745268 0.0262443 0.0168213
14 0.4169905 0.3928574 0.0262443 0.0168212
14 0.6162087 0.5139703 0.0262443 0.0168212
16 0.7510090 0.4534139 0.0262444 0.0168212
3 0.7510090 0.3323010 0.0262444 0.0168213
22 0.4837943 0.4534139 0.0262443 0.0168212
21 0.6162087 0.3928574 0.0262443 0.0168212
5 0.6842053 0.3928574 0.0262443 0.0168212
8 0.5505979 0.3323010 0.0262443 0.0168213
21 0.4169905 0.5745268 0.0262443 0.0168213
2 0.6162087 0.5745268 0.0262443 0.0168213
16 0.7510090 0.5745268 0.0262444 0.0168213
30 0.6162087 0.3323010 0.0262443 0.0168213
