28 0.7342093 0.4052070 0.0286843 0.0170179
31 0.3691365 0.4052070 0.0286843 0.0170179
32 0.5901360 0.5328411 0.5280518 0.4356578
33 0.5888321 0.3445099 0.4785061 0.0158833
4 0.5151656 0.4052070 0.0286843 0.0170179
11 0.5868764 0.4052070 0.0286843 0.0170179
34 0.6605428 0.4046397 0.0691031 0.0612644
11 0.6611948 0.4052070 0.0286844 0.0170179
9 0.6611948 0.5277357 0.0286844 0.0170179
1 0.7342093 0.5277357 0.0286843 0.0170179
18 0.5151656 0.6502645 0.0286843 0.0170179
6 0.6611948 0.6502645 0.0286844 0.0170179
31 0.4421511 0.7115289 0.0286843 0.0170179
25 0.5868764 0.7115289 0.0286843 0.0170179
1 0.8072239 0.4664713 0.0286842 0.0170179
7 0.4421511 0.5890001 0.0286843 0.0170179
29 0.4421511 0.5277357 0.0286843 0.0170179
4 0.3691365 0.6502645 0.0286843 0.0170179
24 0.8072239 0.5890001 0.0286842 0.0170179
11 0.4421511 0.4052070 0.0286843 0.0170179
19 0.8072239 0.6502645 0.0286842 0.0170179
14 0.7342093 0.7115289 0.0286843 0.0170179
6 0.6611948 0.5890001 0.0286844 0.0170179
11 0.5151656 0.5277357 0.0286843 0.0170179
21 0.5151656 0.7115289 0.0286843 0.0170179
8 0.8072239 0.5277357 0.0286842 0.0170179
2 0.4421511 0.4664713 0.0286843 0.0170179
6 0.3691365 0.5277357 0.0286843 0.0170179
15 0.8072239 0.4052070 0.0286842 0.0170179
20 0.5868764 0.5890001 0.0286843 0.0170179
24 0.5868764 0.6502645 0.0286843 0.0170179
9 0.5151656 0.5890001 0.0286843 0.0170179
28 0.8072239 0.7115289 0.0286842 0.0170179
3 0.3691365 0.7115289 0.0286843 0.0170179
17 0.3691365 0.5890001 0.0286843 0.0170179
2 0.5868764 0.5277357 0.0286843 0.0170179
24 0.4421511 0.6502645 0.0286843 0.0170179
2 0.3691365 0.4664713 0.0286843 0.0170179
19 0.6611948 0.4664713 0.0286844 0.0170179
13 0.7342093 0.4664713 0.0286843 0.0170179
18 0.5868764 0.4664713 0.0286843 0.0170179
13 0.6611948 0.7115289 0.0286844 0.0170179
12 0.7342093 0.5890001 0.0286843 0.0170179
8 0.7342093 0.6502645 0.0286843 0.0170179
1 0.5151656 0.4664713 0.0286843 0.0170179
