31 0.5452632 0.3999010 0.0288158 0.0170442
8 0.4719139 0.3999010 0.0288158 0.0170442
32 0.6205773 0.5277329 0.5304729 0.4363329
33 0.6192675 0.3391098 0.4807001 0.0159080
15 0.7653113 0.3999010 0.0288158 0.0170442
18 0.3985645 0.4612603 0.0288158 0.0170443
13 0.3985645 0.5226196 0.0288158 0.0170443
7 0.5452632 0.5226196 0.0288158 0.0170443
34 0.7646564 0.5834108 0.0668003 0.0613593
12 0.7653113 0.5839789 0.0288158 0.0170442
8 0.5452632 0.6453383 0.0288158 0.0170442
19 0.6919619 0.7066976 0.0288158 0.0170442
26 0.7653113 0.7066976 0.0288158 0.0170442
2 0.8386606 0.7066976 0.0288158 0.0170442
8 0.6173027 0.4612603 0.0288158 0.0170443
2 0.7653113 0.5226196 0.0288158 0.0170443
5 0.6919619 0.5226196 0.0288158 0.0170443
7 0.5452632 0.4612603 0.0288158 0.0170443
13 0.8386606 0.5226196 0.0288158 0.0170443
3 0.8386606 0.5839789 0.0288158 0.0170442
11 0.6173027 0.5839789 0.0288158 0.0170442
21 0.8386606 0.6453383 0.0288158 0.0170442
4 0.3985645 0.5839789 0.0288158 0.0170442
6 0.4719139 0.6453383 0.0288158 0.0170442
30 0.7653113 0.6453383 0.0288158 0.0170442
10 0.4719139 0.5839789 0.0288158 0.0170442
13 0.3985645 0.7066976 0.0288158 0.0170442
21 0.6919619 0.3999010 0.0288158 0.0170442
28 0.6173027 0.7066976 0.0288158 0.0170442
22 0.5452632 0.5839789 0.0288158 0.0170442
15 0.5452632 0.7066976 0.0288158 0.0170442
22 0.7653113 0.4612603 0.0288158 0.0170443
27 0.6919619 0.6453383 0.0288158 0.0170442
5 0.4719139 0.5226196 0.0288158 0.0170443
9 0.8386606 0.4612603 0.0288158 0.0170443
19 0.8386606 0.3999010 0.0288158 0.0170442
19 0.6919619 0.4612603 0.0288158 0.0170443
17 0.3985645 0.3999010 0.0288158 0.0170442
27 0.4719139 0.7066976 0.0288158 0.0170442
30 0.3985645 0.6453383 0.0288158 0.0170442
22 0.6173027 0.5226196 0.0288158 0.0170443
21 0.6173027 0.3999010 0.0288158 0.0170442
18 0.6173027 0.6453383 0.0288158 0.0170442
8 0.6919619 0.5839789 0.0288158 0.0170442
9 0.4719139 0.4612603 0.0288158 0.0170443
