9 0.4192831 0.5195708 0.0283044 0.0160443
12 0.2031407 0.3462925 0.0283044 0.0160442
32 0.2771180 0.3511058 0.5210577 0.4107339
33 0.2758314 0.1735489 0.4721683 0.0149747
8 0.0590457 0.2885330 0.0283044 0.0160443
4 0.0590457 0.3462925 0.0283044 0.0160442
16 0.2739016 0.3462925 0.0283044 0.0160442
31 0.4192831 0.3462925 0.0283044 0.0160442
21 0.3472356 0.4040519 0.0283044 0.0160442
18 0.2739016 0.4618114 0.0283044 0.0160443
34 0.4913306 0.4612766 0.0669012 0.0577595
21 0.4913306 0.4618114 0.0283044 0.0160443
26 0.2739016 0.5195708 0.0283044 0.0160443
30 0.4913306 0.5195708 0.0283044 0.0160443
9 0.4192831 0.4040519 0.0283044 0.0160442
9 0.1310932 0.4618114 0.0283044 0.0160443
17 0.2031407 0.4618114 0.0283044 0.0160443
12 0.3472356 0.2885330 0.0283044 0.0160443
9 0.4913306 0.2885330 0.0283044 0.0160443
13 0.2739016 0.2885330 0.0283044 0.0160443
1 0.3472356 0.4618114 0.0283044 0.0160443
16 0.0590457 0.2307736 0.0283044 0.0160443
18 0.4192831 0.2307736 0.0283044 0.0160443
6 0.4913306 0.4040519 0.0283044 0.0160442
10 0.2031407 0.4040519 0.0283044 0.0160442
14 0.2031407 0.5195708 0.0283044 0.0160443
30 0.2031407 0.2307736 0.0283044 0.0160443
14 0.1310932 0.2885330 0.0283044 0.0160443
29 0.2739016 0.2307736 0.0283044 0.0160443
17 0.4913306 0.2307736 0.0283044 0.0160443
25 0.3472356 0.3462925 0.0283044 0.0160442
13 0.0590457 0.4618114 0.0283044 0.0160443
6 0.3472356 0.5195708 0.0283044 0.0160443
6 0.3472356 0.2307736 0.0283044 0.0160443
4 0.1310932 0.2307736 0.0283044 0.0160443
7 0.0590457 0.5195708 0.0283044 0.0160443
19 0.0590457 0.4040519 0.0283044 0.0160442
11 0.4192831 0.2885330 0.0283044 0.0160443
12 0.2739016 0.4040519 0.0283044 0.0160442
2 0.2031407 0.2885330 0.0283044 0.0160443
2 0.4192831 0.4618114 0.0283044 0.0160443
21 0.1310932 0.3462925 0.0283044 0.0160442
18 0.1310932 0.5195708 0.0283044 0.0160443
1 0.4913306 0.3462925 0.0283044 0.0160442
29 0.1310932 0.4040519 0.0283044 0.0160442
