9 0.6474088 0.3064915 0.0265442 0.0172343
14 0.7149759 0.3685351 0.0265442 0.0172343
32 0.5816515 0.4357489 0.4886549 0.4411987
33 0.5804449 0.2450224 0.4428058 0.0160854
10 0.5786351 0.3685351 0.0265442 0.0172343
6 0.5786351 0.4305786 0.0265442 0.0172344
20 0.7825430 0.4305786 0.0265443 0.0172344
29 0.5122746 0.4926222 0.0265442 0.0172343
25 0.7149759 0.4926222 0.0265442 0.0172343
1 0.7825430 0.4926222 0.0265443 0.0172343
34 0.6468055 0.5540913 0.0639474 0.0620436
10 0.6474088 0.5546658 0.0265442 0.0172343
4 0.7825430 0.5546658 0.0265443 0.0172343
3 0.5122746 0.6167094 0.0265442 0.0172344
5 0.3771404 0.6167094 0.0265442 0.0172344
1 0.4447075 0.4926222 0.0265442 0.0172343
6 0.6474088 0.6167094 0.0265442 0.0172344
26 0.4447075 0.5546658 0.0265442 0.0172343
10 0.4447075 0.6167094 0.0265442 0.0172344
21 0.5122746 0.3685351 0.0265442 0.0172343
20 0.5786351 0.3064915 0.0265442 0.0172343
1 0.5122746 0.5546658 0.0265442 0.0172343
7 0.4447075 0.3064915 0.0265442 0.0172343
18 0.4447075 0.4305786 0.0265442 0.0172344
26 0.3771404 0.3064915 0.0265442 0.0172343
26 0.3771404 0.4926222 0.0265442 0.0172343
31 0.3771404 0.4305786 0.0265442 0.0172344
25 0.3771404 0.3685351 0.0265442 0.0172343
28 0.7149759 0.5546658 0.0265442 0.0172343
31 0.4447075 0.3685351 0.0265442 0.0172343
19 0.6474088 0.3685351 0.0265442 0.0172343
13 0.7149759 0.4305786 0.0265442 0.0172344
28 0.7825430 0.3064915 0.0265443 0.0172343
15 0.7825430 0.3685351 0.0265443 0.0172343
31 0.5786351 0.4926222 0.0265442 0.0172343
4 0.5786351 0.5546658 0.0265442 0.0172343
27 0.7149759 0.3064915 0.0265442 0.0172343
31 0.5122746 0.3064915 0.0265442 0.0172343
15 0.6474088 0.4305786 0.0265442 0.0172344
19 0.7825430 0.6167094 0.0265443 0.0172344
29 0.5122746 0.4305786 0.0265442 0.0172344
17 0.7149759 0.6167094 0.0265442 0.0172344
30 0.5786351 0.6167094 0.0265442 0.0172344
4 0.6474088 0.4926222 0.0265442 0.0172343
28 0.3771404 0.5546658 0.0265442 0.0172343
