4 0.4841549 0.7402533 0.0287505 0.0166264
14 0.0450564 0.5008320 0.0287505 0.0166265
32 0.2665659 0.5656753 0.5292705 0.4256379
33 0.2652590 0.3816756 0.4796106 0.0155181
7 0.1182395 0.4409767 0.0287505 0.0166265
14 0.4841549 0.5008320 0.0287505 0.0166265
8 0.0450564 0.5606873 0.0287505 0.0166264
26 0.2632988 0.5606873 0.0287505 0.0166264
10 0.0450564 0.6205427 0.0287505 0.0166265
34 0.4103184 0.6199884 0.0666489 0.0598553
13 0.4109718 0.6205427 0.0287505 0.0166265
4 0.4841549 0.6205427 0.0287505 0.0166265
23 0.0450564 0.6803979 0.0287505 0.0166265
15 0.0450564 0.7402533 0.0287505 0.0166264
18 0.1914225 0.6803979 0.0287505 0.0166265
10 0.3377887 0.6803979 0.0287505 0.0166265
20 0.3377887 0.5008320 0.0287505 0.0166265
11 0.1182395 0.6205427 0.0287505 0.0166265
7 0.2632988 0.7402533 0.0287505 0.0166264
6 0.4841549 0.4409767 0.0287505 0.0166265
26 0.1914225 0.7402533 0.0287505 0.0166264
11 0.1182395 0.5008320 0.0287505 0.0166265
8 0.3377887 0.4409767 0.0287505 0.0166265
30 0.3377887 0.7402533 0.0287505 0.0166264
3 0.1914225 0.5606873 0.0287505 0.0166264
17 0.2632988 0.6803979 0.0287505 0.0166265
5 0.2632988 0.5008320 0.0287505 0.0166265
28 0.1914225 0.6205427 0.0287505 0.0166265
11 0.1182395 0.7402533 0.0287505 0.0166264
11 0.1182395 0.6803979 0.0287505 0.0166265
4 0.4109718 0.7402533 0.0287505 0.0166264
28 0.3377887 0.5606873 0.0287505 0.0166264
24 0.2632988 0.6205427 0.0287505 0.0166265
19 0.3377887 0.6205427 0.0287505 0.0166265
17 0.4109718 0.4409767 0.0287505 0.0166265
9 0.4109718 0.5008320 0.0287505 0.0166265
8 0.4109718 0.6803979 0.0287505 0.0166265
3 0.1914225 0.4409767 0.0287505 0.0166265
6 0.2632988 0.4409767 0.0287505 0.0166265
26 0.4841549 0.5606873 0.0287505 0.0166264
22 0.4841549 0.6803979 0.0287505 0.0166265
6 0.1182395 0.5606873 0.0287505 0.0166264
27 0.4109718 0.5606873 0.0287505 0.0166264
28 0.1914225 0.5008320 0.0287505 0.0166265
24 0.0450564 0.4409767 0.0287505 0.0166265
