7 0.6132435 0.5064665 0.0276608 0.0164370
10 0.6836526 0.3881201 0.0276608 0.0164370
32 0.5447203 0.3930512 0.5092089 0.4207871
33 0.5434631 0.2111485 0.4614313 0.0153412
9 0.4724252 0.3289469 0.0276607 0.0164370
19 0.3316070 0.3881201 0.0276607 0.0164370
7 0.4020161 0.3881201 0.0276608 0.0164370
18 0.3316070 0.4472933 0.0276607 0.0164370
10 0.4020161 0.4472933 0.0276608 0.0164370
17 0.4724252 0.4472933 0.0276607 0.0164370
34 0.5415771 0.4467454 0.0653799 0.0591732
19 0.5415771 0.4472933 0.0276607 0.0164370
14 0.6836526 0.4472933 0.0276608 0.0164370
15 0.4020161 0.5656396 0.0276608 0.0164370
11 0.6836526 0.3289469 0.0276608 0.0164370
22 0.6836526 0.5656396 0.0276608 0.0164370
13 0.3316070 0.3289469 0.0276607 0.0164370
20 0.7540617 0.5064665 0.0276608 0.0164370
29 0.4724252 0.3881201 0.0276607 0.0164370
1 0.7540617 0.3881201 0.0276608 0.0164370
1 0.5415771 0.2697737 0.0276607 0.0164370
28 0.4020161 0.5064665 0.0276608 0.0164370
7 0.3316070 0.5064665 0.0276607 0.0164370
16 0.5415771 0.5064665 0.0276607 0.0164370
27 0.4724252 0.5656396 0.0276607 0.0164370
9 0.7540617 0.3289469 0.0276608 0.0164370
19 0.6836526 0.2697737 0.0276608 0.0164370
10 0.5415771 0.3881201 0.0276607 0.0164370
11 0.4724252 0.2697737 0.0276607 0.0164370
18 0.4020161 0.3289469 0.0276608 0.0164370
20 0.7540617 0.2697737 0.0276608 0.0164370
4 0.7540617 0.5656396 0.0276608 0.0164370
17 0.5415771 0.3289469 0.0276607 0.0164370
26 0.6132435 0.5656396 0.0276608 0.0164370
25 0.5415771 0.5656396 0.0276607 0.0164370
14 0.6132435 0.2697737 0.0276608 0.0164370
9 0.4020161 0.2697737 0.0276608 0.0164370
5 0.6836526 0.5064665 0.0276608 0.0164370
6 0.6132435 0.3881201 0.0276608 0.0164370
26 0.4724252 0.5064665 0.0276607 0.0164370
17 0.7540617 0.4472933 0.0276608 0.0164370
28 0.6132435 0.4472933 0.0276608 0.0164370
29 0.3316070 0.5656396 0.0276607 0.0164370
28 0.6132435 0.3289469 0.0276608 0.0164370
4 0.3316070 0.2697737 0.0276607 0.0164370
