28 0.6536368 0.6267773 0.0267453 0.0172017
4 0.6536368 0.7506296 0.0267453 0.0172017
32 0.6566760 0.5700117 0.4923560 0.4403638
33 0.6554604 0.3796460 0.4461597 0.0160549
20 0.5867736 0.5029249 0.0267452 0.0172017
24 0.7229314 0.5029249 0.0267453 0.0172017
14 0.4506159 0.5648511 0.0267453 0.0172017
25 0.7910101 0.5648511 0.0267452 0.0172017
10 0.4506159 0.6267773 0.0267453 0.0172017
13 0.8590891 0.6267773 0.0267453 0.0172017
30 0.5867736 0.6887034 0.0267452 0.0172017
34 0.8590891 0.6881300 0.0632161 0.0619261
16 0.8590891 0.6887034 0.0267453 0.0172017
26 0.7229314 0.7506296 0.0267453 0.0172017
7 0.8590891 0.7506296 0.0267453 0.0172017
30 0.7229314 0.6267773 0.0267453 0.0172017
8 0.5186948 0.5648511 0.0267453 0.0172017
4 0.5186948 0.7506296 0.0267453 0.0172017
26 0.4506159 0.4409988 0.0267453 0.0172017
16 0.7910101 0.5029249 0.0267452 0.0172017
7 0.5186948 0.6267773 0.0267453 0.0172017
29 0.5186948 0.5029249 0.0267453 0.0172017
19 0.5186948 0.6887034 0.0267453 0.0172017
11 0.7910101 0.4409988 0.0267452 0.0172017
18 0.7229314 0.6887034 0.0267453 0.0172017
4 0.6536368 0.6887034 0.0267453 0.0172017
29 0.4506159 0.6887034 0.0267453 0.0172017
28 0.7910101 0.6267773 0.0267452 0.0172017
6 0.7910101 0.7506296 0.0267452 0.0172017
1 0.6536368 0.5029249 0.0267453 0.0172017
28 0.6536368 0.4409988 0.0267453 0.0172017
31 0.4506159 0.5029249 0.0267453 0.0172017
31 0.6536368 0.5648511 0.0267453 0.0172017
10 0.5867736 0.4409988 0.0267452 0.0172017
15 0.8590891 0.5648511 0.0267453 0.0172017
18 0.4506159 0.7506296 0.0267453 0.0172017
22 0.5867736 0.7506296 0.0267452 0.0172017
6 0.5186948 0.4409988 0.0267453 0.0172017
30 0.7910101 0.6887034 0.0267452 0.0172017
2 0.7229314 0.5648511 0.0267453 0.0172017
27 0.8590891 0.4409988 0.0267453 0.0172017
14 0.5867736 0.6267773 0.0267452 0.0172017
26 0.5867736 0.5648511 0.0267452 0.0172017
13 0.7229314 0.4409988 0.0267453 0.0172017
5 0.8590891 0.5029249 0.0267453 0.0172017
