30 0.4625909 0.3462709 0.0282872 0.0158904
1 0.3185832 0.4606821 0.0282873 0.0158904
32 0.3925158 0.4654493 0.5207424 0.4067954
33 0.3912299 0.2895950 0.4718826 0.0148311
16 0.1745754 0.3462709 0.0282872 0.0158904
9 0.2465793 0.3462709 0.0282872 0.0158904
5 0.1745754 0.4034765 0.0282872 0.0158904
34 0.6065987 0.4029468 0.0668608 0.0572056
6 0.6065987 0.4034765 0.0282872 0.0158904
14 0.3185832 0.5178877 0.0282873 0.0158904
19 0.1745754 0.5750933 0.0282872 0.0158904
12 0.3185832 0.5750933 0.0282873 0.0158904
30 0.6065987 0.5750933 0.0282872 0.0158904
3 0.5345948 0.6322989 0.0282872 0.0158904
26 0.2465793 0.5178877 0.0282872 0.0158904
8 0.5345948 0.4034765 0.0282872 0.0158904
6 0.3893013 0.6322989 0.0282872 0.0158904
9 0.5345948 0.3462709 0.0282872 0.0158904
7 0.5345948 0.5178877 0.0282872 0.0158904
21 0.4625909 0.5750933 0.0282872 0.0158904
26 0.3893013 0.4034765 0.0282872 0.0158904
31 0.6065987 0.5178877 0.0282872 0.0158904
20 0.3185832 0.6322989 0.0282873 0.0158904
9 0.3893013 0.4606821 0.0282872 0.0158904
5 0.2465793 0.4034765 0.0282872 0.0158904
21 0.2465793 0.5750933 0.0282872 0.0158904
27 0.2465793 0.4606821 0.0282872 0.0158904
15 0.6065987 0.3462709 0.0282872 0.0158904
22 0.4625909 0.6322989 0.0282872 0.0158904
22 0.1745754 0.4606821 0.0282872 0.0158904
2 0.6065987 0.4606821 0.0282872 0.0158904
19 0.5345948 0.5750933 0.0282872 0.0158904
19 0.1745754 0.5178877 0.0282872 0.0158904
28 0.2465793 0.6322989 0.0282872 0.0158904
13 0.3893013 0.5750933 0.0282872 0.0158904
24 0.5345948 0.4606821 0.0282872 0.0158904
17 0.3185832 0.4034765 0.0282873 0.0158904
21 0.3893013 0.3462709 0.0282872 0.0158904
1 0.4625909 0.4034765 0.0282872 0.0158904
11 0.1745754 0.6322989 0.0282872 0.0158904
29 0.3893013 0.5178877 0.0282872 0.0158904
21 0.3185832 0.3462709 0.0282873 0.0158904
21 0.4625909 0.4606821 0.0282872 0.0158904
28 0.4625909 0.5178877 0.0282872 0.0158904
14 0.6065987 0.6322989 0.0282872 0.0158904
