18 0.7418010 0.6650210 0.0265620 0.0166262
3 0.4713516 0.5453127 0.0265620 0.0166262
32 0.5407750 0.5503005 0.4889822 0.4256295
33 0.5395676 0.3663045 0.4431023 0.0155177
26 0.6741887 0.4256044 0.0265620 0.0166261
2 0.4713516 0.4854585 0.0265620 0.0166262
25 0.7418010 0.5453127 0.0265620 0.0166262
3 0.3361269 0.6051668 0.0265620 0.0166261
14 0.6065763 0.6051668 0.0265620 0.0166261
29 0.7418010 0.6051668 0.0265620 0.0166261
13 0.5377566 0.6650210 0.0265620 0.0166262
34 0.5377566 0.7243209 0.0627829 0.0598541
22 0.5377566 0.7248751 0.0265620 0.0166261
27 0.6741887 0.7248751 0.0265620 0.0166261
29 0.6741887 0.6051668 0.0265620 0.0166261
20 0.6065763 0.4854585 0.0265620 0.0166262
8 0.4037392 0.5453127 0.0265620 0.0166262
14 0.3361269 0.6650210 0.0265620 0.0166262
11 0.5377566 0.4854585 0.0265620 0.0166262
4 0.6741887 0.4854585 0.0265620 0.0166262
15 0.3361269 0.4854585 0.0265620 0.0166262
14 0.4713516 0.6051668 0.0265620 0.0166261
13 0.5377566 0.6051668 0.0265620 0.0166261
8 0.6065763 0.6650210 0.0265620 0.0166262
30 0.4713516 0.7248751 0.0265620 0.0166261
17 0.4713516 0.6650210 0.0265620 0.0166262
7 0.5377566 0.5453127 0.0265620 0.0166262
1 0.6741887 0.5453127 0.0265620 0.0166262
30 0.6065763 0.7248751 0.0265620 0.0166261
18 0.4037392 0.4256044 0.0265620 0.0166261
3 0.7418010 0.4854585 0.0265620 0.0166262
15 0.4037392 0.6650210 0.0265620 0.0166262
5 0.7418010 0.4256044 0.0265620 0.0166261
2 0.4037392 0.7248751 0.0265620 0.0166261
5 0.3361269 0.4256044 0.0265620 0.0166261
7 0.6065763 0.4256044 0.0265620 0.0166261
8 0.5377566 0.4256044 0.0265620 0.0166261
29 0.4037392 0.4854585 0.0265620 0.0166262
4 0.4037392 0.6051668 0.0265620 0.0166261
7 0.6065763 0.5453127 0.0265620 0.0166262
3 0.3361269 0.5453127 0.0265620 0.0166262
21 0.7418010 0.7248751 0.0265620 0.0166261
13 0.3361269 0.7248751 0.0265620 0.0166261
8 0.6741887 0.6650210 0.0265620 0.0166262
24 0.4713516 0.4256044 0.0265620 0.0166261
