15 0.5675889 0.7828295 0.0281588 0.0159253
31 0.4242352 0.7828295 0.0281588 0.0159253
32 0.4978320 0.6156145 0.5183774 0.4076860
33 0.4965520 0.4393752 0.4697395 0.0148636
18 0.2808814 0.4961752 0.0281588 0.0159252
24 0.7109427 0.4961752 0.0281588 0.0159252
7 0.2808814 0.5535061 0.0281588 0.0159253
25 0.7109427 0.5535061 0.0281588 0.0159253
15 0.5675889 0.6681678 0.0281588 0.0159252
9 0.6392658 0.6681678 0.0281588 0.0159252
5 0.7109427 0.7254986 0.0281588 0.0159253
34 0.2808814 0.7822987 0.0665571 0.0573309
31 0.2808814 0.7828295 0.0281588 0.0159253
27 0.4946321 0.7828295 0.0281588 0.0159253
31 0.4242352 0.4961752 0.0281588 0.0159252
1 0.5675889 0.6108369 0.0281588 0.0159252
3 0.3525583 0.7254986 0.0281588 0.0159253
27 0.3525583 0.5535061 0.0281588 0.0159253
17 0.4242352 0.5535061 0.0281588 0.0159253
13 0.2808814 0.6681678 0.0281588 0.0159252
28 0.4946321 0.5535061 0.0281588 0.0159253
14 0.3525583 0.7828295 0.0281588 0.0159253
28 0.7109427 0.7828295 0.0281588 0.0159253
6 0.4242352 0.6681678 0.0281588 0.0159252
9 0.3525583 0.4961752 0.0281588 0.0159252
29 0.4242352 0.6108369 0.0281588 0.0159252
17 0.5675889 0.7254986 0.0281588 0.0159253
28 0.7109427 0.6681678 0.0281588 0.0159252
31 0.2808814 0.7254986 0.0281588 0.0159253
1 0.4242352 0.7254986 0.0281588 0.0159253
1 0.2808814 0.6108369 0.0281588 0.0159252
3 0.6392658 0.4961752 0.0281588 0.0159252
27 0.4946321 0.6108369 0.0281588 0.0159252
6 0.6392658 0.5535061 0.0281588 0.0159253
30 0.6392658 0.6108369 0.0281588 0.0159252
2 0.6392658 0.7828295 0.0281588 0.0159253
4 0.5675889 0.5535061 0.0281588 0.0159253
19 0.3525583 0.6108369 0.0281588 0.0159252
31 0.3525583 0.6681678 0.0281588 0.0159252
17 0.7109427 0.6108369 0.0281588 0.0159252
17 0.4946321 0.4961752 0.0281588 0.0159252
25 0.4946321 0.7254986 0.0281588 0.0159253
20 0.6392658 0.7254986 0.0281588 0.0159253
28 0.4946321 0.6681678 0.0281588 0.0159252
16 0.5675889 0.4961752 0.0281588 0.0159252
