16 0.6099150 0.2519491 0.0267509 0.0171974
2 0.3375424 0.5615018 0.0267509 0.0171973
32 0.4074594 0.3809294 0.4924593 0.4402527
33 0.4062435 0.1906118 0.4462533 0.0160509
20 0.2694492 0.2519491 0.0267509 0.0171974
8 0.3375424 0.2519491 0.0267509 0.0171974
16 0.5418218 0.2519491 0.0267509 0.0171974
25 0.2013561 0.3138596 0.0267509 0.0171973
22 0.4737287 0.3757702 0.0267509 0.0171973
14 0.5418218 0.4376807 0.0267509 0.0171973
3 0.2013561 0.4995912 0.0267509 0.0171973
13 0.5418218 0.4995912 0.0267509 0.0171973
34 0.5412139 0.5609285 0.0620134 0.0619105
12 0.5418218 0.5615018 0.0267509 0.0171973
3 0.4044196 0.4376807 0.0267509 0.0171973
10 0.4737287 0.4995912 0.0267509 0.0171973
5 0.4044196 0.5615018 0.0267509 0.0171973
27 0.6099150 0.4376807 0.0267509 0.0171973
13 0.3375424 0.3757702 0.0267509 0.0171973
15 0.4044196 0.2519491 0.0267509 0.0171974
9 0.5418218 0.3138596 0.0267509 0.0171973
11 0.4044196 0.3757702 0.0267509 0.0171973
14 0.2013561 0.5615018 0.0267509 0.0171973
19 0.2013561 0.2519491 0.0267509 0.0171974
15 0.3375424 0.4995912 0.0267509 0.0171973
16 0.6099150 0.5615018 0.0267509 0.0171973
9 0.4737287 0.4376807 0.0267509 0.0171973
6 0.4044196 0.3138596 0.0267509 0.0171973
1 0.3375424 0.4376807 0.0267509 0.0171973
26 0.6099150 0.3757702 0.0267509 0.0171973
6 0.4044196 0.4995912 0.0267509 0.0171973
1 0.2694492 0.5615018 0.0267509 0.0171973
26 0.2694492 0.4995912 0.0267509 0.0171973
27 0.2013561 0.4376807 0.0267509 0.0171973
26 0.4737287 0.3138596 0.0267509 0.0171973
2 0.3375424 0.3138596 0.0267509 0.0171973
14 0.2013561 0.3757702 0.0267509 0.0171973
22 0.6099150 0.3138596 0.0267509 0.0171973
7 0.6099150 0.4995912 0.0267509 0.0171973
18 0.5418218 0.3757702 0.0267509 0.0171973
31 0.2694492 0.4376807 0.0267509 0.0171973
22 0.2694492 0.3757702 0.0267509 0.0171973
26 0.4737287 0.5615018 0.0267509 0.0171973
10 0.4737287 0.2519491 0.0267509 0.0171974
29 0.2694492 0.3138596 0.0267509 0.0171973
