8 0.4211041 0.5973675 0.0268635 0.0170997
4 0.6946228 0.6589262 0.0268635 0.0170996
32 0.4913154 0.6024973 0.4945317 0.4377511
33 0.4900943 0.4132611 0.4481312 0.0159597
7 0.6262432 0.4742499 0.0268634 0.0170996
16 0.2843447 0.5358087 0.0268635 0.0170997
9 0.4211041 0.5358087 0.0268635 0.0170997
2 0.6262432 0.5973675 0.0268634 0.0170997
14 0.4882627 0.6589262 0.0268634 0.0170996
1 0.5578635 0.6589262 0.0268634 0.0170996
34 0.6946229 0.7199150 0.0634953 0.0615587
14 0.6946228 0.7204850 0.0268635 0.0170996
17 0.2843447 0.7820437 0.0268635 0.0170997
10 0.6262432 0.7820437 0.0268634 0.0170997
22 0.5578635 0.5973675 0.0268634 0.0170997
17 0.5578635 0.7820437 0.0268634 0.0170997
14 0.4211041 0.7204850 0.0268635 0.0170996
25 0.2843447 0.7204850 0.0268635 0.0170996
15 0.4882627 0.5973675 0.0268634 0.0170997
15 0.3527244 0.7204850 0.0268634 0.0170996
2 0.3527244 0.5358087 0.0268634 0.0170997
9 0.4211041 0.6589262 0.0268635 0.0170996
28 0.3527244 0.7820437 0.0268634 0.0170997
7 0.6262432 0.6589262 0.0268634 0.0170996
24 0.3527244 0.4742499 0.0268634 0.0170996
21 0.5578635 0.7204850 0.0268634 0.0170996
10 0.2843447 0.4742499 0.0268635 0.0170996
17 0.4882627 0.7820437 0.0268634 0.0170997
24 0.5578635 0.4742499 0.0268634 0.0170996
30 0.4882627 0.7204850 0.0268634 0.0170996
22 0.6946228 0.5358087 0.0268635 0.0170997
5 0.6262432 0.7204850 0.0268634 0.0170996
16 0.4882627 0.5358087 0.0268634 0.0170997
31 0.3527244 0.5973675 0.0268634 0.0170997
20 0.2843447 0.5973675 0.0268635 0.0170997
17 0.2843447 0.6589262 0.0268635 0.0170996
14 0.6946228 0.5973675 0.0268635 0.0170997
9 0.4211041 0.7820437 0.0268635 0.0170997
25 0.5578635 0.5358087 0.0268634 0.0170997
6 0.6946228 0.7820437 0.0268635 0.0170997
24 0.6946228 0.4742499 0.0268635 0.0170996
22 0.6262432 0.5358087 0.0268634 0.0170997
29 0.4882627 0.4742499 0.0268634 0.0170996
8 0.4211041 0.4742499 0.0268635 0.0170996
17 0.3527244 0.6589262 0.0268634 0.0170996
