19 0.4654024 0.3250101 0.0282748 0.0165246
25 0.0335685 0.5629644 0.0282748 0.0165246
32 0.2564602 0.4489447 0.5104203 0.4230300
33 0.2501281 0.2660724 0.4716757 0.0154230
2 0.2482002 0.3250101 0.0282748 0.0165246
17 0.3934301 0.3250101 0.0282748 0.0165246
10 0.4654024 0.3844987 0.0282748 0.0165246
9 0.1055408 0.5034759 0.0282748 0.0165247
34 0.4654024 0.5029250 0.0668314 0.0594886
12 0.4654024 0.5034759 0.0282748 0.0165247
7 0.1055408 0.5629644 0.0282748 0.0165246
15 0.0335685 0.6224531 0.0282748 0.0165246
12 0.1775131 0.6224531 0.0282748 0.0165246
14 0.4654024 0.6224531 0.0282748 0.0165246
3 0.2482002 0.3844987 0.0282748 0.0165246
3 0.4654024 0.4439873 0.0282748 0.0165247
2 0.3934301 0.5629644 0.0282748 0.0165246
21 0.0335685 0.4439873 0.0282748 0.0165247
14 0.1775131 0.3250101 0.0282748 0.0165246
12 0.3934301 0.5034759 0.0282748 0.0165247
20 0.1055408 0.4439873 0.0282748 0.0165247
1 0.1775131 0.3844987 0.0282748 0.0165246
10 0.3934301 0.4439873 0.0282748 0.0165247
21 0.3214577 0.3250101 0.0282748 0.0165246
21 0.3214577 0.5034759 0.0282748 0.0165247
2 0.1055408 0.3250101 0.0282748 0.0165246
5 0.3214577 0.5629644 0.0282748 0.0165246
11 0.2482002 0.5629644 0.0282748 0.0165246
31 0.4654024 0.5629644 0.0282748 0.0165246
29 0.3214577 0.4439873 0.0282748 0.0165247
24 0.0335685 0.5034759 0.0282748 0.0165247
14 0.1055408 0.6224531 0.0282748 0.0165246
19 0.3214577 0.6224531 0.0282748 0.0165246
22 0.2482002 0.5034759 0.0282748 0.0165247
28 0.2482002 0.4439873 0.0282748 0.0165247
21 0.1775131 0.4439873 0.0282748 0.0165247
10 0.3214577 0.3844987 0.0282748 0.0165246
21 0.1775131 0.5034759 0.0282748 0.0165247
4 0.1055408 0.3844987 0.0282748 0.0165246
7 0.0335685 0.3250101 0.0282748 0.0165246
4 0.3934301 0.3844987 0.0282748 0.0165246
28 0.0335685 0.3844987 0.0282748 0.0165246
15 0.3934301 0.6224531 0.0282748 0.0165246
27 0.2482002 0.6224531 0.0282748 0.0165246
7 0.1775131 0.5629644 0.0282748 0.0165246
