24 0.2099630 0.4650713 0.0270273 0.0170481
30 0.4163536 0.4650713 0.0270273 0.0170481
32 0.2806026 0.3474392 0.4975488 0.4364323
33 0.2793741 0.1587731 0.4508652 0.0159116
18 0.0723692 0.2809514 0.0270273 0.0170481
31 0.2099630 0.2809514 0.0270273 0.0170481
29 0.2099630 0.3423247 0.0270273 0.0170481
11 0.4163536 0.3423247 0.0270273 0.0170481
7 0.4851505 0.3423247 0.0270274 0.0170481
22 0.2099630 0.4036980 0.0270273 0.0170481
10 0.3475567 0.4036980 0.0270274 0.0170481
3 0.1411661 0.5264446 0.0270273 0.0170481
34 0.2099630 0.5258763 0.0638828 0.0613733
6 0.2099630 0.5264446 0.0270273 0.0170481
17 0.3475567 0.3423247 0.0270274 0.0170481
15 0.0723692 0.2195781 0.0270273 0.0170481
3 0.4163536 0.4036980 0.0270273 0.0170481
10 0.1411661 0.4650713 0.0270273 0.0170481
19 0.3475567 0.4650713 0.0270274 0.0170481
9 0.2775313 0.4650713 0.0270273 0.0170481
26 0.2775313 0.2195781 0.0270273 0.0170481
19 0.0723692 0.3423247 0.0270273 0.0170481
26 0.4163536 0.2195781 0.0270273 0.0170481
12 0.4163536 0.5264446 0.0270273 0.0170481
25 0.1411661 0.4036980 0.0270273 0.0170481
29 0.2775313 0.4036980 0.0270273 0.0170481
8 0.4851505 0.4650713 0.0270274 0.0170481
18 0.4851505 0.2809514 0.0270274 0.0170481
11 0.4163536 0.2809514 0.0270273 0.0170481
24 0.2775313 0.3423247 0.0270273 0.0170481
2 0.3475567 0.5264446 0.0270274 0.0170481
19 0.4851505 0.2195781 0.0270274 0.0170481
9 0.0723692 0.4036980 0.0270273 0.0170481
6 0.2099630 0.2195781 0.0270273 0.0170481
16 0.1411661 0.2809514 0.0270273 0.0170481
30 0.2775313 0.2809514 0.0270273 0.0170481
15 0.4851505 0.4036980 0.0270274 0.0170481
7 0.3475567 0.2195781 0.0270274 0.0170481
2 0.3475567 0.2809514 0.0270274 0.0170481
6 0.1411661 0.3423247 0.0270273 0.0170481
29 0.1411661 0.2195781 0.0270273 0.0170481
9 0.2775313 0.5264446 0.0270273 0.0170481
3 0.0723692 0.4650713 0.0270273 0.0170481
2 0.4851505 0.5264446 0.0270274 0.0170481
5 0.0723692 0.5264446 0.0270273 0.0170481
