2 0.7645528 0.4722656 0.0272205 0.0174169
22 0.5566866 0.3468641 0.0272206 0.0174169
32 0.6278313 0.4147899 0.5011059 0.4458719
33 0.6265940 0.2220432 0.4540886 0.0162558
26 0.5566866 0.2841634 0.0272206 0.0174169
5 0.7645528 0.2841634 0.0272205 0.0174169
18 0.4181092 0.3468641 0.0272206 0.0174169
7 0.5566866 0.4095648 0.0272206 0.0174169
1 0.6952641 0.4095648 0.0272206 0.0174169
34 0.8338415 0.4089842 0.0643394 0.0627007
21 0.8338415 0.4095648 0.0272206 0.0174169
19 0.5566866 0.5349663 0.0272206 0.0174169
31 0.6952641 0.5349663 0.0272206 0.0174169
22 0.5566866 0.5976670 0.0272206 0.0174169
4 0.4873979 0.5349663 0.0272206 0.0174169
16 0.4181092 0.2841634 0.0272206 0.0174169
12 0.4181092 0.4095648 0.0272206 0.0174169
6 0.4181092 0.5976670 0.0272206 0.0174169
18 0.6247380 0.4722656 0.0272205 0.0174169
5 0.8338415 0.5349663 0.0272206 0.0174169
10 0.6247380 0.5349663 0.0272205 0.0174169
6 0.4873979 0.5976670 0.0272206 0.0174169
12 0.4873979 0.4722656 0.0272206 0.0174169
6 0.4181092 0.5349663 0.0272206 0.0174169
2 0.4873979 0.4095648 0.0272206 0.0174169
16 0.4873979 0.2841634 0.0272206 0.0174169
15 0.6247380 0.2841634 0.0272205 0.0174169
30 0.5566866 0.4722656 0.0272206 0.0174169
15 0.7645528 0.3468641 0.0272205 0.0174169
17 0.6247380 0.5976670 0.0272205 0.0174169
8 0.8338415 0.5976670 0.0272206 0.0174169
13 0.7645528 0.4095648 0.0272205 0.0174169
1 0.6952641 0.5976670 0.0272206 0.0174169
16 0.6247380 0.3468641 0.0272205 0.0174169
16 0.6952641 0.4722656 0.0272206 0.0174169
13 0.8338415 0.3468641 0.0272206 0.0174169
27 0.7645528 0.5976670 0.0272205 0.0174169
17 0.6247380 0.4095648 0.0272205 0.0174169
10 0.4873979 0.3468641 0.0272206 0.0174169
1 0.7645528 0.5349663 0.0272205 0.0174169
22 0.4181092 0.4722656 0.0272206 0.0174169
29 0.8338415 0.2841634 0.0272206 0.0174169
9 0.6952641 0.3468641 0.0272206 0.0174169
17 0.6952641 0.2841634 0.0272206 0.0174169
12 0.8338415 0.4722656 0.0272206 0.0174169
