6 0.3857346 0.7091561 0.0277695 0.0173388
24 0.6684782 0.3970570 0.0277695 0.0173388
32 0.5996857 0.5270983 0.5112106 0.4438742
33 0.5984235 0.3352151 0.4632452 0.0161829
25 0.3857346 0.3970570 0.0277695 0.0173388
26 0.7391642 0.4594768 0.0277695 0.0173389
5 0.3857346 0.5218966 0.0277695 0.0173388
7 0.5965301 0.5218966 0.0277695 0.0173388
34 0.6678471 0.5213187 0.0668991 0.0624198
13 0.6684782 0.5218966 0.0277695 0.0173388
1 0.6684782 0.5843164 0.0277695 0.0173389
3 0.3857346 0.6467362 0.0277695 0.0173389
19 0.4564205 0.6467362 0.0277694 0.0173389
24 0.6684782 0.6467362 0.0277695 0.0173389
21 0.5271065 0.5843164 0.0277695 0.0173389
30 0.5965301 0.4594768 0.0277695 0.0173389
18 0.6684782 0.7091561 0.0277695 0.0173388
7 0.7391642 0.3970570 0.0277695 0.0173388
30 0.8098502 0.6467362 0.0277695 0.0173389
10 0.4564205 0.4594768 0.0277694 0.0173389
24 0.5271065 0.7091561 0.0277695 0.0173388
11 0.5271065 0.3970570 0.0277695 0.0173388
20 0.7391642 0.6467362 0.0277695 0.0173389
2 0.4564205 0.5218966 0.0277694 0.0173388
15 0.5271065 0.5218966 0.0277695 0.0173388
31 0.6684782 0.4594768 0.0277695 0.0173389
26 0.5965301 0.7091561 0.0277695 0.0173388
9 0.5965301 0.3970570 0.0277695 0.0173388
16 0.8098502 0.7091561 0.0277695 0.0173388
1 0.8098502 0.4594768 0.0277695 0.0173389
14 0.5965301 0.5843164 0.0277695 0.0173389
8 0.5965301 0.6467362 0.0277695 0.0173389
22 0.4564205 0.7091561 0.0277694 0.0173388
15 0.8098502 0.5843164 0.0277695 0.0173389
4 0.3857346 0.5843164 0.0277695 0.0173389
31 0.4564205 0.3970570 0.0277694 0.0173388
8 0.7391642 0.5218966 0.0277695 0.0173388
7 0.4564205 0.5843164 0.0277694 0.0173389
8 0.3857346 0.4594768 0.0277695 0.0173389
30 0.5271065 0.6467362 0.0277695 0.0173389
1 0.5271065 0.4594768 0.0277695 0.0173389
24 0.8098502 0.5218966 0.0277695 0.0173388
25 0.7391642 0.5843164 0.0277695 0.0173389
16 0.7391642 0.7091561 0.0277695 0.0173388
24 0.8098502 0.3970570 0.0277695 0.0173388
