27 0.4277856 0.5071243 0.0281315 0.0160942
8 0.4993930 0.2174292 0.0281315 0.0160942
32 0.5729185 0.3381354 0.5178754 0.4120107
33 0.5716398 0.1600267 0.4692846 0.0150212
3 0.7142154 0.2174292 0.0281314 0.0160942
12 0.6426080 0.3333072 0.0281316 0.0160942
34 0.7858229 0.3327707 0.0664927 0.0579390
16 0.7858228 0.3333072 0.0281316 0.0160942
19 0.4277856 0.4491852 0.0281315 0.0160942
2 0.4993930 0.4491852 0.0281315 0.0160942
24 0.5697218 0.4491852 0.0281315 0.0160942
25 0.7142154 0.4491852 0.0281314 0.0160942
26 0.7858228 0.4491852 0.0281316 0.0160942
29 0.7142154 0.5071243 0.0281314 0.0160942
6 0.5697218 0.2174292 0.0281315 0.0160942
5 0.6426080 0.4491852 0.0281316 0.0160942
18 0.7142154 0.3912462 0.0281314 0.0160942
14 0.7858228 0.2753682 0.0281316 0.0160942
10 0.6426080 0.2753682 0.0281316 0.0160942
6 0.7858228 0.3912462 0.0281316 0.0160942
5 0.6426080 0.5071243 0.0281316 0.0160942
14 0.5697218 0.3333072 0.0281315 0.0160942
19 0.7858228 0.2174292 0.0281316 0.0160942
31 0.3561781 0.3333072 0.0281315 0.0160942
26 0.4993930 0.5071243 0.0281315 0.0160942
11 0.5697218 0.2753682 0.0281315 0.0160942
20 0.4993930 0.2753682 0.0281315 0.0160942
6 0.4993930 0.3912462 0.0281315 0.0160942
24 0.4277856 0.3912462 0.0281315 0.0160942
1 0.6426080 0.3912462 0.0281316 0.0160942
2 0.3561781 0.5071243 0.0281315 0.0160942
1 0.3561781 0.3912462 0.0281315 0.0160942
27 0.3561781 0.2753682 0.0281315 0.0160942
12 0.7142154 0.3333072 0.0281314 0.0160942
27 0.3561781 0.4491852 0.0281315 0.0160942
15 0.5697218 0.3912462 0.0281315 0.0160942
15 0.3561781 0.2174292 0.0281315 0.0160942
8 0.5697218 0.5071243 0.0281315 0.0160942
11 0.4993930 0.3333072 0.0281315 0.0160942
1 0.4277856 0.3333072 0.0281315 0.0160942
29 0.7858228 0.5071243 0.0281316 0.0160942
20 0.6426080 0.2174292 0.0281316 0.0160942
2 0.7142154 0.2753682 0.0281314 0.0160942
7 0.4277856 0.2174292 0.0281315 0.0160942
15 0.4277856 0.2753682 0.0281315 0.0160942
