30 0.2814607 0.5850441 0.0270080 0.0158682
14 0.2814607 0.4136674 0.0270080 0.0158682
32 0.2845298 0.5326790 0.4971933 0.4062264
33 0.2833022 0.3570707 0.4505431 0.0148103
29 0.0764452 0.4136674 0.0270080 0.0158682
9 0.1451929 0.4707930 0.0270080 0.0158682
13 0.4201838 0.4707930 0.0270080 0.0158682
19 0.0764452 0.5279185 0.0270080 0.0158683
34 0.4889315 0.5273896 0.0638372 0.0571256
15 0.4889315 0.5279185 0.0270081 0.0158683
6 0.1451929 0.5850441 0.0270080 0.0158682
12 0.1451929 0.6421697 0.0270080 0.0158682
30 0.4889315 0.6421697 0.0270081 0.0158682
27 0.3514361 0.6992953 0.0270080 0.0158682
6 0.1451929 0.6992953 0.0270080 0.0158682
27 0.2139406 0.5850441 0.0270080 0.0158682
29 0.2139406 0.6992953 0.0270080 0.0158682
2 0.4201838 0.6992953 0.0270080 0.0158682
8 0.4889315 0.5850441 0.0270081 0.0158682
9 0.0764452 0.4707930 0.0270080 0.0158682
16 0.2139406 0.4136674 0.0270080 0.0158682
25 0.4201838 0.5279185 0.0270080 0.0158683
3 0.3514361 0.4707930 0.0270080 0.0158682
10 0.4889315 0.4136674 0.0270081 0.0158682
3 0.4889315 0.6992953 0.0270081 0.0158682
3 0.2139406 0.5279185 0.0270080 0.0158683
19 0.1451929 0.5279185 0.0270080 0.0158683
15 0.2814607 0.6992953 0.0270080 0.0158682
22 0.2814607 0.4707930 0.0270080 0.0158682
15 0.4889315 0.4707930 0.0270081 0.0158682
11 0.3514361 0.5279185 0.0270080 0.0158683
26 0.1451929 0.4136674 0.0270080 0.0158682
3 0.0764452 0.6421697 0.0270080 0.0158682
4 0.2814607 0.6421697 0.0270080 0.0158682
22 0.3514361 0.6421697 0.0270080 0.0158682
13 0.2139406 0.6421697 0.0270080 0.0158682
28 0.2814607 0.5279185 0.0270080 0.0158683
8 0.3514361 0.5850441 0.0270080 0.0158682
31 0.2139406 0.4707930 0.0270080 0.0158682
9 0.3514361 0.4136674 0.0270080 0.0158682
12 0.0764452 0.5850441 0.0270080 0.0158682
11 0.4201838 0.6421697 0.0270080 0.0158682
25 0.0764452 0.6992953 0.0270080 0.0158682
15 0.4201838 0.5850441 0.0270080 0.0158682
22 0.4201838 0.4136674 0.0270080 0.0158682
