30 0.3968506 0.6674953 0.0267719 0.0159315
11 0.2605577 0.4954342 0.0267718 0.0159316
32 0.3305295 0.6149211 0.4928450 0.4078485
33 0.3293126 0.4386116 0.4466028 0.0148695
29 0.2605577 0.5527879 0.0267718 0.0159316
13 0.5331435 0.5527879 0.0267718 0.0159316
3 0.1242647 0.6101416 0.0267718 0.0159315
7 0.3968506 0.6101416 0.0267719 0.0159315
21 0.3968506 0.7248490 0.0267719 0.0159317
10 0.1242647 0.7822027 0.0267718 0.0159315
27 0.1924112 0.7822027 0.0267719 0.0159315
9 0.3968506 0.7822027 0.0267719 0.0159315
34 0.4643887 0.7816716 0.0620620 0.0573537
27 0.4649971 0.7822027 0.0267718 0.0159315
4 0.3274873 0.6674953 0.0267719 0.0159315
16 0.5331435 0.6674953 0.0267718 0.0159315
25 0.3968506 0.5527879 0.0267719 0.0159316
26 0.1924112 0.6101416 0.0267719 0.0159315
25 0.5331435 0.7248490 0.0267718 0.0159317
3 0.4649971 0.6674953 0.0267718 0.0159315
8 0.1242647 0.4954342 0.0267718 0.0159316
11 0.2605577 0.7822027 0.0267718 0.0159315
15 0.3274873 0.4954342 0.0267719 0.0159316
26 0.5331435 0.6101416 0.0267718 0.0159315
30 0.2605577 0.6674953 0.0267718 0.0159315
28 0.4649971 0.7248490 0.0267718 0.0159317
3 0.4649971 0.4954342 0.0267718 0.0159316
27 0.1242647 0.7248490 0.0267718 0.0159317
5 0.1924112 0.5527879 0.0267719 0.0159316
8 0.5331435 0.4954342 0.0267718 0.0159316
21 0.5331435 0.7822027 0.0267718 0.0159315
15 0.3968506 0.4954342 0.0267719 0.0159316
17 0.1924112 0.7248490 0.0267719 0.0159317
28 0.1242647 0.6674953 0.0267718 0.0159315
30 0.2605577 0.7248490 0.0267718 0.0159317
18 0.3274873 0.5527879 0.0267719 0.0159316
27 0.3274873 0.7248490 0.0267719 0.0159317
12 0.1242647 0.5527879 0.0267718 0.0159316
22 0.1924112 0.6674953 0.0267719 0.0159315
15 0.1924112 0.4954342 0.0267719 0.0159316
22 0.3274873 0.7822027 0.0267719 0.0159315
10 0.3274873 0.6101416 0.0267719 0.0159315
19 0.4649971 0.6101416 0.0267718 0.0159315
12 0.4649971 0.5527879 0.0267718 0.0159316
27 0.2605577 0.6101416 0.0267718 0.0159315
