21 0.2837950 0.6683817 0.0272421 0.0173302
13 0.6305124 0.5436040 0.0272421 0.0173303
32 0.4936829 0.5488031 0.5015020 0.4436540
33 0.4924445 0.3570152 0.4544474 0.0161749
30 0.6305124 0.4188263 0.0272421 0.0173303
27 0.6998558 0.4812152 0.0272421 0.0173303
2 0.3531385 0.5436040 0.0272421 0.0173303
18 0.4224820 0.5436040 0.0272421 0.0173303
21 0.5611689 0.6059928 0.0272421 0.0173303
34 0.6298932 0.6054152 0.0631521 0.0623888
11 0.6305124 0.6059928 0.0272421 0.0173303
10 0.5611689 0.6683817 0.0272421 0.0173302
9 0.6305124 0.6683817 0.0272421 0.0173302
17 0.6998558 0.6683817 0.0272421 0.0173302
16 0.5611689 0.4812152 0.0272421 0.0173303
19 0.2837950 0.4188263 0.0272421 0.0173303
1 0.6998558 0.4188263 0.0272421 0.0173303
17 0.4905872 0.4188263 0.0272421 0.0173303
12 0.4224820 0.7307705 0.0272421 0.0173302
16 0.3531385 0.4812152 0.0272421 0.0173303
26 0.5611689 0.4188263 0.0272421 0.0173303
20 0.4224820 0.4812152 0.0272421 0.0173303
4 0.5611689 0.7307705 0.0272421 0.0173302
9 0.2837950 0.5436040 0.0272421 0.0173303
22 0.3531385 0.4188263 0.0272421 0.0173303
4 0.4905872 0.6059928 0.0272421 0.0173303
20 0.3531385 0.6683817 0.0272421 0.0173302
2 0.2837950 0.6059928 0.0272421 0.0173303
31 0.6998558 0.7307705 0.0272421 0.0173302
28 0.5611689 0.5436040 0.0272421 0.0173303
26 0.6998558 0.6059928 0.0272421 0.0173303
6 0.2837950 0.7307705 0.0272421 0.0173302
31 0.4905872 0.6683817 0.0272421 0.0173302
3 0.3531385 0.6059928 0.0272421 0.0173303
2 0.4905872 0.4812152 0.0272421 0.0173303
30 0.6305124 0.4812152 0.0272421 0.0173303
28 0.6998558 0.5436040 0.0272421 0.0173303
10 0.6305124 0.7307705 0.0272421 0.0173302
16 0.4224820 0.4188263 0.0272421 0.0173303
29 0.4224820 0.6059928 0.0272421 0.0173303
6 0.4905872 0.5436040 0.0272421 0.0173303
26 0.4905872 0.7307705 0.0272421 0.0173302
25 0.4224820 0.6683817 0.0272421 0.0173302
21 0.2837950 0.4812152 0.0272421 0.0173303
5 0.3531385 0.7307705 0.0272421 0.0173302
