27 0.6304935 0.5005499 0.0277636 0.0159846
10 0.6304935 0.6731834 0.0277636 0.0159846
32 0.4203732 0.5053453 0.5111032 0.4092052
33 0.4191113 0.3284493 0.4631480 0.0149190
4 0.3478092 0.3854610 0.0277637 0.0159846
24 0.2064671 0.4430054 0.0277636 0.0159846
1 0.2771382 0.4430054 0.0277636 0.0159846
3 0.2064671 0.5005499 0.0277636 0.0159846
2 0.5598224 0.5580944 0.0277636 0.0159846
9 0.3478092 0.6156389 0.0277637 0.0159846
15 0.3478092 0.6731834 0.0277637 0.0159846
34 0.4885204 0.6726506 0.0668851 0.0575445
13 0.4891514 0.6731834 0.0277636 0.0159846
12 0.5598224 0.6731834 0.0277636 0.0159846
5 0.2771382 0.6731834 0.0277636 0.0159846
24 0.4891514 0.4430054 0.0277636 0.0159846
30 0.3478092 0.5580944 0.0277637 0.0159846
7 0.6304935 0.4430054 0.0277636 0.0159846
13 0.2064671 0.5580944 0.0277636 0.0159846
20 0.5598224 0.4430054 0.0277636 0.0159846
2 0.3478092 0.4430054 0.0277637 0.0159846
18 0.2064671 0.6156389 0.0277636 0.0159846
17 0.4172183 0.5580944 0.0277636 0.0159846
3 0.6304935 0.3854610 0.0277636 0.0159846
18 0.6304935 0.5580944 0.0277636 0.0159846
22 0.2064671 0.3854610 0.0277636 0.0159846
7 0.2771382 0.5005499 0.0277636 0.0159846
27 0.2771382 0.6156389 0.0277636 0.0159846
18 0.4172183 0.4430054 0.0277636 0.0159846
11 0.2771382 0.5580944 0.0277636 0.0159846
27 0.5598224 0.5005499 0.0277636 0.0159846
9 0.4891514 0.5005499 0.0277636 0.0159846
25 0.4891514 0.5580944 0.0277636 0.0159846
6 0.4172183 0.6156389 0.0277636 0.0159846
26 0.4172183 0.5005499 0.0277636 0.0159846
24 0.4172183 0.6731834 0.0277636 0.0159846
16 0.5598224 0.6156389 0.0277636 0.0159846
5 0.3478092 0.5005499 0.0277637 0.0159846
22 0.4891514 0.3854610 0.0277636 0.0159846
15 0.5598224 0.3854610 0.0277636 0.0159846
5 0.4891514 0.6156389 0.0277636 0.0159846
9 0.2771382 0.3854610 0.0277636 0.0159846
26 0.4172183 0.3854610 0.0277636 0.0159846
24 0.2064671 0.6731834 0.0277636 0.0159846
16 0.6304935 0.6156389 0.0277636 0.0159846
