19 0.3949305 0.3987837 0.0285439 0.0168414
15 0.3222733 0.4594128 0.0285439 0.0168414
32 0.5421912 0.3432071 0.5254677 0.4311396
33 0.5408938 0.1568291 0.4761646 0.0157187
23 0.6129023 0.2168968 0.0285439 0.0168414
10 0.6855596 0.2168968 0.0285439 0.0168414
4 0.7582169 0.2168968 0.0285440 0.0168414
25 0.4675878 0.2775258 0.0285439 0.0168414
14 0.5389476 0.2775258 0.0285439 0.0168414
13 0.5389476 0.3987837 0.0285439 0.0168414
11 0.6129023 0.4594128 0.0285439 0.0168414
1 0.3949305 0.5200418 0.0285439 0.0168414
34 0.5389476 0.5194804 0.0674675 0.0606290
7 0.5389476 0.5200418 0.0285439 0.0168414
27 0.6129023 0.3987837 0.0285439 0.0168414
25 0.5389476 0.4594128 0.0285439 0.0168414
9 0.3949305 0.4594128 0.0285439 0.0168414
14 0.6855596 0.4594128 0.0285439 0.0168414
4 0.3222733 0.2775258 0.0285439 0.0168414
26 0.7582169 0.3987837 0.0285440 0.0168414
3 0.3949305 0.3381547 0.0285439 0.0168414
10 0.5389476 0.3381547 0.0285439 0.0168414
21 0.6855596 0.3987837 0.0285439 0.0168414
16 0.6855596 0.5200418 0.0285439 0.0168414
12 0.6855596 0.2775258 0.0285439 0.0168414
16 0.6129023 0.2775258 0.0285439 0.0168414
9 0.6129023 0.3381547 0.0285439 0.0168414
2 0.6129023 0.5200418 0.0285439 0.0168414
28 0.7582169 0.4594128 0.0285440 0.0168414
22 0.5389476 0.2168968 0.0285439 0.0168414
22 0.7582169 0.2775258 0.0285440 0.0168414
3 0.4675878 0.3987837 0.0285439 0.0168414
8 0.4675878 0.5200418 0.0285439 0.0168414
4 0.3222733 0.2168968 0.0285439 0.0168414
19 0.3222733 0.5200418 0.0285439 0.0168414
22 0.4675878 0.4594128 0.0285439 0.0168414
6 0.6855596 0.3381547 0.0285439 0.0168414
21 0.7582169 0.5200418 0.0285440 0.0168414
1 0.7582169 0.3381547 0.0285440 0.0168414
7 0.4675878 0.3381547 0.0285439 0.0168414
29 0.3949305 0.2168968 0.0285439 0.0168414
22 0.4675878 0.2168968 0.0285439 0.0168414
1 0.3222733 0.3987837 0.0285439 0.0168414
18 0.3222733 0.3381547 0.0285439 0.0168414
8 0.3949305 0.2775258 0.0285439 0.0168414
