20 0.1293980 0.5744627 0.0286571 0.0165062
2 0.2023434 0.7527301 0.0286572 0.0165062
32 0.3501882 0.5794146 0.5275519 0.4225597
33 0.3488857 0.3967455 0.4780532 0.0154058
21 0.1293980 0.4556178 0.0286571 0.0165062
30 0.2752889 0.4556178 0.0286571 0.0165062
27 0.2023434 0.5150402 0.0286572 0.0165063
16 0.2023434 0.6338852 0.0286572 0.0165062
17 0.2752889 0.6338852 0.0286571 0.0165062
34 0.3469317 0.6333350 0.0677350 0.0594225
4 0.3469318 0.6338852 0.0286571 0.0165062
10 0.3469318 0.6933076 0.0286571 0.0165062
22 0.5670707 0.6933076 0.0286572 0.0165062
2 0.2752889 0.7527301 0.0286571 0.0165062
4 0.4211798 0.4556178 0.0286572 0.0165062
12 0.3469318 0.5744627 0.0286571 0.0165062
5 0.2752889 0.5150402 0.0286571 0.0165063
7 0.4211798 0.7527301 0.0286572 0.0165062
25 0.4941253 0.7527301 0.0286572 0.0165062
22 0.2023434 0.5744627 0.0286572 0.0165062
24 0.4941253 0.5150402 0.0286572 0.0165063
30 0.5670707 0.6338852 0.0286572 0.0165062
21 0.1293980 0.6338852 0.0286571 0.0165062
20 0.5670707 0.5150402 0.0286572 0.0165063
19 0.3469318 0.4556178 0.0286571 0.0165062
6 0.5670707 0.5744627 0.0286572 0.0165062
17 0.4941253 0.6338852 0.0286572 0.0165062
10 0.1293980 0.5150402 0.0286571 0.0165063
19 0.4941253 0.6933076 0.0286572 0.0165062
1 0.2023434 0.6933076 0.0286572 0.0165062
21 0.4211798 0.5150402 0.0286572 0.0165063
1 0.1293980 0.6933076 0.0286571 0.0165062
27 0.4941253 0.5744627 0.0286572 0.0165062
11 0.1293980 0.7527301 0.0286571 0.0165062
1 0.2023434 0.4556178 0.0286572 0.0165062
12 0.4211798 0.6338852 0.0286572 0.0165062
18 0.2752889 0.6933076 0.0286571 0.0165062
5 0.5670707 0.4556178 0.0286572 0.0165062
12 0.5670707 0.7527301 0.0286572 0.0165062
4 0.4211798 0.6933076 0.0286572 0.0165062
22 0.4941253 0.4556178 0.0286572 0.0165062
7 0.4211798 0.5744627 0.0286572 0.0165062
31 0.3469318 0.5150402 0.0286571 0.0165063
18 0.3469318 0.7527301 0.0286571 0.0165062
3 0.2752889 0.5744627 0.0286571 0.0165062
