20 0.2017678 0.2991106 0.0288663 0.0172075
9 0.3487233 0.5468980 0.0288663 0.0172075
32 0.2772137 0.3662197 0.5314017 0.4405110
33 0.2759016 0.1757905 0.4815418 0.0160603
21 0.4956788 0.2371637 0.0288663 0.0172075
20 0.3487233 0.2991106 0.0288663 0.0172075
29 0.2739334 0.3610575 0.0288663 0.0172074
25 0.2017678 0.4230043 0.0288663 0.0172075
30 0.2739334 0.4230043 0.0288663 0.0172075
2 0.2017678 0.4849512 0.0288663 0.0172074
34 0.1276339 0.5463245 0.0669172 0.0619469
25 0.1282900 0.5468980 0.0288663 0.0172075
9 0.2017678 0.5468980 0.0288663 0.0172075
22 0.2739334 0.5468980 0.0288663 0.0172075
27 0.4222011 0.2991106 0.0288662 0.0172075
15 0.4956788 0.4230043 0.0288663 0.0172075
16 0.0548122 0.5468980 0.0288663 0.0172075
6 0.4222011 0.4230043 0.0288662 0.0172075
20 0.4222011 0.4849512 0.0288662 0.0172074
6 0.2017678 0.3610575 0.0288663 0.0172074
16 0.2739334 0.2371637 0.0288663 0.0172075
26 0.3487233 0.2371637 0.0288663 0.0172075
10 0.4222011 0.2371637 0.0288662 0.0172075
31 0.4956788 0.3610575 0.0288663 0.0172074
31 0.1282900 0.2371637 0.0288663 0.0172075
18 0.4222011 0.5468980 0.0288662 0.0172075
20 0.1282900 0.3610575 0.0288663 0.0172074
3 0.4956788 0.2991106 0.0288663 0.0172075
24 0.3487233 0.4230043 0.0288663 0.0172075
6 0.4956788 0.4849512 0.0288663 0.0172074
17 0.1282900 0.4230043 0.0288663 0.0172075
4 0.0548122 0.4849512 0.0288663 0.0172074
7 0.0548122 0.3610575 0.0288663 0.0172074
31 0.2739334 0.2991106 0.0288663 0.0172075
22 0.4222011 0.3610575 0.0288662 0.0172074
5 0.4956788 0.5468980 0.0288663 0.0172075
19 0.3487233 0.3610575 0.0288663 0.0172074
3 0.0548122 0.4230043 0.0288663 0.0172075
5 0.1282900 0.2991106 0.0288663 0.0172075
26 0.0548122 0.2371637 0.0288663 0.0172075
24 0.0548122 0.2991106 0.0288663 0.0172075
24 0.1282900 0.4849512 0.0288663 0.0172074
5 0.3487233 0.4849512 0.0288663 0.0172074
14 0.2739334 0.4849512 0.0288663 0.0172074
15 0.2017678 0.2371637 0.0288663 0.0172075
