14 0.2245755 0.6702757 0.0265310 0.0161161
20 0.0895085 0.7282938 0.0265310 0.0161161
32 0.2939179 0.5590744 0.4884118 0.4125730
33 0.2927119 0.3807226 0.4425855 0.0150417
7 0.1570420 0.4382034 0.0265310 0.0161161
6 0.2909030 0.4382034 0.0265310 0.0161161
29 0.4947094 0.4382034 0.0265310 0.0161161
3 0.3596424 0.4962215 0.0265310 0.0161161
14 0.4947094 0.4962215 0.0265310 0.0161161
34 0.2245755 0.5537024 0.0627097 0.0580182
16 0.2245755 0.5542396 0.0265310 0.0161161
10 0.4947094 0.5542396 0.0265310 0.0161161
5 0.2909030 0.7282938 0.0265310 0.0161161
1 0.4271759 0.7282938 0.0265310 0.0161161
10 0.2245755 0.4382034 0.0265310 0.0161161
21 0.4271759 0.6702757 0.0265310 0.0161161
29 0.2909030 0.6122577 0.0265310 0.0161161
15 0.0895085 0.6702757 0.0265310 0.0161161
27 0.1570420 0.6122577 0.0265310 0.0161161
12 0.1570420 0.7282938 0.0265310 0.0161161
29 0.3596424 0.5542396 0.0265310 0.0161161
31 0.1570420 0.5542396 0.0265310 0.0161161
12 0.2245755 0.4962215 0.0265310 0.0161161
3 0.3596424 0.7282938 0.0265310 0.0161161
25 0.3596424 0.6122577 0.0265310 0.0161161
30 0.4271759 0.5542396 0.0265310 0.0161161
24 0.2909030 0.4962215 0.0265310 0.0161161
22 0.3596424 0.6702757 0.0265310 0.0161161
12 0.2245755 0.7282938 0.0265310 0.0161161
7 0.0895085 0.4962215 0.0265310 0.0161161
7 0.4947094 0.7282938 0.0265310 0.0161161
16 0.0895085 0.6122577 0.0265310 0.0161161
24 0.0895085 0.5542396 0.0265310 0.0161161
4 0.4947094 0.6122577 0.0265310 0.0161161
6 0.2909030 0.5542396 0.0265310 0.0161161
8 0.2909030 0.6702757 0.0265310 0.0161161
27 0.1570420 0.6702757 0.0265310 0.0161161
9 0.4271759 0.4382034 0.0265310 0.0161161
22 0.3596424 0.4382034 0.0265310 0.0161161
26 0.4271759 0.6122577 0.0265310 0.0161161
28 0.4947094 0.6702757 0.0265310 0.0161161
30 0.2245755 0.6122577 0.0265310 0.0161161
17 0.1570420 0.4962215 0.0265310 0.0161161
26 0.0895085 0.4382034 0.0265310 0.0161161
28 0.4271759 0.4962215 0.0265310 0.0161161
