2 0.7481273 0.7605557 0.0276363 0.0165308
2 0.7481273 0.5820230 0.0276363 0.0165308
32 0.5389702 0.5869822 0.5087607 0.4231888
33 0.5377140 0.4040412 0.4610252 0.0154288
20 0.5358297 0.4630011 0.0276363 0.0165308
34 0.6068049 0.4624501 0.0665786 0.0595109
28 0.6074330 0.4630011 0.0276364 0.0165308
8 0.6777802 0.4630011 0.0276364 0.0165308
3 0.3260444 0.5225121 0.0276364 0.0165308
6 0.3963915 0.5820230 0.0276364 0.0165308
15 0.6074330 0.6415339 0.0276364 0.0165308
25 0.3260444 0.7010448 0.0276364 0.0165308
29 0.4667387 0.7010448 0.0276363 0.0165308
16 0.6777802 0.7010448 0.0276364 0.0165308
14 0.4667387 0.6415339 0.0276363 0.0165308
20 0.6074330 0.5225121 0.0276364 0.0165308
28 0.3260444 0.4630011 0.0276364 0.0165308
20 0.3963915 0.4630011 0.0276364 0.0165308
5 0.4667387 0.5225121 0.0276363 0.0165308
14 0.7481273 0.4630011 0.0276363 0.0165308
2 0.6777802 0.5225121 0.0276364 0.0165308
28 0.3963915 0.6415339 0.0276364 0.0165308
25 0.4667387 0.4630011 0.0276363 0.0165308
31 0.3963915 0.5225121 0.0276364 0.0165308
30 0.6074330 0.7010448 0.0276364 0.0165308
6 0.6777802 0.6415339 0.0276364 0.0165308
10 0.3963915 0.7605557 0.0276364 0.0165308
12 0.5358297 0.5225121 0.0276363 0.0165308
9 0.6074330 0.7605557 0.0276364 0.0165308
3 0.7481273 0.5225121 0.0276363 0.0165308
22 0.3260444 0.7605557 0.0276364 0.0165308
18 0.5358297 0.6415339 0.0276363 0.0165308
13 0.6777802 0.5820230 0.0276364 0.0165308
6 0.7481273 0.7010448 0.0276363 0.0165308
29 0.3260444 0.6415339 0.0276364 0.0165308
16 0.7481273 0.6415339 0.0276363 0.0165308
2 0.5358297 0.7605557 0.0276363 0.0165308
18 0.3260444 0.5820230 0.0276364 0.0165308
1 0.4667387 0.5820230 0.0276363 0.0165308
7 0.3963915 0.7010448 0.0276364 0.0165308
10 0.6074330 0.5820230 0.0276364 0.0165308
7 0.4667387 0.7605557 0.0276363 0.0165308
25 0.6777802 0.7605557 0.0276364 0.0165308
12 0.5358297 0.5820230 0.0276363 0.0165308
1 0.5358297 0.7010448 0.0276363 0.0165308
