2 0.7318362 0.7750802 0.0281367 0.0166699
13 0.3737320 0.5950449 0.0281367 0.0166699
32 0.5905129 0.6000458 0.5179720 0.4267503
33 0.5892339 0.4155653 0.4693721 0.0155586
30 0.4453528 0.4750214 0.0281367 0.0166699
27 0.5873155 0.4750214 0.0281367 0.0166699
1 0.6602153 0.4750214 0.0281367 0.0166699
17 0.8034570 0.4750214 0.0281367 0.0166699
34 0.3737320 0.6545010 0.0665051 0.0600118
17 0.3737320 0.6550567 0.0281367 0.0166699
10 0.4453528 0.6550567 0.0281367 0.0166699
21 0.6602153 0.6550567 0.0281367 0.0166699
6 0.3737320 0.7750802 0.0281367 0.0166699
23 0.5873155 0.7750802 0.0281367 0.0166699
24 0.8034570 0.5350332 0.0281367 0.0166700
8 0.4453528 0.7150684 0.0281367 0.0166699
19 0.4453528 0.7750802 0.0281367 0.0166699
2 0.6602153 0.7150684 0.0281367 0.0166699
14 0.7318362 0.6550567 0.0281367 0.0166699
4 0.7318362 0.5350332 0.0281367 0.0166700
16 0.5169736 0.5950449 0.0281367 0.0166699
29 0.3737320 0.7150684 0.0281367 0.0166699
21 0.8034570 0.7150684 0.0281367 0.0166699
7 0.6602153 0.7750802 0.0281367 0.0166699
7 0.6602153 0.5350332 0.0281367 0.0166700
4 0.5873155 0.7150684 0.0281367 0.0166699
9 0.4453528 0.5950449 0.0281367 0.0166699
1 0.5169736 0.7150684 0.0281367 0.0166699
1 0.8034570 0.7750802 0.0281367 0.0166699
1 0.5169736 0.6550567 0.0281367 0.0166699
8 0.5873155 0.5950449 0.0281367 0.0166699
27 0.3737320 0.4750214 0.0281367 0.0166699
21 0.5169736 0.4750214 0.0281367 0.0166699
16 0.8034570 0.6550567 0.0281367 0.0166699
21 0.8034570 0.5950449 0.0281367 0.0166699
5 0.5169736 0.5350332 0.0281367 0.0166700
5 0.3737320 0.5350332 0.0281367 0.0166700
22 0.7318362 0.5950449 0.0281367 0.0166699
8 0.5873155 0.6550567 0.0281367 0.0166699
7 0.7318362 0.4750214 0.0281367 0.0166699
22 0.5873155 0.5350332 0.0281367 0.0166700
4 0.4453528 0.5350332 0.0281367 0.0166700
29 0.6602153 0.5950449 0.0281367 0.0166699
16 0.7318362 0.7150684 0.0281367 0.0166699
5 0.5169736 0.7750802 0.0281367 0.0166699
