3 0.4505092 0.5271342 0.0286034 0.0163256
24 0.5233179 0.7034509 0.0286034 0.0163256
32 0.5980769 0.5320319 0.5265631 0.4179360
33 0.5967767 0.3513616 0.4771572 0.0152373
16 0.5948265 0.4095897 0.0286034 0.0163256
5 0.7417441 0.4095897 0.0286035 0.0163256
22 0.3777004 0.5271342 0.0286034 0.0163256
10 0.8145528 0.5271342 0.0286034 0.0163256
29 0.5233179 0.6446787 0.0286034 0.0163256
19 0.7417441 0.6446787 0.0286035 0.0163256
4 0.8145528 0.6446787 0.0286034 0.0163256
34 0.3777005 0.7029068 0.0676081 0.0587722
2 0.3777004 0.7034509 0.0286034 0.0163256
8 0.6689354 0.7034509 0.0286034 0.0163256
4 0.5233179 0.4683620 0.0286034 0.0163256
9 0.7417441 0.4683620 0.0286035 0.0163256
11 0.8145528 0.5859064 0.0286034 0.0163256
22 0.6689354 0.5859064 0.0286034 0.0163256
9 0.5233179 0.5271342 0.0286034 0.0163256
8 0.3777004 0.4683620 0.0286034 0.0163256
26 0.4505092 0.6446787 0.0286034 0.0163256
26 0.6689354 0.4095897 0.0286034 0.0163256
31 0.3777004 0.5859064 0.0286034 0.0163256
6 0.6689354 0.5271342 0.0286034 0.0163256
18 0.5948265 0.4683620 0.0286034 0.0163256
26 0.7417441 0.5271342 0.0286035 0.0163256
3 0.8145528 0.7034509 0.0286034 0.0163256
30 0.5948265 0.5271342 0.0286034 0.0163256
13 0.6689354 0.6446787 0.0286034 0.0163256
29 0.4505092 0.5859064 0.0286034 0.0163256
14 0.4505092 0.4095897 0.0286034 0.0163256
1 0.6689354 0.4683620 0.0286034 0.0163256
4 0.5233179 0.4095897 0.0286034 0.0163256
19 0.3777004 0.6446787 0.0286034 0.0163256
20 0.5233179 0.5859064 0.0286034 0.0163256
8 0.3777004 0.4095897 0.0286034 0.0163256
9 0.7417441 0.5859064 0.0286035 0.0163256
19 0.5948265 0.6446787 0.0286034 0.0163256
31 0.8145528 0.4095897 0.0286034 0.0163256
24 0.5948265 0.5859064 0.0286034 0.0163256
28 0.4505092 0.4683620 0.0286034 0.0163256
9 0.4505092 0.7034509 0.0286034 0.0163256
14 0.8145528 0.4683620 0.0286034 0.0163256
16 0.7417441 0.7034509 0.0286035 0.0163256
22 0.5948265 0.7034509 0.0286034 0.0163256
