24 0.2749083 0.5052178 0.0285919 0.0172267
17 0.4919469 0.6912661 0.0285919 0.0172267
32 0.4951959 0.5103858 0.5263511 0.4410033
33 0.4938963 0.3197437 0.4769651 0.0160783
30 0.2749083 0.4432017 0.0285919 0.0172267
1 0.3476877 0.5052178 0.0285919 0.0172267
6 0.5660259 0.5052178 0.0285919 0.0172267
27 0.3476877 0.5672339 0.0285919 0.0172267
17 0.3476877 0.6292499 0.0285919 0.0172267
8 0.4204671 0.6292499 0.0285919 0.0172267
31 0.4919469 0.6292499 0.0285919 0.0172267
34 0.5653761 0.6286757 0.0688805 0.0620161
25 0.5660259 0.6292499 0.0285919 0.0172267
10 0.3476877 0.6912661 0.0285919 0.0172267
29 0.7115847 0.6292499 0.0285919 0.0172267
26 0.6388053 0.3811856 0.0285919 0.0172267
10 0.2749083 0.3811856 0.0285919 0.0172267
22 0.6388053 0.5672339 0.0285919 0.0172267
2 0.6388053 0.6912661 0.0285919 0.0172267
21 0.2749083 0.6912661 0.0285919 0.0172267
18 0.4204671 0.4432017 0.0285919 0.0172267
15 0.3476877 0.4432017 0.0285919 0.0172267
11 0.7115847 0.5052178 0.0285919 0.0172267
10 0.5660259 0.3811856 0.0285919 0.0172267
18 0.2749083 0.5672339 0.0285919 0.0172267
16 0.5660259 0.5672339 0.0285919 0.0172267
24 0.4919469 0.3811856 0.0285919 0.0172267
13 0.4204671 0.3811856 0.0285919 0.0172267
31 0.4919469 0.5052178 0.0285919 0.0172267
18 0.2749083 0.6292499 0.0285919 0.0172267
7 0.4204671 0.6912661 0.0285919 0.0172267
27 0.7115847 0.6912661 0.0285919 0.0172267
11 0.3476877 0.3811856 0.0285919 0.0172267
20 0.5660259 0.6912661 0.0285919 0.0172267
19 0.4919469 0.4432017 0.0285919 0.0172267
13 0.4919469 0.5672339 0.0285919 0.0172267
13 0.5660259 0.4432017 0.0285919 0.0172267
13 0.6388053 0.4432017 0.0285919 0.0172267
8 0.7115847 0.3811856 0.0285919 0.0172267
25 0.6388053 0.5052178 0.0285919 0.0172267
5 0.4204671 0.5052178 0.0285919 0.0172267
22 0.4204671 0.5672339 0.0285919 0.0172267
18 0.7115847 0.5672339 0.0285919 0.0172267
4 0.6388053 0.6292499 0.0285919 0.0172267
22 0.7115847 0.4432017 0.0285919 0.0172267
