27 0.2004877 0.4385916 0.0283091 0.0168347
16 0.0563689 0.3173817 0.0283090 0.0168348
32 0.2744773 0.3830371 0.5211439 0.4309690
33 0.2731905 0.1967328 0.4722464 0.0157124
7 0.2004877 0.2567766 0.0283091 0.0168347
22 0.3446065 0.2567766 0.0283091 0.0168347
31 0.3446065 0.3779867 0.0283091 0.0168347
11 0.0563689 0.4385916 0.0283090 0.0168347
34 0.4160225 0.4380305 0.0656255 0.0606050
11 0.4166659 0.4385916 0.0283090 0.0168347
25 0.4887253 0.4385916 0.0283090 0.0168347
13 0.4166659 0.4991967 0.0283090 0.0168347
15 0.4887253 0.4991967 0.0283090 0.0168347
21 0.4887253 0.5598017 0.0283090 0.0168347
25 0.3446065 0.4385916 0.0283091 0.0168347
26 0.2004877 0.3779867 0.0283091 0.0168347
2 0.0563689 0.4991967 0.0283090 0.0168347
9 0.4887253 0.3173817 0.0283090 0.0168348
4 0.4166659 0.5598017 0.0283090 0.0168347
28 0.1284283 0.3779867 0.0283090 0.0168347
3 0.1284283 0.4991967 0.0283090 0.0168347
3 0.4166659 0.3173817 0.0283090 0.0168348
18 0.4166659 0.2567766 0.0283090 0.0168347
7 0.3446065 0.4991967 0.0283091 0.0168347
26 0.0563689 0.3779867 0.0283090 0.0168347
2 0.0563689 0.2567766 0.0283090 0.0168347
19 0.1284283 0.3173817 0.0283090 0.0168348
7 0.2712603 0.4385916 0.0283091 0.0168347
4 0.2712603 0.3779867 0.0283091 0.0168347
13 0.2004877 0.5598017 0.0283091 0.0168347
11 0.4166659 0.3779867 0.0283090 0.0168347
19 0.4887253 0.2567766 0.0283090 0.0168347
31 0.1284283 0.5598017 0.0283090 0.0168347
16 0.0563689 0.5598017 0.0283090 0.0168347
4 0.3446065 0.3173817 0.0283091 0.0168348
12 0.2004877 0.3173817 0.0283091 0.0168348
24 0.2004877 0.4991967 0.0283091 0.0168347
21 0.2712603 0.4991967 0.0283091 0.0168347
4 0.3446065 0.5598017 0.0283091 0.0168347
22 0.2712603 0.2567766 0.0283091 0.0168347
10 0.4887253 0.3779867 0.0283090 0.0168347
11 0.2712603 0.3173817 0.0283091 0.0168348
29 0.1284283 0.4385916 0.0283090 0.0168347
2 0.2712603 0.5598017 0.0283091 0.0168347
13 0.1284283 0.2567766 0.0283090 0.0168347
