12 0.2195174 0.7561740 0.0269890 0.0160038
6 0.2882166 0.6985600 0.0269890 0.0160038
32 0.4274552 0.5881333 0.4968426 0.4096990
33 0.4262284 0.4110239 0.4502252 0.0149369
34 0.3569158 0.4675709 0.0637922 0.0576139
11 0.3569158 0.4681044 0.0269890 0.0160039
4 0.4943142 0.5257183 0.0269890 0.0160039
1 0.5630135 0.5257183 0.0269890 0.0160039
19 0.6317127 0.5257183 0.0269890 0.0160039
30 0.4943142 0.5833322 0.0269890 0.0160038
5 0.6317127 0.5833322 0.0269890 0.0160038
23 0.5630135 0.6985600 0.0269890 0.0160038
15 0.3569158 0.7561740 0.0269890 0.0160038
7 0.6317127 0.7561740 0.0269890 0.0160038
9 0.5630135 0.6409461 0.0269890 0.0160038
27 0.6317127 0.6409461 0.0269890 0.0160038
26 0.4243882 0.5257183 0.0269890 0.0160039
27 0.2882166 0.7561740 0.0269890 0.0160038
5 0.2195174 0.6985600 0.0269890 0.0160038
17 0.4943142 0.7561740 0.0269890 0.0160038
10 0.4943142 0.4681044 0.0269890 0.0160039
7 0.5630135 0.7561740 0.0269890 0.0160038
11 0.3569158 0.6985600 0.0269890 0.0160038
14 0.2882166 0.5833322 0.0269890 0.0160038
28 0.5630135 0.5833322 0.0269890 0.0160038
17 0.4243882 0.4681044 0.0269890 0.0160039
27 0.6317127 0.6985600 0.0269890 0.0160038
22 0.4243882 0.6985600 0.0269890 0.0160038
20 0.2882166 0.4681044 0.0269890 0.0160039
5 0.2195174 0.6409461 0.0269890 0.0160038
1 0.4243882 0.5833322 0.0269890 0.0160038
8 0.2195174 0.4681044 0.0269890 0.0160039
30 0.2195174 0.5833322 0.0269890 0.0160038
25 0.2882166 0.5257183 0.0269890 0.0160039
11 0.4243882 0.6409461 0.0269890 0.0160038
3 0.3569158 0.5257183 0.0269890 0.0160039
19 0.4943142 0.6409461 0.0269890 0.0160038
7 0.3569158 0.6409461 0.0269890 0.0160038
6 0.5630135 0.4681044 0.0269890 0.0160039
30 0.6317127 0.4681044 0.0269890 0.0160039
25 0.4943142 0.6985600 0.0269890 0.0160038
16 0.4243882 0.7561740 0.0269890 0.0160038
22 0.2195174 0.5257183 0.0269890 0.0160039
16 0.3569158 0.5833322 0.0269890 0.0160038
11 0.2882166 0.6409461 0.0269890 0.0160038
