12 0.3270426 0.6071004 0.0267572 0.0167931
2 0.5994795 0.3652790 0.0267572 0.0167932
32 0.5331947 0.4912277 0.4925757 0.4299049
33 0.5319785 0.3053834 0.4463587 0.0156736
17 0.6675888 0.3652790 0.0267571 0.0167932
7 0.7356980 0.4257344 0.0267572 0.0167931
26 0.3270426 0.4861897 0.0267572 0.0167931
12 0.3270426 0.5466451 0.0267572 0.0167932
25 0.4632611 0.6071004 0.0267572 0.0167931
15 0.6675888 0.6071004 0.0267571 0.0167931
34 0.3270426 0.6669961 0.0632443 0.0604554
12 0.3270426 0.6675559 0.0267572 0.0167931
21 0.4632611 0.6675559 0.0267572 0.0167931
22 0.7356980 0.6675559 0.0267572 0.0167931
11 0.5994795 0.4861897 0.0267572 0.0167931
20 0.7356980 0.5466451 0.0267572 0.0167932
6 0.3951519 0.4861897 0.0267572 0.0167931
17 0.5301541 0.6675559 0.0267572 0.0167931
26 0.3951519 0.5466451 0.0267572 0.0167932
19 0.4632611 0.5466451 0.0267572 0.0167932
26 0.5994795 0.6071004 0.0267572 0.0167931
20 0.7356980 0.6071004 0.0267572 0.0167931
3 0.4632611 0.3652790 0.0267572 0.0167932
5 0.6675888 0.6675559 0.0267571 0.0167931
1 0.5301541 0.3652790 0.0267572 0.0167932
2 0.3951519 0.4257344 0.0267572 0.0167931
4 0.7356980 0.4861897 0.0267572 0.0167931
30 0.5994795 0.4257344 0.0267572 0.0167931
2 0.3270426 0.3652790 0.0267572 0.0167932
18 0.3951519 0.6071004 0.0267572 0.0167931
28 0.4632611 0.4861897 0.0267572 0.0167931
16 0.5994795 0.6675559 0.0267572 0.0167931
30 0.5994795 0.5466451 0.0267572 0.0167932
4 0.3270426 0.4257344 0.0267572 0.0167931
6 0.6675888 0.5466451 0.0267571 0.0167932
30 0.3951519 0.6675559 0.0267572 0.0167931
11 0.5301541 0.4861897 0.0267572 0.0167931
5 0.5301541 0.6071004 0.0267572 0.0167931
28 0.7356980 0.3652790 0.0267572 0.0167932
28 0.6675888 0.4861897 0.0267571 0.0167931
13 0.4632611 0.4257344 0.0267572 0.0167931
12 0.3951519 0.3652790 0.0267572 0.0167932
11 0.5301541 0.4257344 0.0267572 0.0167931
18 0.6675888 0.4257344 0.0267571 0.0167931
8 0.5301541 0.5466451 0.0267572 0.0167932
