1 0.6684309 0.5236473 0.0282503 0.0170120
19 0.7403407 0.5848905 0.0282503 0.0170120
32 0.5984472 0.4675077 0.5200621 0.4355071
33 0.5971631 0.2792417 0.4712661 0.0158779
23 0.3807916 0.3399178 0.0282503 0.0170120
19 0.5952370 0.3399178 0.0282503 0.0170120
21 0.3807916 0.4011610 0.0282503 0.0170120
15 0.6684309 0.4011610 0.0282503 0.0170120
34 0.7396986 0.4005939 0.0654893 0.0612432
6 0.7403407 0.4011610 0.0282503 0.0170120
9 0.3807916 0.4624042 0.0282503 0.0170120
31 0.7403407 0.4624042 0.0282503 0.0170120
26 0.4527014 0.5236473 0.0282503 0.0170120
3 0.4527014 0.6461337 0.0282503 0.0170120
27 0.8122504 0.5848905 0.0282503 0.0170120
27 0.8122504 0.6461337 0.0282503 0.0170120
5 0.8122504 0.4011610 0.0282503 0.0170120
10 0.5952370 0.4624042 0.0282503 0.0170120
21 0.8122504 0.3399178 0.0282503 0.0170120
15 0.5246112 0.3399178 0.0282503 0.0170120
12 0.5246112 0.4624042 0.0282503 0.0170120
22 0.4527014 0.5848905 0.0282503 0.0170120
19 0.4527014 0.4624042 0.0282503 0.0170120
25 0.5246112 0.4011610 0.0282503 0.0170120
1 0.5246112 0.5848905 0.0282503 0.0170120
29 0.8122504 0.4624042 0.0282503 0.0170120
21 0.4527014 0.4011610 0.0282503 0.0170120
29 0.5952370 0.4011610 0.0282503 0.0170120
20 0.5246112 0.5236473 0.0282503 0.0170120
17 0.5952370 0.6461337 0.0282503 0.0170120
17 0.7403407 0.6461337 0.0282503 0.0170120
19 0.6684309 0.5848905 0.0282503 0.0170120
31 0.4527014 0.3399178 0.0282503 0.0170120
18 0.5952370 0.5236473 0.0282503 0.0170120
31 0.7403407 0.3399178 0.0282503 0.0170120
10 0.3807916 0.6461337 0.0282503 0.0170120
25 0.3807916 0.5848905 0.0282503 0.0170120
28 0.6684309 0.6461337 0.0282503 0.0170120
20 0.7403407 0.5236473 0.0282503 0.0170120
14 0.3807916 0.5236473 0.0282503 0.0170120
16 0.6684309 0.3399178 0.0282503 0.0170120
19 0.6684309 0.4624042 0.0282503 0.0170120
3 0.5246112 0.6461337 0.0282503 0.0170120
16 0.5952370 0.5848905 0.0282503 0.0170120
2 0.8122504 0.5236473 0.0282503 0.0170120
