26 0.3984829 0.4155237 0.0265696 0.0172717
15 0.1279559 0.4155237 0.0265696 0.0172717
32 0.2650309 0.4828835 0.4891225 0.4421568
33 0.2638232 0.2917428 0.4432295 0.0161203
8 0.1279559 0.3533454 0.0265696 0.0172717
10 0.0603241 0.4155237 0.0265696 0.0172717
25 0.2620116 0.4155237 0.0265696 0.0172717
34 0.1273520 0.4771263 0.0615932 0.0621783
1 0.1279559 0.4777020 0.0265696 0.0172718
4 0.0603241 0.5398803 0.0265696 0.0172717
14 0.2620116 0.6020586 0.0265696 0.0172717
5 0.3308511 0.6020586 0.0265696 0.0172717
17 0.1279559 0.6642369 0.0265696 0.0172718
20 0.3308511 0.6642369 0.0265696 0.0172718
4 0.4661146 0.3533454 0.0265696 0.0172717
19 0.4661146 0.5398803 0.0265696 0.0172717
9 0.3984829 0.6642369 0.0265696 0.0172718
11 0.1955876 0.3533454 0.0265696 0.0172717
4 0.2620116 0.5398803 0.0265696 0.0172717
6 0.3984829 0.6020586 0.0265696 0.0172717
13 0.4661146 0.6020586 0.0265696 0.0172717
8 0.3984829 0.3533454 0.0265696 0.0172717
1 0.1955876 0.5398803 0.0265696 0.0172717
30 0.2620116 0.6642369 0.0265696 0.0172718
20 0.0603241 0.6020586 0.0265696 0.0172717
15 0.1279559 0.5398803 0.0265696 0.0172717
31 0.4661146 0.4777020 0.0265696 0.0172718
18 0.1955876 0.6642369 0.0265696 0.0172718
19 0.1955876 0.6020586 0.0265696 0.0172717
1 0.0603241 0.6642369 0.0265696 0.0172718
5 0.3308511 0.4155237 0.0265696 0.0172717
3 0.2620116 0.4777020 0.0265696 0.0172718
5 0.2620116 0.3533454 0.0265696 0.0172717
8 0.4661146 0.6642369 0.0265696 0.0172718
15 0.0603241 0.4777020 0.0265696 0.0172718
2 0.3308511 0.5398803 0.0265696 0.0172717
13 0.3308511 0.4777020 0.0265696 0.0172718
5 0.1955876 0.4155237 0.0265696 0.0172717
18 0.0603241 0.3533454 0.0265696 0.0172717
5 0.3984829 0.4777020 0.0265696 0.0172718
31 0.1955876 0.4777020 0.0265696 0.0172718
9 0.1279559 0.6020586 0.0265696 0.0172717
8 0.3308511 0.3533454 0.0265696 0.0172717
14 0.4661146 0.4155237 0.0265696 0.0172717
28 0.3984829 0.5398803 0.0265696 0.0172717
