12 0.6239279 0.5143003 0.0288178 0.0161286
24 0.2571563 0.3401109 0.0288178 0.0161286
32 0.4058298 0.3449495 0.5305090 0.4128935
33 0.4045199 0.1664591 0.4807328 0.0150534
34 0.3305106 0.2815101 0.0681147 0.0580632
26 0.3305106 0.2820477 0.0288178 0.0161286
11 0.5505736 0.2820477 0.0288177 0.0161286
29 0.3305106 0.3401109 0.0288178 0.0161286
1 0.6239279 0.3401109 0.0288178 0.0161286
18 0.1838020 0.3981740 0.0288178 0.0161286
5 0.3305106 0.3981740 0.0288178 0.0161286
4 0.4025551 0.3981740 0.0288178 0.0161286
9 0.4772193 0.3981740 0.0288177 0.0161286
17 0.1838020 0.5143003 0.0288178 0.0161286
16 0.4025551 0.4562372 0.0288178 0.0161286
29 0.6239279 0.2820477 0.0288178 0.0161286
7 0.1838020 0.3401109 0.0288178 0.0161286
7 0.4025551 0.2239846 0.0288178 0.0161286
26 0.1838020 0.2820477 0.0288178 0.0161286
11 0.4025551 0.3401109 0.0288178 0.0161286
21 0.5505736 0.2239846 0.0288177 0.0161286
20 0.2571563 0.5143003 0.0288178 0.0161286
20 0.5505736 0.5143003 0.0288177 0.0161286
27 0.5505736 0.4562372 0.0288177 0.0161286
15 0.4772193 0.2239846 0.0288177 0.0161286
21 0.4025551 0.2820477 0.0288178 0.0161286
7 0.2571563 0.3981740 0.0288178 0.0161286
14 0.5505736 0.3401109 0.0288177 0.0161286
2 0.2571563 0.4562372 0.0288178 0.0161286
16 0.4772193 0.2820477 0.0288177 0.0161286
21 0.6239279 0.4562372 0.0288178 0.0161286
16 0.6239279 0.3981740 0.0288178 0.0161286
20 0.4772193 0.4562372 0.0288177 0.0161286
7 0.3305106 0.2239846 0.0288178 0.0161286
29 0.2571563 0.2820477 0.0288178 0.0161286
18 0.2571563 0.2239846 0.0288178 0.0161286
29 0.4025551 0.5143003 0.0288178 0.0161286
25 0.3305106 0.5143003 0.0288178 0.0161286
26 0.5505736 0.3981740 0.0288177 0.0161286
27 0.4772193 0.3401109 0.0288177 0.0161286
14 0.1838020 0.2239846 0.0288178 0.0161286
30 0.6239279 0.2239846 0.0288178 0.0161286
20 0.3305106 0.4562372 0.0288178 0.0161286
1 0.1838020 0.4562372 0.0288178 0.0161286
31 0.4772193 0.5143003 0.0288177 0.0161286
