30 0.6950552 0.6328386 0.0278168 0.0170048
21 0.8366679 0.5104041 0.0278168 0.0170048
32 0.6261455 0.5767228 0.5120814 0.4353229
33 0.6248811 0.3885363 0.4640342 0.0158711
24 0.6950552 0.4491867 0.0278168 0.0170048
19 0.5534426 0.5104041 0.0278168 0.0170048
8 0.6229845 0.5716213 0.0278168 0.0170048
3 0.7658615 0.5716213 0.0278168 0.0170048
11 0.4118299 0.6328386 0.0278168 0.0170048
34 0.8366679 0.6322717 0.0657487 0.0612172
31 0.8366679 0.6328386 0.0278168 0.0170048
10 0.6950552 0.6940559 0.0278168 0.0170048
16 0.4826363 0.7552732 0.0278168 0.0170048
30 0.8366679 0.7552732 0.0278168 0.0170048
21 0.4826363 0.5716213 0.0278168 0.0170048
5 0.5534426 0.4491867 0.0278168 0.0170048
8 0.4118299 0.4491867 0.0278168 0.0170048
27 0.4118299 0.5104041 0.0278168 0.0170048
26 0.6229845 0.6328386 0.0278168 0.0170048
21 0.7658615 0.6328386 0.0278168 0.0170048
6 0.8366679 0.5716213 0.0278168 0.0170048
2 0.7658615 0.6940559 0.0278168 0.0170048
1 0.4118299 0.7552732 0.0278168 0.0170048
6 0.6229845 0.5104041 0.0278168 0.0170048
21 0.6950552 0.7552732 0.0278168 0.0170048
8 0.4826363 0.4491867 0.0278168 0.0170048
8 0.4826363 0.6328386 0.0278168 0.0170048
9 0.5534426 0.6328386 0.0278168 0.0170048
19 0.5534426 0.6940559 0.0278168 0.0170048
19 0.6229845 0.7552732 0.0278168 0.0170048
19 0.7658615 0.4491867 0.0278168 0.0170048
14 0.5534426 0.7552732 0.0278168 0.0170048
22 0.8366679 0.6940559 0.0278168 0.0170048
20 0.6229845 0.4491867 0.0278168 0.0170048
19 0.4826363 0.5104041 0.0278168 0.0170048
18 0.4118299 0.6940559 0.0278168 0.0170048
11 0.6229845 0.6940559 0.0278168 0.0170048
18 0.8366679 0.4491867 0.0278168 0.0170048
7 0.6950552 0.5716213 0.0278168 0.0170048
12 0.7658615 0.7552732 0.0278168 0.0170048
1 0.4826363 0.6940559 0.0278168 0.0170048
6 0.5534426 0.5716213 0.0278168 0.0170048
17 0.6950552 0.5104041 0.0278168 0.0170048
10 0.4118299 0.5716213 0.0278168 0.0170048
19 0.7658615 0.5104041 0.0278168 0.0170048
