22 0.4085512 0.5778181 0.0270583 0.0160743
6 0.3396754 0.2884816 0.0270584 0.0160742
32 0.4792719 0.4090385 0.4981197 0.4115008
33 0.4780420 0.2311502 0.4513826 0.0150026
21 0.4085512 0.2884816 0.0270583 0.0160742
14 0.5463028 0.2884816 0.0270583 0.0160742
2 0.5463028 0.4042162 0.0270583 0.0160742
25 0.3396754 0.4620835 0.0270584 0.0160742
24 0.5463028 0.5199508 0.0270583 0.0160743
7 0.6151786 0.5199508 0.0270583 0.0160743
34 0.6840545 0.5194150 0.0639561 0.0578673
18 0.6840544 0.5199508 0.0270583 0.0160743
17 0.2707996 0.5778181 0.0270584 0.0160743
30 0.6840544 0.2884816 0.0270583 0.0160742
16 0.2707996 0.5199508 0.0270584 0.0160743
22 0.6151786 0.3463489 0.0270583 0.0160743
10 0.3396754 0.4042162 0.0270584 0.0160742
27 0.6840544 0.4620835 0.0270583 0.0160742
5 0.3396754 0.5778181 0.0270584 0.0160743
16 0.6151786 0.5778181 0.0270583 0.0160743
31 0.6840544 0.5778181 0.0270583 0.0160743
24 0.2707996 0.2884816 0.0270584 0.0160742
14 0.4085512 0.3463489 0.0270583 0.0160743
4 0.4761971 0.2884816 0.0270583 0.0160742
1 0.6840544 0.4042162 0.0270583 0.0160742
31 0.6840544 0.3463489 0.0270583 0.0160743
11 0.4761971 0.4042162 0.0270583 0.0160742
25 0.5463028 0.3463489 0.0270583 0.0160743
4 0.3396754 0.3463489 0.0270584 0.0160743
28 0.2707996 0.4620835 0.0270584 0.0160742
31 0.6151786 0.2884816 0.0270583 0.0160742
29 0.6151786 0.4042162 0.0270583 0.0160742
2 0.2707996 0.3463489 0.0270584 0.0160743
3 0.4085512 0.5199508 0.0270583 0.0160743
24 0.6151786 0.4620835 0.0270583 0.0160742
6 0.4085512 0.4042162 0.0270583 0.0160742
21 0.4761971 0.4620835 0.0270583 0.0160742
7 0.3396754 0.5199508 0.0270584 0.0160743
24 0.4761971 0.5778181 0.0270583 0.0160743
11 0.4085512 0.4620835 0.0270583 0.0160742
12 0.5463028 0.4620835 0.0270583 0.0160742
20 0.5463028 0.5778181 0.0270583 0.0160743
4 0.4761971 0.3463489 0.0270583 0.0160743
6 0.2707996 0.4042162 0.0270584 0.0160742
16 0.4761971 0.5199508 0.0270583 0.0160743
