6 0.3158849 0.2937208 0.0273741 0.0169725
14 0.3843200 0.3548217 0.0273740 0.0169725
32 0.3874307 0.4210144 0.5039316 0.4344955
33 0.3861864 0.2331856 0.4566491 0.0158410
29 0.4552438 0.3548217 0.0273741 0.0169725
10 0.3158849 0.4159226 0.0273741 0.0169725
5 0.3843200 0.4159226 0.0273740 0.0169725
2 0.1765260 0.4770236 0.0273741 0.0169725
34 0.2455833 0.4764579 0.0634581 0.0611009
31 0.2462054 0.4770236 0.0273741 0.0169725
8 0.5946026 0.4770236 0.0273741 0.0169725
27 0.2462054 0.5381245 0.0273741 0.0169725
11 0.2462054 0.5992255 0.0273741 0.0169725
18 0.2462054 0.2937208 0.0273741 0.0169725
8 0.3158849 0.5381245 0.0273741 0.0169725
10 0.5946026 0.5381245 0.0273741 0.0169725
29 0.5249232 0.2937208 0.0273740 0.0169725
28 0.3843200 0.5992255 0.0273740 0.0169725
16 0.4552438 0.4159226 0.0273741 0.0169725
25 0.5946026 0.3548217 0.0273741 0.0169725
30 0.4552438 0.4770236 0.0273741 0.0169725
21 0.3158849 0.3548217 0.0273741 0.0169725
12 0.5946026 0.5992255 0.0273741 0.0169725
19 0.3843200 0.4770236 0.0273740 0.0169725
14 0.1765260 0.2937208 0.0273741 0.0169725
28 0.5249232 0.4159226 0.0273740 0.0169725
21 0.1765260 0.3548217 0.0273741 0.0169725
21 0.5249232 0.5992255 0.0273740 0.0169725
31 0.5249232 0.4770236 0.0273740 0.0169725
7 0.1765260 0.4159226 0.0273741 0.0169725
9 0.5946026 0.2937208 0.0273741 0.0169725
3 0.4552438 0.5381245 0.0273741 0.0169725
19 0.1765260 0.5381245 0.0273741 0.0169725
21 0.2462054 0.3548217 0.0273741 0.0169725
20 0.2462054 0.4159226 0.0273741 0.0169725
19 0.3158849 0.5992255 0.0273741 0.0169725
12 0.4552438 0.2937208 0.0273741 0.0169725
31 0.5249232 0.3548217 0.0273740 0.0169725
26 0.1765260 0.5992255 0.0273741 0.0169725
28 0.5946026 0.4159226 0.0273741 0.0169725
8 0.4552438 0.5992255 0.0273741 0.0169725
10 0.3843200 0.2937208 0.0273740 0.0169725
2 0.3158849 0.4770236 0.0273741 0.0169725
17 0.5249232 0.5381245 0.0273740 0.0169725
13 0.3843200 0.5381245 0.0273740 0.0169725
