1 0.3937505 0.4536601 0.0263982 0.0166008
1 0.3937505 0.5731858 0.0263982 0.0166008
32 0.3283549 0.4586403 0.4859676 0.4249800
33 0.3271550 0.2749250 0.4403706 0.0154941
11 0.1249685 0.3341345 0.0263982 0.0166008
23 0.4609460 0.3938973 0.0263982 0.0166008
2 0.1921640 0.5134229 0.0263982 0.0166007
14 0.3253551 0.5134229 0.0263982 0.0166007
4 0.3937505 0.5134229 0.0263982 0.0166007
1 0.5281416 0.5134229 0.0263982 0.0166007
3 0.2593595 0.5731858 0.0263982 0.0166008
34 0.5281416 0.5726324 0.0623958 0.0597628
1 0.5281416 0.5731858 0.0263982 0.0166008
13 0.1249685 0.6329485 0.0263982 0.0166007
11 0.1921640 0.3341345 0.0263982 0.0166008
19 0.3937505 0.3341345 0.0263982 0.0166008
12 0.4609460 0.5731858 0.0263982 0.0166008
17 0.3253551 0.3938973 0.0263982 0.0166008
14 0.1921640 0.5731858 0.0263982 0.0166008
13 0.3253551 0.4536601 0.0263982 0.0166008
19 0.2593595 0.5134229 0.0263982 0.0166007
18 0.2593595 0.3938973 0.0263982 0.0166008
17 0.3253551 0.5731858 0.0263982 0.0166008
24 0.5281416 0.3938973 0.0263982 0.0166008
14 0.2593595 0.6329485 0.0263982 0.0166007
19 0.1249685 0.3938973 0.0263982 0.0166008
19 0.5281416 0.4536601 0.0263982 0.0166008
11 0.2593595 0.3341345 0.0263982 0.0166008
15 0.3253551 0.3341345 0.0263982 0.0166008
1 0.5281416 0.3341345 0.0263982 0.0166008
17 0.2593595 0.4536601 0.0263982 0.0166008
9 0.4609460 0.5134229 0.0263982 0.0166007
17 0.4609460 0.6329485 0.0263982 0.0166007
6 0.5281416 0.6329485 0.0263982 0.0166007
26 0.1921640 0.6329485 0.0263982 0.0166007
7 0.3253551 0.6329485 0.0263982 0.0166007
24 0.1249685 0.4536601 0.0263982 0.0166008
21 0.3937505 0.3938973 0.0263982 0.0166008
18 0.1249685 0.5731858 0.0263982 0.0166008
18 0.1921640 0.4536601 0.0263982 0.0166008
4 0.4609460 0.4536601 0.0263982 0.0166008
25 0.1921640 0.3938973 0.0263982 0.0166008
29 0.1249685 0.5134229 0.0263982 0.0166007
11 0.3937505 0.6329485 0.0263982 0.0166007
11 0.4609460 0.3341345 0.0263982 0.0166008
