21 0.3710387 0.5696587 0.0264882 0.0167086
22 0.7755853 0.6298098 0.0264882 0.0167086
32 0.5751180 0.5746714 0.4876232 0.4277409
33 0.5739140 0.3897626 0.4418709 0.0155947
34 0.5721080 0.4487997 0.0626084 0.0601511
10 0.5721079 0.4493567 0.0264882 0.0167086
1 0.6407364 0.5095077 0.0264882 0.0167086
2 0.3710387 0.6298098 0.0264882 0.0167086
14 0.5058875 0.6899609 0.0264882 0.0167086
18 0.7755853 0.6899609 0.0264882 0.0167086
11 0.3710387 0.7501119 0.0264882 0.0167086
26 0.4384631 0.7501119 0.0264882 0.0167086
20 0.7755853 0.7501119 0.0264882 0.0167086
29 0.3710387 0.6899609 0.0264882 0.0167086
2 0.7755853 0.5095077 0.0264882 0.0167086
5 0.5058875 0.7501119 0.0264882 0.0167086
1 0.6407364 0.6899609 0.0264882 0.0167086
6 0.6407364 0.6298098 0.0264882 0.0167086
4 0.6407364 0.5696587 0.0264882 0.0167086
4 0.7755853 0.5696587 0.0264882 0.0167086
4 0.6407364 0.4493567 0.0264882 0.0167086
22 0.6407364 0.7501119 0.0264882 0.0167086
18 0.5058875 0.5095077 0.0264882 0.0167086
27 0.7081609 0.6298098 0.0264881 0.0167086
7 0.7755853 0.4493567 0.0264882 0.0167086
2 0.5721079 0.5696587 0.0264882 0.0167086
14 0.3710387 0.5095077 0.0264882 0.0167086
12 0.4384631 0.5696587 0.0264882 0.0167086
6 0.7081609 0.5095077 0.0264881 0.0167086
28 0.4384631 0.4493567 0.0264882 0.0167086
3 0.3710387 0.4493567 0.0264882 0.0167086
6 0.5721079 0.6298098 0.0264882 0.0167086
6 0.7081609 0.7501119 0.0264881 0.0167086
18 0.4384631 0.6298098 0.0264882 0.0167086
24 0.4384631 0.6899609 0.0264882 0.0167086
17 0.7081609 0.5696587 0.0264881 0.0167086
28 0.4384631 0.5095077 0.0264882 0.0167086
8 0.5721079 0.5095077 0.0264882 0.0167086
8 0.5058875 0.4493567 0.0264882 0.0167086
7 0.5058875 0.5696587 0.0264882 0.0167086
12 0.7081609 0.4493567 0.0264881 0.0167086
5 0.7081609 0.6899609 0.0264881 0.0167086
18 0.5058875 0.6298098 0.0264882 0.0167086
22 0.5721079 0.7501119 0.0264882 0.0167086
2 0.5721079 0.6899609 0.0264882 0.0167086
