21 0.2000063 0.5763266 0.0262224 0.0162368
21 0.0665107 0.5178738 0.0262224 0.0162369
32 0.2685420 0.4058392 0.4827298 0.4156647
33 0.2673501 0.2261508 0.4374366 0.0151545
27 0.1332585 0.2840624 0.0262224 0.0162369
10 0.1332585 0.3425153 0.0262224 0.0162369
34 0.1326625 0.4588797 0.0607882 0.0584528
21 0.1332585 0.4594209 0.0262224 0.0162369
31 0.4669976 0.4594209 0.0262223 0.0162369
15 0.1332585 0.5178738 0.0262224 0.0162369
24 0.2000063 0.5178738 0.0262224 0.0162369
4 0.3335020 0.5178738 0.0262224 0.0162369
16 0.4669976 0.5763266 0.0262223 0.0162368
22 0.2655622 0.4594209 0.0262224 0.0162369
15 0.2655622 0.5763266 0.0262224 0.0162368
3 0.2655622 0.5178738 0.0262224 0.0162369
18 0.3335020 0.3425153 0.0262224 0.0162369
19 0.0665107 0.3425153 0.0262224 0.0162369
22 0.4002498 0.2840624 0.0262223 0.0162369
8 0.2000063 0.3425153 0.0262224 0.0162369
10 0.0665107 0.5763266 0.0262224 0.0162368
19 0.2000063 0.2840624 0.0262224 0.0162369
18 0.0665107 0.2840624 0.0262224 0.0162369
5 0.2000063 0.4594209 0.0262224 0.0162369
29 0.3335020 0.4009681 0.0262224 0.0162369
26 0.3335020 0.4594209 0.0262224 0.0162369
28 0.4002498 0.5763266 0.0262223 0.0162368
6 0.1332585 0.5763266 0.0262224 0.0162368
29 0.2000063 0.4009681 0.0262224 0.0162369
29 0.4669976 0.3425153 0.0262223 0.0162369
21 0.4002498 0.3425153 0.0262223 0.0162369
11 0.2655622 0.2840624 0.0262224 0.0162369
6 0.1332585 0.4009681 0.0262224 0.0162369
22 0.4669976 0.4009681 0.0262223 0.0162369
22 0.4002498 0.5178738 0.0262223 0.0162369
5 0.0665107 0.4594209 0.0262224 0.0162369
16 0.4669976 0.5178738 0.0262223 0.0162369
26 0.4002498 0.4009681 0.0262223 0.0162369
25 0.3335020 0.2840624 0.0262224 0.0162369
21 0.4669976 0.2840624 0.0262223 0.0162369
6 0.0665107 0.4009681 0.0262224 0.0162369
7 0.2655622 0.3425153 0.0262224 0.0162369
22 0.4002498 0.4594209 0.0262223 0.0162369
28 0.2655622 0.4009681 0.0262224 0.0162369
15 0.3335020 0.5763266 0.0262224 0.0162368
