12 0.4540194 0.4386378 0.0279341 0.0168054
16 0.3829145 0.4386378 0.0279341 0.0168054
32 0.3137142 0.5646781 0.5142408 0.4302174
33 0.3124444 0.3786987 0.4659911 0.0156850
9 0.3105398 0.4386378 0.0279341 0.0168054
27 0.2407047 0.4991371 0.0279341 0.0168054
17 0.4540194 0.4991371 0.0279341 0.0168054
34 0.0984948 0.5590763 0.0660260 0.0604993
24 0.0984949 0.5596365 0.0279341 0.0168054
23 0.3105398 0.6201358 0.0279341 0.0168054
3 0.4540194 0.6201358 0.0279341 0.0168054
30 0.1695997 0.6806350 0.0279341 0.0168054
22 0.3829145 0.7411344 0.0279341 0.0168054
10 0.2407047 0.6806350 0.0279341 0.0168054
9 0.5251243 0.4991371 0.0279341 0.0168054
10 0.4540194 0.5596365 0.0279341 0.0168054
15 0.3829145 0.6806350 0.0279341 0.0168054
17 0.1695997 0.5596365 0.0279341 0.0168054
7 0.2407047 0.7411344 0.0279341 0.0168054
20 0.0984949 0.4991371 0.0279341 0.0168054
24 0.3829145 0.4991371 0.0279341 0.0168054
25 0.5251243 0.5596365 0.0279341 0.0168054
1 0.0984949 0.6806350 0.0279341 0.0168054
17 0.1695997 0.7411344 0.0279341 0.0168054
17 0.3829145 0.6201358 0.0279341 0.0168054
26 0.2407047 0.6201358 0.0279341 0.0168054
31 0.2407047 0.4386378 0.0279341 0.0168054
11 0.1695997 0.4991371 0.0279341 0.0168054
13 0.2407047 0.5596365 0.0279341 0.0168054
7 0.1695997 0.6201358 0.0279341 0.0168054
26 0.5251243 0.6806350 0.0279341 0.0168054
4 0.4540194 0.7411344 0.0279341 0.0168054
13 0.5251243 0.4386378 0.0279341 0.0168054
3 0.1695997 0.4386378 0.0279341 0.0168054
6 0.3105398 0.4991371 0.0279341 0.0168054
2 0.4540194 0.6806350 0.0279341 0.0168054
24 0.3105398 0.7411344 0.0279341 0.0168054
5 0.3105398 0.5596365 0.0279341 0.0168054
2 0.0984949 0.7411344 0.0279341 0.0168054
18 0.0984949 0.6201358 0.0279341 0.0168054
28 0.0984949 0.4386378 0.0279341 0.0168054
30 0.5251243 0.6201358 0.0279341 0.0168054
21 0.3105398 0.6806350 0.0279341 0.0168054
7 0.5251243 0.7411344 0.0279341 0.0168054
12 0.3829145 0.5596365 0.0279341 0.0168054
