10 0.4411822 0.6301472 0.0263782 0.0163797
13 0.5754713 0.5122133 0.0263782 0.0163797
32 0.5101252 0.5171271 0.4855990 0.4193204
33 0.5089262 0.3358584 0.4400366 0.0152877
9 0.6426158 0.3942794 0.0263783 0.0163797
34 0.3734381 0.5706342 0.0611495 0.0589669
15 0.3740376 0.5711801 0.0263782 0.0163797
17 0.4411822 0.5711801 0.0263782 0.0163797
29 0.5754713 0.5711801 0.0263782 0.0163797
4 0.3740376 0.6301472 0.0263782 0.0163797
10 0.5754713 0.6301472 0.0263782 0.0163797
25 0.7097604 0.6301472 0.0263783 0.0163797
1 0.4411822 0.6891140 0.0263782 0.0163797
3 0.5071277 0.6891140 0.0263783 0.0163797
13 0.5071277 0.4532463 0.0263783 0.0163797
31 0.6426158 0.6891140 0.0263783 0.0163797
4 0.3068930 0.6891140 0.0263782 0.0163797
27 0.5754713 0.3942794 0.0263782 0.0163797
16 0.5071277 0.3942794 0.0263783 0.0163797
11 0.4411822 0.4532463 0.0263782 0.0163797
28 0.3068930 0.5711801 0.0263782 0.0163797
20 0.7097604 0.4532463 0.0263783 0.0163797
21 0.6426158 0.4532463 0.0263783 0.0163797
12 0.3740376 0.6891140 0.0263782 0.0163797
6 0.3740376 0.4532463 0.0263782 0.0163797
2 0.3068930 0.5122133 0.0263782 0.0163797
15 0.3740376 0.3942794 0.0263782 0.0163797
24 0.6426158 0.5711801 0.0263783 0.0163797
11 0.7097604 0.5122133 0.0263783 0.0163797
3 0.7097604 0.5711801 0.0263783 0.0163797
25 0.3068930 0.4532463 0.0263782 0.0163797
10 0.5754713 0.6891140 0.0263782 0.0163797
27 0.3068930 0.3942794 0.0263782 0.0163797
21 0.3740376 0.5122133 0.0263782 0.0163797
13 0.7097604 0.6891140 0.0263783 0.0163797
20 0.4411822 0.5122133 0.0263782 0.0163797
11 0.5071277 0.6301472 0.0263783 0.0163797
16 0.7097604 0.3942794 0.0263783 0.0163797
4 0.3068930 0.6301472 0.0263782 0.0163797
18 0.4411822 0.3942794 0.0263782 0.0163797
7 0.6426158 0.5122133 0.0263783 0.0163797
5 0.5071277 0.5122133 0.0263783 0.0163797
14 0.5071277 0.5711801 0.0263783 0.0163797
5 0.6426158 0.6301472 0.0263783 0.0163797
29 0.5754713 0.4532463 0.0263782 0.0163797
