11 0.4062673 0.4310690 0.0269502 0.0166432
30 0.4748679 0.4909847 0.0269502 0.0166433
32 0.2709037 0.3761463 0.4961290 0.4260674
33 0.2696787 0.1919609 0.4495786 0.0155337
18 0.4748679 0.3112376 0.0269502 0.0166433
26 0.2678412 0.4310690 0.0269502 0.0166432
11 0.3376667 0.4310690 0.0269502 0.0166432
3 0.4748679 0.4310690 0.0269502 0.0166432
4 0.2004656 0.5509004 0.0269502 0.0166433
22 0.2678412 0.5509004 0.0269502 0.0166433
30 0.3376667 0.5509004 0.0269502 0.0166433
34 0.4748679 0.5503457 0.0637005 0.0599158
3 0.4748679 0.5509004 0.0269502 0.0166433
7 0.1318651 0.3711533 0.0269502 0.0166433
21 0.3376667 0.4909847 0.0269502 0.0166433
9 0.4062673 0.3711533 0.0269502 0.0166433
29 0.2678412 0.2513218 0.0269502 0.0166432
7 0.0632645 0.4310690 0.0269502 0.0166432
4 0.2678412 0.3112376 0.0269502 0.0166433
21 0.2004656 0.4909847 0.0269502 0.0166433
18 0.2004656 0.4310690 0.0269502 0.0166432
6 0.1318651 0.5509004 0.0269502 0.0166433
6 0.0632645 0.3112376 0.0269502 0.0166433
24 0.4062673 0.3112376 0.0269502 0.0166433
15 0.0632645 0.5509004 0.0269502 0.0166433
18 0.0632645 0.3711533 0.0269502 0.0166433
7 0.0632645 0.4909847 0.0269502 0.0166433
19 0.2004656 0.3112376 0.0269502 0.0166433
15 0.1318651 0.4310690 0.0269502 0.0166432
17 0.0632645 0.2513218 0.0269502 0.0166432
17 0.3376667 0.2513218 0.0269502 0.0166432
16 0.4062673 0.5509004 0.0269502 0.0166433
27 0.4748679 0.2513218 0.0269502 0.0166432
3 0.1318651 0.2513218 0.0269502 0.0166432
26 0.2004656 0.3711533 0.0269502 0.0166433
14 0.4748679 0.3711533 0.0269502 0.0166433
13 0.1318651 0.4909847 0.0269502 0.0166433
18 0.2004656 0.2513218 0.0269502 0.0166432
18 0.4062673 0.2513218 0.0269502 0.0166432
15 0.3376667 0.3112376 0.0269502 0.0166433
27 0.4062673 0.4909847 0.0269502 0.0166433
16 0.1318651 0.3112376 0.0269502 0.0166433
20 0.2678412 0.4909847 0.0269502 0.0166433
11 0.2678412 0.3711533 0.0269502 0.0166433
26 0.3376667 0.3711533 0.0269502 0.0166433
