21 0.6611351 0.5420354 0.0263840 0.0170553
8 0.3924981 0.4192370 0.0263840 0.0170553
32 0.5286155 0.4243536 0.4857052 0.4366167
33 0.5274162 0.2356078 0.4401328 0.0159183
23 0.4596573 0.2964385 0.0263840 0.0170553
19 0.5939758 0.2964385 0.0263840 0.0170553
7 0.7282942 0.3578378 0.0263840 0.0170553
24 0.3253389 0.4192370 0.0263840 0.0170553
13 0.4596573 0.4192370 0.0263840 0.0170553
8 0.4596573 0.4806362 0.0263840 0.0170553
16 0.3924981 0.5420354 0.0263840 0.0170553
34 0.4596573 0.6028661 0.0623621 0.0613992
25 0.4596573 0.6034346 0.0263840 0.0170554
5 0.3253389 0.3578378 0.0263840 0.0170553
2 0.5256173 0.4806362 0.0263840 0.0170553
22 0.6611351 0.6034346 0.0263840 0.0170554
22 0.5939758 0.6034346 0.0263840 0.0170554
27 0.3253389 0.5420354 0.0263840 0.0170553
21 0.7282942 0.5420354 0.0263840 0.0170553
24 0.7282942 0.4806362 0.0263840 0.0170553
2 0.3924981 0.2964385 0.0263840 0.0170553
16 0.3253389 0.4806362 0.0263840 0.0170553
25 0.7282942 0.6034346 0.0263840 0.0170554
28 0.4596573 0.5420354 0.0263840 0.0170553
8 0.6611351 0.3578378 0.0263840 0.0170553
10 0.5939758 0.3578378 0.0263840 0.0170553
4 0.6611351 0.4806362 0.0263840 0.0170553
22 0.5939758 0.5420354 0.0263840 0.0170553
11 0.7282942 0.2964385 0.0263840 0.0170553
1 0.4596573 0.3578378 0.0263840 0.0170553
31 0.3924981 0.6034346 0.0263840 0.0170554
6 0.3924981 0.3578378 0.0263840 0.0170553
24 0.5939758 0.4806362 0.0263840 0.0170553
30 0.5256173 0.6034346 0.0263840 0.0170554
9 0.3924981 0.4806362 0.0263840 0.0170553
14 0.3253389 0.2964385 0.0263840 0.0170553
13 0.6611351 0.2964385 0.0263840 0.0170553
6 0.7282942 0.4192370 0.0263840 0.0170553
31 0.5256173 0.2964385 0.0263840 0.0170553
8 0.3253389 0.6034346 0.0263840 0.0170554
16 0.5939758 0.4192370 0.0263840 0.0170553
14 0.6611351 0.4192370 0.0263840 0.0170553
7 0.5256173 0.3578378 0.0263840 0.0170553
22 0.5256173 0.5420354 0.0263840 0.0170553
13 0.5256173 0.4192370 0.0263840 0.0170553
