15 0.2632838 0.5322005 0.0268643 0.0163833
10 0.4012688 0.5911804 0.0268643 0.0163833
32 0.2663366 0.5960954 0.4945478 0.4194126
33 0.2651155 0.4147868 0.4481458 0.0152911
21 0.4696507 0.5911804 0.0268643 0.0163833
19 0.1961230 0.6501603 0.0268643 0.0163833
34 0.2632838 0.6496142 0.0634975 0.0589799
15 0.2632838 0.6501603 0.0268643 0.0163833
5 0.4012688 0.6501603 0.0268643 0.0163833
29 0.4696507 0.6501603 0.0268643 0.0163833
24 0.4012688 0.7091402 0.0268643 0.0163833
15 0.0593592 0.7681200 0.0268643 0.0163833
10 0.1961230 0.7681200 0.0268643 0.0163833
26 0.1277411 0.6501603 0.0268643 0.0163833
6 0.1961230 0.5911804 0.0268643 0.0163833
4 0.1961230 0.4732206 0.0268643 0.0163833
20 0.4012688 0.5322005 0.0268643 0.0163833
20 0.3328868 0.4732206 0.0268643 0.0163833
10 0.0593592 0.7091402 0.0268643 0.0163833
1 0.3328868 0.5911804 0.0268643 0.0163833
15 0.1277411 0.5911804 0.0268643 0.0163833
5 0.0593592 0.5911804 0.0268643 0.0163833
15 0.1277411 0.4732206 0.0268643 0.0163833
8 0.1277411 0.5322005 0.0268643 0.0163833
8 0.1961230 0.7091402 0.0268643 0.0163833
12 0.2632838 0.4732206 0.0268643 0.0163833
2 0.2632838 0.7681200 0.0268643 0.0163833
24 0.0593592 0.4732206 0.0268643 0.0163833
18 0.4696507 0.5322005 0.0268643 0.0163833
27 0.4696507 0.4732206 0.0268643 0.0163833
10 0.2632838 0.7091402 0.0268643 0.0163833
22 0.0593592 0.6501603 0.0268643 0.0163833
17 0.1277411 0.7091402 0.0268643 0.0163833
6 0.1961230 0.5322005 0.0268643 0.0163833
6 0.3328868 0.5322005 0.0268643 0.0163833
13 0.3328868 0.7091402 0.0268643 0.0163833
26 0.4012688 0.7681200 0.0268643 0.0163833
29 0.0593592 0.5322005 0.0268643 0.0163833
15 0.1277411 0.7681200 0.0268643 0.0163833
19 0.2632838 0.5911804 0.0268643 0.0163833
2 0.3328868 0.7681200 0.0268643 0.0163833
24 0.4696507 0.7681200 0.0268643 0.0163833
2 0.4012688 0.4732206 0.0268643 0.0163833
21 0.3328868 0.6501603 0.0268643 0.0163833
10 0.4696507 0.7091402 0.0268643 0.0163833
