27 0.4468659 0.3956899 0.0286247 0.0167103
7 0.4468659 0.4558472 0.0286247 0.0167103
32 0.3759547 0.4608603 0.5269548 0.4277849
33 0.3746536 0.2759324 0.4775121 0.0155963
17 0.1554144 0.4558472 0.0286247 0.0167103
34 0.3011401 0.5154474 0.0676584 0.0601573
1 0.3011402 0.5160044 0.0286247 0.0167103
1 0.5925917 0.5160044 0.0286247 0.0167103
30 0.1554144 0.5761617 0.0286247 0.0167103
9 0.3011402 0.5761617 0.0286247 0.0167103
16 0.3727020 0.5761617 0.0286247 0.0167103
8 0.3011402 0.6363190 0.0286247 0.0167103
23 0.5197288 0.6363190 0.0286247 0.0167103
24 0.3727020 0.4558472 0.0286247 0.0167103
3 0.3727020 0.5160044 0.0286247 0.0167103
5 0.5197288 0.5761617 0.0286247 0.0167103
19 0.5197288 0.4558472 0.0286247 0.0167103
22 0.2282773 0.4558472 0.0286247 0.0167103
24 0.5925917 0.4558472 0.0286247 0.0167103
7 0.4468659 0.3355327 0.0286247 0.0167103
9 0.1554144 0.3956899 0.0286247 0.0167103
1 0.3011402 0.4558472 0.0286247 0.0167103
20 0.5925917 0.6363190 0.0286247 0.0167103
3 0.2282773 0.3355327 0.0286247 0.0167103
9 0.3011402 0.3956899 0.0286247 0.0167103
25 0.4468659 0.6363190 0.0286247 0.0167103
21 0.2282773 0.5761617 0.0286247 0.0167103
6 0.3727020 0.3956899 0.0286247 0.0167103
30 0.5925917 0.3355327 0.0286247 0.0167103
27 0.1554144 0.5160044 0.0286247 0.0167103
8 0.5197288 0.5160044 0.0286247 0.0167103
2 0.5197288 0.3956899 0.0286247 0.0167103
12 0.4468659 0.5160044 0.0286247 0.0167103
26 0.1554144 0.6363190 0.0286247 0.0167103
29 0.2282773 0.5160044 0.0286247 0.0167103
15 0.4468659 0.5761617 0.0286247 0.0167103
27 0.3727020 0.3355327 0.0286247 0.0167103
28 0.5925917 0.5761617 0.0286247 0.0167103
24 0.3727020 0.6363190 0.0286247 0.0167103
30 0.1554144 0.3355327 0.0286247 0.0167103
19 0.5925917 0.3956899 0.0286247 0.0167103
17 0.5197288 0.3355327 0.0286247 0.0167103
15 0.2282773 0.6363190 0.0286247 0.0167103
22 0.2282773 0.3956899 0.0286247 0.0167103
29 0.3011402 0.3355327 0.0286247 0.0167103
