26 0.4128635 0.3803422 0.0271740 0.0172099
6 0.2757581 0.5662092 0.0271741 0.0172099
32 0.4159515 0.5094164 0.5002497 0.4405736
33 0.4147163 0.3189602 0.4533127 0.0160626
34 0.2751405 0.3797685 0.0629944 0.0619557
13 0.2757581 0.3803422 0.0271741 0.0172099
9 0.5524393 0.3803422 0.0271741 0.0172099
11 0.4832690 0.4422978 0.0271740 0.0172099
27 0.3449284 0.5662092 0.0271741 0.0172099
16 0.5524393 0.5662092 0.0271741 0.0172099
2 0.6216097 0.5662092 0.0271741 0.0172099
3 0.6216097 0.6281648 0.0271741 0.0172099
1 0.2757581 0.6901204 0.0271741 0.0172099
29 0.5524393 0.6281648 0.0271741 0.0172099
9 0.2757581 0.5042535 0.0271741 0.0172099
3 0.4832690 0.3803422 0.0271740 0.0172099
24 0.3449284 0.3803422 0.0271741 0.0172099
8 0.2065877 0.6901204 0.0271741 0.0172099
6 0.2065877 0.5662092 0.0271741 0.0172099
9 0.4128635 0.4422978 0.0271740 0.0172099
10 0.2065877 0.3803422 0.0271741 0.0172099
2 0.6216097 0.6901204 0.0271741 0.0172099
1 0.3449284 0.4422978 0.0271741 0.0172099
27 0.5524393 0.6901204 0.0271741 0.0172099
25 0.3449284 0.6281648 0.0271741 0.0172099
31 0.4128635 0.6281648 0.0271740 0.0172099
19 0.6216097 0.5042535 0.0271741 0.0172099
29 0.2065877 0.6281648 0.0271741 0.0172099
27 0.4832690 0.5042535 0.0271740 0.0172099
1 0.2065877 0.5042535 0.0271741 0.0172099
1 0.5524393 0.4422978 0.0271741 0.0172099
17 0.4128635 0.5042535 0.0271740 0.0172099
26 0.2065877 0.4422978 0.0271741 0.0172099
20 0.3449284 0.6901204 0.0271741 0.0172099
22 0.4128635 0.5662092 0.0271740 0.0172099
20 0.4832690 0.6901204 0.0271740 0.0172099
17 0.6216097 0.4422978 0.0271741 0.0172099
1 0.2757581 0.4422978 0.0271741 0.0172099
25 0.4832690 0.5662092 0.0271740 0.0172099
16 0.2757581 0.6281648 0.0271741 0.0172099
9 0.5524393 0.5042535 0.0271741 0.0172099
22 0.6216097 0.3803422 0.0271741 0.0172099
16 0.4128635 0.6901204 0.0271740 0.0172099
25 0.3449284 0.5042535 0.0271741 0.0172099
12 0.4832690 0.6281648 0.0271740 0.0172099
