10 0.1614877 0.4509996 0.0286144 0.0167235
8 0.1614877 0.6316136 0.0286144 0.0167236
32 0.3091120 0.5162213 0.5267652 0.4281223
33 0.3078113 0.3311476 0.4773403 0.0156086
21 0.3058603 0.3907948 0.0286144 0.0167235
15 0.3799977 0.3907948 0.0286144 0.0167235
20 0.3058603 0.5112043 0.0286144 0.0167236
2 0.2343243 0.6316136 0.0286144 0.0167236
10 0.3058603 0.6316136 0.0286144 0.0167236
9 0.0886510 0.6918184 0.0286144 0.0167235
34 0.4521840 0.6912609 0.0663334 0.0602047
29 0.4528343 0.6918184 0.0286144 0.0167235
24 0.5256710 0.6918184 0.0286144 0.0167235
16 0.5256710 0.4509996 0.0286144 0.0167235
16 0.4528343 0.5112043 0.0286144 0.0167236
18 0.4528343 0.5714090 0.0286144 0.0167235
16 0.3799977 0.5714090 0.0286144 0.0167235
16 0.3799977 0.6918184 0.0286144 0.0167235
27 0.4528343 0.3907948 0.0286144 0.0167235
25 0.2343243 0.4509996 0.0286144 0.0167235
28 0.0886510 0.6316136 0.0286144 0.0167236
10 0.1614877 0.5714090 0.0286144 0.0167235
7 0.2343243 0.5714090 0.0286144 0.0167235
25 0.5256710 0.6316136 0.0286144 0.0167236
31 0.4528343 0.4509996 0.0286144 0.0167235
13 0.5256710 0.5714090 0.0286144 0.0167235
15 0.1614877 0.3907948 0.0286144 0.0167235
26 0.0886510 0.5714090 0.0286144 0.0167235
26 0.0886510 0.5112043 0.0286144 0.0167236
31 0.5256710 0.3907948 0.0286144 0.0167235
26 0.2343243 0.3907948 0.0286144 0.0167235
13 0.4528343 0.6316136 0.0286144 0.0167236
27 0.1614877 0.5112043 0.0286144 0.0167236
13 0.2343243 0.5112043 0.0286144 0.0167236
9 0.0886510 0.4509996 0.0286144 0.0167235
26 0.1614877 0.6918184 0.0286144 0.0167235
22 0.3058603 0.4509996 0.0286144 0.0167235
12 0.3058603 0.6918184 0.0286144 0.0167235
28 0.3799977 0.4509996 0.0286144 0.0167235
13 0.3799977 0.5112043 0.0286144 0.0167236
29 0.2343243 0.6918184 0.0286144 0.0167235
19 0.0886510 0.3907948 0.0286144 0.0167235
31 0.3799977 0.6316136 0.0286144 0.0167236
22 0.5256710 0.5112043 0.0286144 0.0167236
30 0.3058603 0.5714090 0.0286144 0.0167235
