25 0.2261809 0.6315275 0.0281875 0.0172014
2 0.4414309 0.6315275 0.0281875 0.0172014
32 0.3716028 0.5747629 0.5189061 0.4403554
33 0.3703215 0.3844009 0.4702187 0.0160546
34 0.2255403 0.5071041 0.0653437 0.0619250
20 0.2261809 0.5076775 0.0281875 0.0172014
7 0.2979309 0.5076775 0.0281875 0.0172014
10 0.3683996 0.5076775 0.0281875 0.0172014
18 0.5849308 0.5076775 0.0281875 0.0172014
3 0.5849308 0.5696025 0.0281875 0.0172014
6 0.1544309 0.6315275 0.0281875 0.0172014
9 0.2979309 0.6934524 0.0281875 0.0172014
12 0.5131808 0.6934524 0.0281875 0.0172014
27 0.4414309 0.5696025 0.0281875 0.0172014
5 0.2979309 0.4457525 0.0281875 0.0172014
16 0.5131808 0.6315275 0.0281875 0.0172014
16 0.4414309 0.4457525 0.0281875 0.0172014
5 0.5131808 0.7553774 0.0281875 0.0172013
6 0.3683996 0.7553774 0.0281875 0.0172013
22 0.5131808 0.4457525 0.0281875 0.0172014
18 0.3683996 0.5696025 0.0281875 0.0172014
5 0.5131808 0.5696025 0.0281875 0.0172014
20 0.5849308 0.6934524 0.0281875 0.0172014
4 0.5849308 0.4457525 0.0281875 0.0172014
27 0.4414309 0.7553774 0.0281875 0.0172013
30 0.2979309 0.7553774 0.0281875 0.0172013
24 0.5849308 0.7553774 0.0281875 0.0172013
9 0.2979309 0.6315275 0.0281875 0.0172014
12 0.5131808 0.5076775 0.0281875 0.0172014
31 0.2261809 0.4457525 0.0281875 0.0172014
24 0.1544309 0.5076775 0.0281875 0.0172014
18 0.4414309 0.5076775 0.0281875 0.0172014
20 0.2261809 0.6934524 0.0281875 0.0172014
14 0.1544309 0.6934524 0.0281875 0.0172014
9 0.1544309 0.5696025 0.0281875 0.0172014
28 0.2261809 0.7553774 0.0281875 0.0172013
22 0.2261809 0.5696025 0.0281875 0.0172014
28 0.3683996 0.6315275 0.0281875 0.0172014
24 0.4414309 0.6934524 0.0281875 0.0172014
8 0.1544309 0.4457525 0.0281875 0.0172014
30 0.5849308 0.6315275 0.0281875 0.0172014
16 0.3683996 0.4457525 0.0281875 0.0172014
13 0.3683996 0.6934524 0.0281875 0.0172014
26 0.2979309 0.5696025 0.0281875 0.0172014
28 0.1544309 0.7553774 0.0281875 0.0172013
