11 0.4868249 0.4991837 0.0267471 0.0163024
8 0.4175258 0.3231175 0.0267470 0.0163024
32 0.4205652 0.3866970 0.4923885 0.4173419
33 0.4193494 0.2062835 0.4461891 0.0152156
8 0.2825749 0.3231175 0.0267470 0.0163024
34 0.6229916 0.3225741 0.0632203 0.0586887
7 0.6229916 0.3231175 0.0267471 0.0163024
29 0.4868249 0.3818062 0.0267471 0.0163024
5 0.5549083 0.3818062 0.0267470 0.0163024
25 0.5549083 0.4404950 0.0267470 0.0163024
13 0.6229916 0.4404950 0.0267471 0.0163024
18 0.2144915 0.4991837 0.0267470 0.0163024
22 0.2825749 0.4991837 0.0267470 0.0163024
29 0.2144915 0.5578723 0.0267470 0.0163024
21 0.3506582 0.3818062 0.0267471 0.0163024
11 0.2825749 0.3818062 0.0267470 0.0163024
20 0.2825749 0.5578723 0.0267470 0.0163024
1 0.3506582 0.2644288 0.0267471 0.0163024
1 0.2144915 0.4404950 0.0267470 0.0163024
16 0.3506582 0.4404950 0.0267471 0.0163024
21 0.2144915 0.3231175 0.0267470 0.0163024
20 0.2825749 0.2644288 0.0267470 0.0163024
7 0.5549083 0.3231175 0.0267470 0.0163024
30 0.6229916 0.4991837 0.0267471 0.0163024
22 0.4175258 0.2644288 0.0267470 0.0163024
14 0.3506582 0.5578723 0.0267471 0.0163024
21 0.4868249 0.2644288 0.0267471 0.0163024
26 0.3506582 0.4991837 0.0267471 0.0163024
21 0.5549083 0.2644288 0.0267470 0.0163024
18 0.4175258 0.4404950 0.0267470 0.0163024
24 0.4868249 0.3231175 0.0267471 0.0163024
19 0.4868249 0.5578723 0.0267471 0.0163024
12 0.5549083 0.4991837 0.0267470 0.0163024
4 0.6229916 0.3818062 0.0267471 0.0163024
13 0.2144915 0.3818062 0.0267470 0.0163024
4 0.2144915 0.2644288 0.0267470 0.0163024
21 0.4175258 0.3818062 0.0267470 0.0163024
25 0.3506582 0.3231175 0.0267471 0.0163024
25 0.4175258 0.4991837 0.0267470 0.0163024
10 0.2825749 0.4404950 0.0267470 0.0163024
9 0.4175258 0.5578723 0.0267470 0.0163024
7 0.6229916 0.5578723 0.0267471 0.0163024
13 0.5549083 0.5578723 0.0267470 0.0163024
25 0.4868249 0.4404950 0.0267471 0.0163024
4 0.6229916 0.2644288 0.0267471 0.0163024
