10 0.3376449 0.7884848 0.0278328 0.0161776
4 0.6210332 0.7884848 0.0278328 0.0161776
32 0.5520839 0.6186200 0.5123762 0.4141467
33 0.5508187 0.4395878 0.4643013 0.0150991
15 0.4084920 0.4972879 0.0278328 0.0161776
17 0.7627274 0.4972879 0.0278328 0.0161776
1 0.6918803 0.5555273 0.0278328 0.0161776
30 0.7627274 0.5555273 0.0278328 0.0161776
16 0.6918803 0.6137667 0.0278328 0.0161776
19 0.7627274 0.6137667 0.0278328 0.0161776
7 0.5489210 0.6720061 0.0278328 0.0161776
34 0.4078594 0.7297062 0.0645214 0.0582394
5 0.4084920 0.7302455 0.0278328 0.0161776
26 0.5489210 0.7302455 0.0278328 0.0161776
4 0.6918803 0.7884848 0.0278328 0.0161776
3 0.3376449 0.6137667 0.0278328 0.0161776
13 0.4793391 0.6137667 0.0278328 0.0161776
21 0.3376449 0.4972879 0.0278328 0.0161776
20 0.6918803 0.4972879 0.0278328 0.0161776
15 0.4793391 0.7302455 0.0278328 0.0161776
21 0.4793391 0.4972879 0.0278328 0.0161776
16 0.6210332 0.6137667 0.0278328 0.0161776
4 0.3376449 0.6720061 0.0278328 0.0161776
13 0.3376449 0.5555273 0.0278328 0.0161776
12 0.6918803 0.7302455 0.0278328 0.0161776
18 0.6210332 0.7302455 0.0278328 0.0161776
24 0.4084920 0.7884848 0.0278328 0.0161776
25 0.6210332 0.6720061 0.0278328 0.0161776
6 0.4084920 0.6720061 0.0278328 0.0161776
13 0.5489210 0.7884848 0.0278328 0.0161776
29 0.6210332 0.4972879 0.0278328 0.0161776
22 0.4084920 0.5555273 0.0278328 0.0161776
24 0.5489210 0.4972879 0.0278328 0.0161776
1 0.5489210 0.6137667 0.0278328 0.0161776
30 0.7627274 0.6720061 0.0278328 0.0161776
16 0.4793391 0.5555273 0.0278328 0.0161776
6 0.6918803 0.6720061 0.0278328 0.0161776
30 0.4793391 0.6720061 0.0278328 0.0161776
10 0.5489210 0.5555273 0.0278328 0.0161776
31 0.3376449 0.7302455 0.0278328 0.0161776
15 0.4084920 0.6137667 0.0278328 0.0161776
18 0.4793391 0.7884848 0.0278328 0.0161776
3 0.6210332 0.5555273 0.0278328 0.0161776
16 0.7627274 0.7302455 0.0278328 0.0161776
13 0.7627274 0.7884848 0.0278328 0.0161776
