12 0.4814851 0.4370355 0.0266017 0.0160510
13 0.3460582 0.2636856 0.0266017 0.0160509
32 0.5510122 0.3840675 0.4897132 0.4109034
33 0.5498031 0.2064374 0.4437648 0.0149808
29 0.6169119 0.2636856 0.0266017 0.0160509
34 0.3460582 0.3209339 0.0628768 0.0577833
13 0.3460582 0.3214689 0.0266017 0.0160509
7 0.4137716 0.3792522 0.0266017 0.0160509
31 0.6846253 0.3792522 0.0266017 0.0160509
2 0.3460582 0.4370355 0.0266017 0.0160510
23 0.6846253 0.4370355 0.0266017 0.0160510
1 0.4137716 0.4948188 0.0266017 0.0160509
21 0.6169119 0.4948188 0.0266017 0.0160509
29 0.4814851 0.5526021 0.0266017 0.0160509
8 0.5479893 0.4948188 0.0266017 0.0160509
24 0.6846253 0.5526021 0.0266017 0.0160509
22 0.7523388 0.3214689 0.0266017 0.0160509
4 0.4814851 0.3214689 0.0266017 0.0160509
31 0.5479893 0.5526021 0.0266017 0.0160509
2 0.6169119 0.5526021 0.0266017 0.0160509
30 0.4137716 0.3214689 0.0266017 0.0160509
13 0.5479893 0.2636856 0.0266017 0.0160509
3 0.4137716 0.5526021 0.0266017 0.0160509
28 0.4137716 0.4370355 0.0266017 0.0160510
7 0.5479893 0.3792522 0.0266017 0.0160509
16 0.6169119 0.4370355 0.0266017 0.0160510
30 0.7523388 0.4948188 0.0266017 0.0160509
31 0.6169119 0.3214689 0.0266017 0.0160509
16 0.7523388 0.5526021 0.0266017 0.0160509
4 0.5479893 0.4370355 0.0266017 0.0160510
25 0.4137716 0.2636856 0.0266017 0.0160509
5 0.6846253 0.2636856 0.0266017 0.0160509
11 0.6169119 0.3792522 0.0266017 0.0160509
19 0.5479893 0.3214689 0.0266017 0.0160509
12 0.7523388 0.2636856 0.0266017 0.0160509
4 0.3460582 0.3792522 0.0266017 0.0160509
12 0.3460582 0.5526021 0.0266017 0.0160509
10 0.7523388 0.4370355 0.0266017 0.0160510
11 0.4814851 0.3792522 0.0266017 0.0160509
1 0.4814851 0.4948188 0.0266017 0.0160509
19 0.3460582 0.4948188 0.0266017 0.0160509
22 0.7523388 0.3792522 0.0266017 0.0160509
7 0.6846253 0.4948188 0.0266017 0.0160509
14 0.4814851 0.2636856 0.0266017 0.0160509
29 0.6846253 0.3214689 0.0266017 0.0160509
