27 0.4829672 0.3670779 0.0283229 0.0169459
24 0.3387782 0.3670779 0.0283228 0.0169459
32 0.5569928 0.4331670 0.5213979 0.4338160
33 0.5557055 0.2456320 0.4724767 0.0158162
29 0.5537743 0.3060725 0.0283229 0.0169459
17 0.6992508 0.3670779 0.0283228 0.0169459
4 0.4829672 0.4890887 0.0283229 0.0169459
12 0.6992508 0.4890887 0.0283228 0.0169459
21 0.7713454 0.4890887 0.0283228 0.0169459
34 0.3387782 0.5495292 0.0669449 0.0610054
19 0.3387782 0.5500940 0.0283228 0.0169460
15 0.4108727 0.5500940 0.0283228 0.0169460
9 0.6992508 0.5500940 0.0283228 0.0169460
31 0.3387782 0.4280833 0.0283228 0.0169459
16 0.5537743 0.6110994 0.0283229 0.0169459
3 0.3387782 0.4890887 0.0283228 0.0169459
26 0.6271563 0.5500940 0.0283229 0.0169460
6 0.5537743 0.4890887 0.0283229 0.0169459
31 0.6992508 0.4280833 0.0283228 0.0169459
1 0.4829672 0.5500940 0.0283229 0.0169460
25 0.7713454 0.6110994 0.0283228 0.0169459
6 0.6992508 0.6110994 0.0283228 0.0169459
9 0.4829672 0.6110994 0.0283229 0.0169459
15 0.3387782 0.3060725 0.0283228 0.0169459
26 0.7713454 0.5500940 0.0283228 0.0169460
22 0.5537743 0.3670779 0.0283229 0.0169459
27 0.6271563 0.4280833 0.0283229 0.0169459
5 0.5537743 0.4280833 0.0283229 0.0169459
1 0.6271563 0.3670779 0.0283229 0.0169459
22 0.4829672 0.3060725 0.0283229 0.0169459
2 0.7713454 0.3060725 0.0283228 0.0169459
12 0.4108727 0.4280833 0.0283228 0.0169459
25 0.4108727 0.6110994 0.0283228 0.0169459
7 0.5537743 0.5500940 0.0283229 0.0169460
25 0.6271563 0.3060725 0.0283229 0.0169459
19 0.6271563 0.4890887 0.0283229 0.0169459
17 0.4108727 0.4890887 0.0283228 0.0169459
31 0.6992508 0.3060725 0.0283228 0.0169459
20 0.7713454 0.3670779 0.0283228 0.0169459
6 0.3387782 0.6110994 0.0283228 0.0169459
14 0.6271563 0.6110994 0.0283229 0.0169459
12 0.4829672 0.4280833 0.0283229 0.0169459
19 0.7713454 0.4280833 0.0283228 0.0169459
24 0.4108727 0.3060725 0.0283228 0.0169459
26 0.4108727 0.3670779 0.0283228 0.0169459
