25 0.1528959 0.6005431 0.0280622 0.0169789
10 0.5814822 0.4782953 0.0280622 0.0169789
32 0.3691023 0.6056367 0.5165995 0.4346589
33 0.3678268 0.4177374 0.4681285 0.0158469
20 0.5100511 0.5394192 0.0280622 0.0169788
31 0.5814822 0.5394192 0.0280622 0.0169788
24 0.2957580 0.6616669 0.0280622 0.0169788
34 0.5094133 0.6611010 0.0650533 0.0611239
7 0.5100511 0.6616669 0.0280622 0.0169788
10 0.2957580 0.7227909 0.0280622 0.0169789
13 0.5100511 0.7227909 0.0280622 0.0169789
30 0.3659135 0.7839148 0.0280622 0.0169789
15 0.5100511 0.7839148 0.0280622 0.0169789
20 0.5814822 0.6005431 0.0280622 0.0169789
16 0.3659135 0.6616669 0.0280622 0.0169788
3 0.5100511 0.4782953 0.0280622 0.0169789
26 0.4386201 0.4782953 0.0280622 0.0169789
15 0.4386201 0.5394192 0.0280622 0.0169788
20 0.2957580 0.6005431 0.0280622 0.0169789
31 0.2243269 0.5394192 0.0280622 0.0169788
17 0.2243269 0.7227909 0.0280622 0.0169789
21 0.2243269 0.6005431 0.0280622 0.0169789
10 0.1528959 0.7227909 0.0280622 0.0169789
11 0.2243269 0.7839148 0.0280622 0.0169789
15 0.4386201 0.6616669 0.0280622 0.0169788
4 0.5814822 0.7839148 0.0280622 0.0169789
30 0.4386201 0.6005431 0.0280622 0.0169789
9 0.3659135 0.5394192 0.0280622 0.0169788
15 0.1528959 0.4782953 0.0280622 0.0169789
5 0.3659135 0.7227909 0.0280622 0.0169789
9 0.2957580 0.5394192 0.0280622 0.0169788
24 0.4386201 0.7227909 0.0280622 0.0169789
12 0.3659135 0.4782953 0.0280622 0.0169789
16 0.5100511 0.6005431 0.0280622 0.0169789
18 0.1528959 0.7839148 0.0280622 0.0169789
24 0.5814822 0.7227909 0.0280622 0.0169789
19 0.4386201 0.7839148 0.0280622 0.0169789
6 0.5814822 0.6616669 0.0280622 0.0169788
25 0.3659135 0.6005431 0.0280622 0.0169789
12 0.1528959 0.5394192 0.0280622 0.0169788
27 0.2243269 0.6616669 0.0280622 0.0169788
5 0.2243269 0.4782953 0.0280622 0.0169789
22 0.1528959 0.6616669 0.0280622 0.0169788
11 0.2957580 0.4782953 0.0280622 0.0169789
1 0.2957580 0.7839148 0.0280622 0.0169789
