13 0.3458393 0.4949180 0.0265850 0.0159564
11 0.6165228 0.4949180 0.0265850 0.0159564
32 0.4153228 0.3848193 0.4894053 0.4084820
33 0.4141144 0.2082360 0.4434857 0.0148926
11 0.6165228 0.3225897 0.0265850 0.0159563
1 0.2104977 0.3800324 0.0265850 0.0159564
34 0.2775643 0.3795006 0.0616288 0.0574428
5 0.2781685 0.3800324 0.0265850 0.0159564
7 0.4811810 0.3800324 0.0265850 0.0159564
20 0.6165228 0.3800324 0.0265850 0.0159564
14 0.3458393 0.4374752 0.0265850 0.0159563
26 0.4811810 0.4949180 0.0265850 0.0159564
13 0.2781685 0.5523608 0.0265850 0.0159564
8 0.2781685 0.2651469 0.0265850 0.0159563
16 0.4123018 0.5523608 0.0265850 0.0159564
8 0.3458393 0.3800324 0.0265850 0.0159564
5 0.3458393 0.3225897 0.0265850 0.0159563
20 0.4123018 0.2651469 0.0265850 0.0159563
14 0.6165228 0.2651469 0.0265850 0.0159563
13 0.2104977 0.5523608 0.0265850 0.0159564
19 0.4811810 0.4374752 0.0265850 0.0159563
5 0.6165228 0.4374752 0.0265850 0.0159563
28 0.5488519 0.4949180 0.0265850 0.0159564
16 0.4123018 0.3800324 0.0265850 0.0159564
21 0.5488519 0.3225897 0.0265850 0.0159563
19 0.3458393 0.2651469 0.0265850 0.0159563
29 0.6165228 0.5523608 0.0265850 0.0159564
21 0.2104977 0.4374752 0.0265850 0.0159563
15 0.4123018 0.3225897 0.0265850 0.0159563
19 0.4811810 0.2651469 0.0265850 0.0159563
3 0.2781685 0.3225897 0.0265850 0.0159563
25 0.3458393 0.5523608 0.0265850 0.0159564
16 0.4811810 0.3225897 0.0265850 0.0159563
28 0.2781685 0.4949180 0.0265850 0.0159564
7 0.5488519 0.3800324 0.0265850 0.0159564
24 0.4123018 0.4374752 0.0265850 0.0159563
17 0.5488519 0.2651469 0.0265850 0.0159563
24 0.2104977 0.4949180 0.0265850 0.0159564
3 0.2104977 0.3225897 0.0265850 0.0159563
29 0.4123018 0.4949180 0.0265850 0.0159564
13 0.4811810 0.5523608 0.0265850 0.0159564
22 0.2781685 0.4374752 0.0265850 0.0159563
9 0.5488519 0.5523608 0.0265850 0.0159564
3 0.5488519 0.4374752 0.0265850 0.0159563
22 0.2104977 0.2651469 0.0265850 0.0159563
