16 0.5591565 0.5454942 0.0280357 0.0170651
25 0.2737024 0.6683632 0.0280357 0.0170650
32 0.3469775 0.6120483 0.5161112 0.4368675
33 0.3457031 0.4231941 0.4676860 0.0159275
4 0.2023389 0.4840598 0.0280357 0.0170651
34 0.3437916 0.4834909 0.0662662 0.0614345
23 0.3437916 0.4840598 0.0280357 0.0170651
15 0.2737024 0.5454942 0.0280357 0.0170651
25 0.4164294 0.6069287 0.0280357 0.0170652
26 0.1309754 0.6683632 0.0280357 0.0170650
9 0.3437916 0.6683632 0.0280357 0.0170650
13 0.5591565 0.6683632 0.0280357 0.0170650
3 0.2737024 0.7912322 0.0280357 0.0170652
22 0.2737024 0.6069287 0.0280357 0.0170652
5 0.1309754 0.4840598 0.0280357 0.0170651
10 0.2023389 0.5454942 0.0280357 0.0170651
16 0.5591565 0.7912322 0.0280357 0.0170652
21 0.2023389 0.6683632 0.0280357 0.0170650
31 0.2737024 0.7297978 0.0280357 0.0170652
5 0.1309754 0.7297978 0.0280357 0.0170652
17 0.4877930 0.5454942 0.0280357 0.0170651
6 0.1309754 0.7912322 0.0280357 0.0170652
21 0.2023389 0.7297978 0.0280357 0.0170652
30 0.5591565 0.6069287 0.0280357 0.0170652
16 0.5591565 0.7297978 0.0280357 0.0170652
30 0.4877930 0.7912322 0.0280357 0.0170652
1 0.4164294 0.7912322 0.0280357 0.0170652
8 0.4877930 0.6069287 0.0280357 0.0170652
27 0.4164294 0.5454942 0.0280357 0.0170651
27 0.2023389 0.7912322 0.0280357 0.0170652
22 0.4877930 0.7297978 0.0280357 0.0170652
11 0.3437916 0.6069287 0.0280357 0.0170652
26 0.4877930 0.6683632 0.0280357 0.0170650
26 0.3437916 0.7297978 0.0280357 0.0170652
13 0.3437916 0.7912322 0.0280357 0.0170652
7 0.2737024 0.4840598 0.0280357 0.0170651
24 0.1309754 0.5454942 0.0280357 0.0170651
16 0.5591565 0.4840598 0.0280357 0.0170651
6 0.3437916 0.5454942 0.0280357 0.0170651
29 0.4164294 0.6683632 0.0280357 0.0170650
19 0.4877930 0.4840598 0.0280357 0.0170651
25 0.4164294 0.4840598 0.0280357 0.0170651
22 0.1309754 0.6069287 0.0280357 0.0170652
13 0.4164294 0.7297978 0.0280357 0.0170652
14 0.2023389 0.6069287 0.0280357 0.0170652
