24 0.5447121 0.4293811 0.0285519 0.0168334
13 0.3980594 0.6717812 0.0285519 0.0168334
32 0.4013039 0.4950311 0.5256137 0.4309336
33 0.4000061 0.3087421 0.4762968 0.0157111
34 0.3980594 0.4288200 0.0674862 0.0606000
3 0.3980594 0.4293811 0.0285519 0.0168334
1 0.4720347 0.4293811 0.0285518 0.0168334
5 0.3980594 0.4899811 0.0285519 0.0168334
18 0.2540023 0.5505812 0.0285518 0.0168333
3 0.3266798 0.5505812 0.0285519 0.0168333
24 0.3980594 0.5505812 0.0285519 0.0168333
19 0.1813249 0.6111812 0.0285518 0.0168333
29 0.6173896 0.5505812 0.0285519 0.0168333
5 0.6173896 0.4899811 0.0285519 0.0168334
17 0.3266798 0.4293811 0.0285519 0.0168334
30 0.2540023 0.6111812 0.0285518 0.0168333
30 0.2540023 0.3687811 0.0285518 0.0168334
12 0.1813249 0.5505812 0.0285518 0.0168333
12 0.5447121 0.6717812 0.0285519 0.0168334
13 0.4720347 0.5505812 0.0285518 0.0168333
18 0.1813249 0.4293811 0.0285518 0.0168334
29 0.1813249 0.3687811 0.0285518 0.0168334
11 0.5447121 0.4899811 0.0285519 0.0168334
11 0.6173896 0.6717812 0.0285519 0.0168334
8 0.1813249 0.4899811 0.0285518 0.0168334
18 0.3980594 0.6111812 0.0285519 0.0168333
21 0.3266798 0.4899811 0.0285519 0.0168334
16 0.4720347 0.6717812 0.0285518 0.0168334
30 0.3980594 0.3687811 0.0285519 0.0168334
17 0.3266798 0.6111812 0.0285519 0.0168333
22 0.4720347 0.4899811 0.0285518 0.0168334
13 0.2540023 0.4899811 0.0285518 0.0168334
28 0.5447121 0.3687811 0.0285519 0.0168334
12 0.6173896 0.4293811 0.0285519 0.0168334
21 0.6173896 0.3687811 0.0285519 0.0168334
21 0.4720347 0.3687811 0.0285518 0.0168334
21 0.5447121 0.6111812 0.0285519 0.0168333
4 0.6173896 0.6111812 0.0285519 0.0168333
31 0.1813249 0.6717812 0.0285518 0.0168334
14 0.2540023 0.4293811 0.0285518 0.0168334
8 0.4720347 0.6111812 0.0285518 0.0168333
12 0.3266798 0.3687811 0.0285519 0.0168334
12 0.2540023 0.6717812 0.0285518 0.0168334
2 0.5447121 0.5505812 0.0285519 0.0168333
18 0.3266798 0.6717812 0.0285519 0.0168334
