29 0.3648070 0.6289012 0.0280382 0.0167784
18 0.5075470 0.6893036 0.0280382 0.0167784
32 0.5808287 0.5131301 0.5161580 0.4295279
33 0.5795542 0.3274487 0.4677284 0.0156599
21 0.5075470 0.3872918 0.0280382 0.0167784
22 0.5776425 0.3872918 0.0280382 0.0167784
34 0.7930270 0.3867325 0.0662721 0.0604024
27 0.7930270 0.3872918 0.0280382 0.0167784
27 0.3648070 0.5080965 0.0280382 0.0167784
2 0.5075470 0.5684989 0.0280382 0.0167784
12 0.7216570 0.5684989 0.0280382 0.0167784
4 0.7216570 0.6893036 0.0280382 0.0167784
1 0.3648070 0.6893036 0.0280382 0.0167784
6 0.6502870 0.6893036 0.0280382 0.0167784
7 0.5075470 0.5080965 0.0280382 0.0167784
20 0.7930270 0.5080965 0.0280382 0.0167784
4 0.7930270 0.6893036 0.0280382 0.0167784
17 0.5776425 0.5080965 0.0280382 0.0167784
13 0.6502870 0.4476942 0.0280382 0.0167784
16 0.7930270 0.6289012 0.0280382 0.0167784
2 0.7216570 0.5080965 0.0280382 0.0167784
10 0.6502870 0.3872918 0.0280382 0.0167784
20 0.7216570 0.6289012 0.0280382 0.0167784
13 0.6502870 0.6289012 0.0280382 0.0167784
24 0.4361770 0.6289012 0.0280382 0.0167784
7 0.7930270 0.5684989 0.0280382 0.0167784
10 0.4361770 0.5080965 0.0280382 0.0167784
15 0.5075470 0.4476942 0.0280382 0.0167784
27 0.3648070 0.4476942 0.0280382 0.0167784
8 0.5075470 0.6289012 0.0280382 0.0167784
30 0.7930270 0.4476942 0.0280382 0.0167784
6 0.4361770 0.5684989 0.0280382 0.0167784
15 0.5776425 0.4476942 0.0280382 0.0167784
7 0.5776425 0.5684989 0.0280382 0.0167784
11 0.6502870 0.5684989 0.0280382 0.0167784
27 0.7216570 0.4476942 0.0280382 0.0167784
17 0.4361770 0.6893036 0.0280382 0.0167784
17 0.4361770 0.3872918 0.0280382 0.0167784
27 0.4361770 0.4476942 0.0280382 0.0167784
11 0.5776425 0.6893036 0.0280382 0.0167784
4 0.6502870 0.5080965 0.0280382 0.0167784
8 0.3648070 0.3872918 0.0280382 0.0167784
27 0.3648070 0.5684989 0.0280382 0.0167784
28 0.5776425 0.6289012 0.0280382 0.0167784
16 0.7216570 0.3872918 0.0280382 0.0167784
