15 0.6737456 0.7442397 0.0285073 0.0166390
29 0.3834891 0.8041401 0.0285073 0.0166389
32 0.4579969 0.6294307 0.5247940 0.4259580
33 0.4567011 0.4452926 0.4755540 0.0155297
7 0.3834891 0.5046383 0.0285073 0.0166390
34 0.5279694 0.6238844 0.0686768 0.0599003
17 0.5286173 0.6244390 0.0285073 0.0166390
2 0.2383609 0.6843393 0.0285073 0.0166389
23 0.3834891 0.7442397 0.0285073 0.0166390
19 0.2383609 0.8041401 0.0285073 0.0166389
21 0.3109250 0.8041401 0.0285073 0.0166389
31 0.4547575 0.8041401 0.0285073 0.0166389
29 0.3109250 0.5046383 0.0285073 0.0166390
13 0.6011814 0.6843393 0.0285073 0.0166389
26 0.3109250 0.6244390 0.0285073 0.0166390
15 0.3834891 0.6843393 0.0285073 0.0166389
9 0.5286173 0.5046383 0.0285073 0.0166390
17 0.6011814 0.8041401 0.0285073 0.0166389
2 0.5286173 0.5645387 0.0285073 0.0166390
7 0.6737456 0.8041401 0.0285073 0.0166389
30 0.4547575 0.7442397 0.0285073 0.0166390
11 0.6011814 0.7442397 0.0285073 0.0166390
4 0.3109250 0.5645387 0.0285073 0.0166390
29 0.2383609 0.5645387 0.0285073 0.0166390
26 0.6011814 0.5645387 0.0285073 0.0166390
24 0.6737456 0.6244390 0.0285073 0.0166390
6 0.6011814 0.6244390 0.0285073 0.0166390
12 0.2383609 0.6244390 0.0285073 0.0166390
19 0.4547575 0.6843393 0.0285073 0.0166389
2 0.5286173 0.7442397 0.0285073 0.0166390
29 0.3109250 0.6843393 0.0285073 0.0166389
15 0.3109250 0.7442397 0.0285073 0.0166390
21 0.2383609 0.7442397 0.0285073 0.0166390
29 0.3834891 0.5645387 0.0285073 0.0166390
7 0.4547575 0.5645387 0.0285073 0.0166390
25 0.5286173 0.8041401 0.0285073 0.0166389
8 0.6011814 0.5046383 0.0285073 0.0166390
16 0.3834891 0.6244390 0.0285073 0.0166390
20 0.4547575 0.5046383 0.0285073 0.0166390
24 0.4547575 0.6244390 0.0285073 0.0166390
18 0.6737456 0.5046383 0.0285073 0.0166390
18 0.5286173 0.6843393 0.0285073 0.0166389
10 0.6737456 0.6843393 0.0285073 0.0166389
21 0.6737456 0.5645387 0.0285073 0.0166390
8 0.2383609 0.5046383 0.0285073 0.0166390
