19 0.4276450 0.6042441 0.0277935 0.0163545
17 0.4983921 0.7808728 0.0277935 0.0163545
32 0.2880459 0.6091505 0.5116529 0.4186755
33 0.2867825 0.4281605 0.4636460 0.0152642
18 0.4276450 0.4864916 0.0277935 0.0163545
4 0.2848875 0.5453678 0.0277935 0.0163545
8 0.3568979 0.5453678 0.0277935 0.0163545
7 0.1446567 0.6631204 0.0277935 0.0163545
9 0.2154038 0.6631204 0.0277935 0.0163545
23 0.3568979 0.6631204 0.0277935 0.0163545
34 0.4983920 0.6625751 0.0656937 0.0588762
13 0.4983921 0.6631204 0.0277935 0.0163545
24 0.3568979 0.6042441 0.0277935 0.0163545
27 0.0739096 0.7808728 0.0277935 0.0163545
26 0.2848875 0.7219965 0.0277935 0.0163545
25 0.0739096 0.4864916 0.0277935 0.0163545
2 0.4276450 0.6631204 0.0277935 0.0163545
15 0.0739096 0.5453678 0.0277935 0.0163545
4 0.1446567 0.5453678 0.0277935 0.0163545
4 0.3568979 0.7219965 0.0277935 0.0163545
2 0.1446567 0.4864916 0.0277935 0.0163545
27 0.1446567 0.7219965 0.0277935 0.0163545
18 0.2848875 0.6631204 0.0277935 0.0163545
30 0.2848875 0.7808728 0.0277935 0.0163545
11 0.0739096 0.6042441 0.0277935 0.0163545
14 0.2154038 0.6042441 0.0277935 0.0163545
4 0.2848875 0.4864916 0.0277935 0.0163545
3 0.4276450 0.7808728 0.0277935 0.0163545
13 0.3568979 0.7808728 0.0277935 0.0163545
20 0.4983921 0.4864916 0.0277935 0.0163545
8 0.0739096 0.7219965 0.0277935 0.0163545
7 0.1446567 0.6042441 0.0277935 0.0163545
7 0.2154038 0.4864916 0.0277935 0.0163545
25 0.2154038 0.5453678 0.0277935 0.0163545
17 0.2154038 0.7219965 0.0277935 0.0163545
14 0.1446567 0.7808728 0.0277935 0.0163545
16 0.4276450 0.7219965 0.0277935 0.0163545
24 0.4983921 0.7219965 0.0277935 0.0163545
25 0.2848875 0.6042441 0.0277935 0.0163545
21 0.0739096 0.6631204 0.0277935 0.0163545
1 0.4276450 0.5453678 0.0277935 0.0163545
11 0.2154038 0.7808728 0.0277935 0.0163545
2 0.4983921 0.6042441 0.0277935 0.0163545
3 0.3568979 0.4864916 0.0277935 0.0163545
18 0.4983921 0.5453678 0.0277935 0.0163545
