25 0.5810635 0.3999188 0.0276889 0.0164763
5 0.4388433 0.4592334 0.0276888 0.0164763
32 0.4419898 0.4641764 0.5097270 0.4217932
33 0.4407312 0.2818386 0.4619007 0.0153779
12 0.5810635 0.3406041 0.0276889 0.0164763
16 0.6515442 0.3999188 0.0276888 0.0164763
34 0.2286596 0.4586843 0.0654464 0.0593147
25 0.2286596 0.4592334 0.0276889 0.0164763
21 0.4388433 0.5185481 0.0276888 0.0164763
20 0.3696212 0.5778628 0.0276888 0.0164763
26 0.4388433 0.6371775 0.0276888 0.0164763
18 0.6515442 0.6371775 0.0276888 0.0164763
24 0.4388433 0.3999188 0.0276888 0.0164763
11 0.5105827 0.3406041 0.0276889 0.0164763
7 0.5810635 0.6371775 0.0276889 0.0164763
7 0.2991404 0.5185481 0.0276889 0.0164763
13 0.5105827 0.5185481 0.0276889 0.0164763
16 0.5105827 0.3999188 0.0276889 0.0164763
1 0.5810635 0.5185481 0.0276889 0.0164763
2 0.6515442 0.5185481 0.0276888 0.0164763
5 0.3696212 0.6371775 0.0276888 0.0164763
6 0.3696212 0.3406041 0.0276888 0.0164763
20 0.3696212 0.4592334 0.0276888 0.0164763
13 0.3696212 0.3999188 0.0276888 0.0164763
13 0.5105827 0.6371775 0.0276889 0.0164763
4 0.2991404 0.4592334 0.0276889 0.0164763
28 0.2286596 0.5778628 0.0276889 0.0164763
25 0.2286596 0.3999188 0.0276889 0.0164763
7 0.3696212 0.5185481 0.0276888 0.0164763
4 0.2286596 0.5185481 0.0276889 0.0164763
9 0.2991404 0.6371775 0.0276889 0.0164763
6 0.2991404 0.3406041 0.0276889 0.0164763
25 0.5105827 0.4592334 0.0276889 0.0164763
5 0.4388433 0.5778628 0.0276888 0.0164763
8 0.5105827 0.5778628 0.0276889 0.0164763
24 0.2286596 0.6371775 0.0276889 0.0164763
9 0.4388433 0.3406041 0.0276888 0.0164763
19 0.6515442 0.4592334 0.0276888 0.0164763
1 0.2991404 0.5778628 0.0276889 0.0164763
22 0.5810635 0.4592334 0.0276889 0.0164763
25 0.2286596 0.3406041 0.0276889 0.0164763
17 0.2991404 0.3999188 0.0276889 0.0164763
29 0.6515442 0.3406041 0.0276888 0.0164763
12 0.5810635 0.5778628 0.0276889 0.0164763
19 0.6515442 0.5778628 0.0276888 0.0164763
