11 0.2965565 0.7002132 0.0263455 0.0167796
26 0.3636177 0.5793997 0.0263455 0.0167796
32 0.4995365 0.5844336 0.4849965 0.4295593
33 0.4983389 0.3987387 0.4394906 0.0156610
22 0.4965427 0.4585861 0.0263455 0.0167796
7 0.6989240 0.5793997 0.0263455 0.0167796
34 0.6312639 0.6392471 0.0610736 0.0604068
9 0.6318627 0.6398065 0.0263454 0.0167796
30 0.6989240 0.6398065 0.0263455 0.0167796
20 0.3636177 0.7002132 0.0263455 0.0167796
27 0.4306789 0.7002132 0.0263455 0.0167796
13 0.4965427 0.7606200 0.0263455 0.0167796
18 0.4306789 0.5189929 0.0263455 0.0167797
24 0.6318627 0.7002132 0.0263454 0.0167796
22 0.4306789 0.5793997 0.0263455 0.0167796
17 0.3636177 0.7606200 0.0263455 0.0167796
20 0.5648014 0.4585861 0.0263455 0.0167796
25 0.6318627 0.5793997 0.0263454 0.0167796
2 0.4965427 0.5793997 0.0263455 0.0167796
9 0.5648014 0.5793997 0.0263455 0.0167796
5 0.5648014 0.7002132 0.0263455 0.0167796
29 0.2965565 0.4585861 0.0263455 0.0167796
3 0.4306789 0.4585861 0.0263455 0.0167796
16 0.5648014 0.6398065 0.0263455 0.0167796
11 0.2965565 0.5189929 0.0263455 0.0167797
16 0.2965565 0.6398065 0.0263455 0.0167796
20 0.4306789 0.7606200 0.0263455 0.0167796
24 0.4965427 0.6398065 0.0263455 0.0167796
29 0.6318627 0.4585861 0.0263454 0.0167796
7 0.4965427 0.5189929 0.0263455 0.0167797
3 0.6318627 0.5189929 0.0263454 0.0167797
11 0.2965565 0.7606200 0.0263455 0.0167796
4 0.6318627 0.7606200 0.0263454 0.0167796
12 0.4306789 0.6398065 0.0263455 0.0167796
3 0.4965427 0.7002132 0.0263455 0.0167796
4 0.5648014 0.7606200 0.0263455 0.0167796
25 0.2965565 0.5793997 0.0263455 0.0167796
10 0.6989240 0.7002132 0.0263455 0.0167796
26 0.6989240 0.7606200 0.0263455 0.0167796
15 0.3636177 0.4585861 0.0263455 0.0167796
30 0.3636177 0.6398065 0.0263455 0.0167796
27 0.5648014 0.5189929 0.0263455 0.0167797
27 0.6989240 0.4585861 0.0263455 0.0167796
14 0.3636177 0.5189929 0.0263455 0.0167797
19 0.6989240 0.5189929 0.0263455 0.0167797
