10 0.3483319 0.5845735 0.0279270 0.0169169
4 0.7037668 0.6454744 0.0279270 0.0169169
32 0.4924100 0.5896486 0.5141110 0.4330726
33 0.4911406 0.4024349 0.4658735 0.0157891
4 0.6326798 0.4627718 0.0279270 0.0169169
19 0.5615928 0.6454744 0.0279270 0.0169169
34 0.6320451 0.6449104 0.0647399 0.0609007
23 0.6326798 0.6454744 0.0279270 0.0169169
16 0.5615928 0.7063751 0.0279270 0.0169169
22 0.4892365 0.7672760 0.0279270 0.0169169
7 0.5615928 0.7672760 0.0279270 0.0169169
17 0.6326798 0.7672760 0.0279270 0.0169169
9 0.5615928 0.5845735 0.0279270 0.0169169
24 0.2772450 0.4627718 0.0279270 0.0169169
29 0.6326798 0.5236727 0.0279270 0.0169169
14 0.4892365 0.7063751 0.0279270 0.0169169
30 0.5615928 0.5236727 0.0279270 0.0169169
9 0.3483319 0.7063751 0.0279270 0.0169169
17 0.2772450 0.5845735 0.0279270 0.0169169
4 0.3483319 0.5236727 0.0279270 0.0169169
1 0.2772450 0.7063751 0.0279270 0.0169169
16 0.4892365 0.4627718 0.0279270 0.0169169
10 0.7037668 0.5236727 0.0279270 0.0169169
20 0.7037668 0.7672760 0.0279270 0.0169169
31 0.7037668 0.4627718 0.0279270 0.0169169
7 0.6326798 0.7063751 0.0279270 0.0169169
27 0.3483319 0.4627718 0.0279270 0.0169169
7 0.2772450 0.5236727 0.0279270 0.0169169
20 0.4194189 0.4627718 0.0279270 0.0169169
21 0.3483319 0.6454744 0.0279270 0.0169169
17 0.2772450 0.7672760 0.0279270 0.0169169
29 0.3483319 0.7672760 0.0279270 0.0169169
22 0.4194189 0.7063751 0.0279270 0.0169169
27 0.2772450 0.6454744 0.0279270 0.0169169
7 0.4194189 0.6454744 0.0279270 0.0169169
22 0.4892365 0.5236727 0.0279270 0.0169169
9 0.7037668 0.7063751 0.0279270 0.0169169
21 0.4194189 0.5236727 0.0279270 0.0169169
19 0.5615928 0.4627718 0.0279270 0.0169169
15 0.4892365 0.5845735 0.0279270 0.0169169
26 0.7037668 0.5845735 0.0279270 0.0169169
16 0.4892365 0.6454744 0.0279270 0.0169169
11 0.4194189 0.5845735 0.0279270 0.0169169
12 0.6326798 0.5845735 0.0279270 0.0169169
27 0.4194189 0.7672760 0.0279270 0.0169169
