24 0.5403075 0.4736365 0.0288277 0.0174894
19 0.5403075 0.2847517 0.0288277 0.0174893
32 0.3955138 0.3529601 0.5306913 0.4477271
33 0.3942035 0.1594114 0.4808981 0.0163234
29 0.3922380 0.2847517 0.0288277 0.0174893
1 0.2467892 0.3477133 0.0288277 0.0174893
34 0.3201688 0.3471303 0.0681382 0.0629616
30 0.3201688 0.3477133 0.0288277 0.0174893
21 0.6136870 0.3477133 0.0288277 0.0174893
30 0.1734097 0.4106749 0.0288277 0.0174893
3 0.1734097 0.4736365 0.0288277 0.0174894
12 0.4669279 0.5365981 0.0288277 0.0174894
6 0.6136870 0.2847517 0.0288277 0.0174893
17 0.2467892 0.4106749 0.0288277 0.0174893
30 0.4669279 0.4106749 0.0288277 0.0174893
11 0.1734097 0.5365981 0.0288277 0.0174894
5 0.3201688 0.5365981 0.0288277 0.0174894
13 0.2467892 0.2217900 0.0288277 0.0174893
11 0.2467892 0.4736365 0.0288277 0.0174894
5 0.3922380 0.2217900 0.0288277 0.0174893
21 0.4669279 0.3477133 0.0288277 0.0174893
4 0.6136870 0.5365981 0.0288277 0.0174894
7 0.4669279 0.4736365 0.0288277 0.0174894
4 0.3922380 0.5365981 0.0288277 0.0174894
13 0.3201688 0.4106749 0.0288277 0.0174893
26 0.3922380 0.4106749 0.0288277 0.0174893
12 0.4669279 0.2217900 0.0288277 0.0174893
26 0.5403075 0.5365981 0.0288277 0.0174894
27 0.1734097 0.3477133 0.0288277 0.0174893
15 0.6136870 0.2217900 0.0288277 0.0174893
17 0.4669279 0.2847517 0.0288277 0.0174893
25 0.6136870 0.4736365 0.0288277 0.0174894
12 0.1734097 0.2217900 0.0288277 0.0174893
25 0.3922380 0.3477133 0.0288277 0.0174893
25 0.2467892 0.5365981 0.0288277 0.0174894
12 0.1734097 0.2847517 0.0288277 0.0174893
20 0.3201688 0.2217900 0.0288277 0.0174893
4 0.5403075 0.4106749 0.0288277 0.0174893
13 0.2467892 0.2847517 0.0288277 0.0174893
22 0.5403075 0.3477133 0.0288277 0.0174893
22 0.5403075 0.2217900 0.0288277 0.0174893
17 0.6136870 0.4106749 0.0288277 0.0174893
5 0.3922380 0.4736365 0.0288277 0.0174894
31 0.3201688 0.2847517 0.0288277 0.0174893
18 0.3201688 0.4736365 0.0288277 0.0174894
