2 0.2377002 0.5299158 0.0281812 0.0164800
9 0.5246366 0.6485719 0.0281812 0.0164800
32 0.3113557 0.4755318 0.5187912 0.4218884
33 0.3100748 0.2931529 0.4701145 0.0153813
2 0.5246366 0.4112597 0.0281812 0.0164800
26 0.3081533 0.4705878 0.0281812 0.0164800
30 0.3811684 0.4705878 0.0281812 0.0164800
15 0.4529025 0.4705878 0.0281812 0.0164800
7 0.3811684 0.5299158 0.0281812 0.0164800
25 0.4529025 0.5892438 0.0281812 0.0164800
34 0.0942320 0.6480226 0.0666102 0.0593281
5 0.0942320 0.6485719 0.0281812 0.0164800
18 0.3081533 0.6485719 0.0281812 0.0164800
14 0.5246366 0.3519317 0.0281812 0.0164800
16 0.4529025 0.5299158 0.0281812 0.0164800
25 0.4529025 0.6485719 0.0281812 0.0164800
26 0.5246366 0.4705878 0.0281812 0.0164800
8 0.2377002 0.4705878 0.0281812 0.0164800
7 0.1659661 0.5299158 0.0281813 0.0164800
15 0.0942320 0.4112597 0.0281812 0.0164800
27 0.3081533 0.4112597 0.0281812 0.0164800
2 0.5246366 0.5892438 0.0281812 0.0164800
24 0.3811684 0.5892438 0.0281812 0.0164800
28 0.1659661 0.4705878 0.0281813 0.0164800
13 0.3081533 0.5299158 0.0281812 0.0164800
31 0.2377002 0.5892438 0.0281812 0.0164800
26 0.4529025 0.4112597 0.0281812 0.0164800
17 0.1659661 0.6485719 0.0281813 0.0164800
19 0.3811684 0.4112597 0.0281812 0.0164800
20 0.0942320 0.5892438 0.0281812 0.0164800
25 0.0942320 0.4705878 0.0281812 0.0164800
12 0.4529025 0.3519317 0.0281812 0.0164800
20 0.2377002 0.3519317 0.0281812 0.0164800
2 0.1659661 0.4112597 0.0281813 0.0164800
9 0.3811684 0.3519317 0.0281812 0.0164800
21 0.5246366 0.5299158 0.0281812 0.0164800
12 0.2377002 0.6485719 0.0281812 0.0164800
1 0.0942320 0.3519317 0.0281812 0.0164800
14 0.3081533 0.3519317 0.0281812 0.0164800
24 0.1659661 0.3519317 0.0281813 0.0164800
18 0.1659661 0.5892438 0.0281813 0.0164800
4 0.3081533 0.5892438 0.0281812 0.0164800
2 0.2377002 0.4112597 0.0281812 0.0164800
25 0.0942320 0.5299158 0.0281812 0.0164800
29 0.3811684 0.6485719 0.0281812 0.0164800
