13 0.6396064 0.6862630 0.0264139 0.0174632
29 0.6396064 0.4976603 0.0264139 0.0174632
32 0.5741720 0.5657668 0.4862560 0.4470581
33 0.5729713 0.3725073 0.4406319 0.0162990
4 0.5051357 0.4347928 0.0264139 0.0174632
8 0.7068417 0.4976603 0.0264139 0.0174632
5 0.4379002 0.6233954 0.0264139 0.0174632
31 0.6396064 0.6233954 0.0264139 0.0174632
14 0.4379002 0.6862630 0.0264139 0.0174632
34 0.5711703 0.6856809 0.0624328 0.0628675
23 0.5711703 0.6862630 0.0264139 0.0174632
22 0.5711703 0.7491305 0.0264139 0.0174632
2 0.7068417 0.6862630 0.0264139 0.0174632
25 0.5711703 0.5605279 0.0264139 0.0174632
12 0.7068417 0.5605279 0.0264139 0.0174632
30 0.3706649 0.6862630 0.0264139 0.0174632
30 0.3706649 0.7491305 0.0264139 0.0174632
29 0.7068417 0.6233954 0.0264139 0.0174632
30 0.7740771 0.6233954 0.0264139 0.0174632
9 0.4379002 0.4976603 0.0264139 0.0174632
4 0.5711703 0.6233954 0.0264139 0.0174632
22 0.7740771 0.7491305 0.0264139 0.0174632
5 0.6396064 0.4347928 0.0264139 0.0174632
16 0.5051357 0.4976603 0.0264139 0.0174632
19 0.5051357 0.6233954 0.0264139 0.0174632
7 0.5051357 0.7491305 0.0264139 0.0174632
26 0.4379002 0.4347928 0.0264139 0.0174632
16 0.7740771 0.4976603 0.0264139 0.0174632
17 0.4379002 0.5605279 0.0264139 0.0174632
7 0.5711703 0.4976603 0.0264139 0.0174632
16 0.5711703 0.4347928 0.0264139 0.0174632
25 0.6396064 0.7491305 0.0264139 0.0174632
30 0.7068417 0.7491305 0.0264139 0.0174632
15 0.7740771 0.6862630 0.0264139 0.0174632
24 0.4379002 0.7491305 0.0264139 0.0174632
21 0.7740771 0.4347928 0.0264139 0.0174632
24 0.3706649 0.5605279 0.0264139 0.0174632
14 0.3706649 0.4976603 0.0264139 0.0174632
20 0.7068417 0.4347928 0.0264139 0.0174632
11 0.5051357 0.5605279 0.0264139 0.0174632
18 0.7740771 0.5605279 0.0264139 0.0174632
12 0.6396064 0.5605279 0.0264139 0.0174632
24 0.3706649 0.4347928 0.0264139 0.0174632
30 0.5051357 0.6862630 0.0264139 0.0174632
8 0.3706649 0.6233954 0.0264139 0.0174632
