4 0.6463190 0.4354472 0.0263546 0.0163185
21 0.5792344 0.7291804 0.0263547 0.0163185
32 0.5139468 0.5578360 0.4851649 0.4177539
33 0.5127488 0.3772445 0.4396433 0.0152306
7 0.3779808 0.4354472 0.0263546 0.0163185
11 0.7134035 0.4354472 0.0263547 0.0163185
14 0.5109519 0.4941939 0.0263547 0.0163185
23 0.3108962 0.6704338 0.0263547 0.0163186
8 0.3779808 0.7291804 0.0263546 0.0163185
34 0.4450653 0.7286365 0.0622928 0.0587466
26 0.4450653 0.7291804 0.0263547 0.0163185
29 0.7134035 0.7291804 0.0263547 0.0163185
20 0.3779808 0.4941939 0.0263546 0.0163185
15 0.6463190 0.7291804 0.0263546 0.0163185
16 0.5109519 0.6704338 0.0263547 0.0163186
29 0.3108962 0.4941939 0.0263547 0.0163185
13 0.4450653 0.6704338 0.0263547 0.0163186
12 0.5792344 0.6116871 0.0263547 0.0163185
20 0.3779808 0.6704338 0.0263546 0.0163186
12 0.5109519 0.5529405 0.0263547 0.0163185
18 0.5792344 0.6704338 0.0263547 0.0163186
25 0.7134035 0.6704338 0.0263547 0.0163186
17 0.5109519 0.4354472 0.0263547 0.0163185
29 0.4450653 0.6116871 0.0263547 0.0163185
12 0.3108962 0.5529405 0.0263547 0.0163185
24 0.3108962 0.6116871 0.0263547 0.0163185
28 0.3779808 0.6116871 0.0263546 0.0163185
29 0.3108962 0.7291804 0.0263547 0.0163185
3 0.5792344 0.4941939 0.0263547 0.0163185
7 0.6463190 0.6704338 0.0263546 0.0163186
27 0.4450653 0.4941939 0.0263547 0.0163185
30 0.4450653 0.4354472 0.0263547 0.0163185
26 0.7134035 0.4941939 0.0263547 0.0163185
3 0.7134035 0.5529405 0.0263547 0.0163185
1 0.7134035 0.6116871 0.0263547 0.0163185
3 0.3108962 0.4354472 0.0263547 0.0163185
27 0.5109519 0.6116871 0.0263547 0.0163185
1 0.5792344 0.5529405 0.0263547 0.0163185
13 0.4450653 0.5529405 0.0263547 0.0163185
12 0.6463190 0.4941939 0.0263546 0.0163185
20 0.6463190 0.6116871 0.0263546 0.0163185
15 0.5109519 0.7291804 0.0263547 0.0163185
14 0.6463190 0.5529405 0.0263546 0.0163185
8 0.5792344 0.4354472 0.0263547 0.0163185
27 0.3779808 0.5529405 0.0263546 0.0163185
