15 0.5806144 0.5837744 0.0266556 0.0163547
3 0.7853778 0.7015289 0.0266556 0.0163547
32 0.5836435 0.5886808 0.4907050 0.4186825
33 0.5824319 0.4076879 0.4446636 0.0152645
23 0.7853778 0.4660199 0.0266556 0.0163548
15 0.3782743 0.5248972 0.0266556 0.0163548
26 0.4461249 0.5248972 0.0266556 0.0163548
1 0.5139754 0.6426516 0.0266556 0.0163547
30 0.7853778 0.6426516 0.0266556 0.0163547
34 0.5806144 0.7009838 0.0630041 0.0588772
20 0.5806144 0.7015289 0.0266556 0.0163547
10 0.7175272 0.7604061 0.0266556 0.0163547
19 0.6496767 0.5248972 0.0266556 0.0163548
4 0.7853778 0.5837744 0.0266556 0.0163547
28 0.7175272 0.6426516 0.0266556 0.0163547
2 0.5139754 0.4660199 0.0266556 0.0163548
11 0.5806144 0.5248972 0.0266556 0.0163548
10 0.6496767 0.5837744 0.0266556 0.0163547
14 0.4461249 0.6426516 0.0266556 0.0163547
31 0.6496767 0.7015289 0.0266556 0.0163547
29 0.5806144 0.4660199 0.0266556 0.0163548
28 0.3782743 0.7015289 0.0266556 0.0163547
27 0.7175272 0.5248972 0.0266556 0.0163548
13 0.4461249 0.5837744 0.0266556 0.0163547
30 0.5139754 0.5248972 0.0266556 0.0163548
15 0.5139754 0.5837744 0.0266556 0.0163547
3 0.5139754 0.7604061 0.0266556 0.0163547
17 0.3782743 0.7604061 0.0266556 0.0163547
22 0.6496767 0.6426516 0.0266556 0.0163547
9 0.7175272 0.5837744 0.0266556 0.0163547
10 0.7175272 0.4660199 0.0266556 0.0163548
26 0.4461249 0.7015289 0.0266556 0.0163547
3 0.5806144 0.6426516 0.0266556 0.0163547
31 0.3782743 0.5837744 0.0266556 0.0163547
19 0.4461249 0.4660199 0.0266556 0.0163548
14 0.3782743 0.4660199 0.0266556 0.0163548
26 0.6496767 0.7604061 0.0266556 0.0163547
24 0.5139754 0.7015289 0.0266556 0.0163547
30 0.7853778 0.5248972 0.0266556 0.0163548
3 0.7175272 0.7015289 0.0266556 0.0163547
11 0.3782743 0.6426516 0.0266556 0.0163547
4 0.4461249 0.7604061 0.0266556 0.0163547
1 0.7853778 0.7604061 0.0266556 0.0163547
29 0.5806144 0.7604061 0.0266556 0.0163547
2 0.6496767 0.4660199 0.0266556 0.0163548
