20 0.4545610 0.5478777 0.0261627 0.0164331
24 0.3213690 0.3703998 0.0261627 0.0164332
32 0.3897488 0.3753298 0.4816316 0.4206884
33 0.3885596 0.1934697 0.4364414 0.0153376
2 0.3867758 0.2520812 0.0261627 0.0164331
34 0.3213690 0.3106927 0.0618391 0.0591593
26 0.3213690 0.3112405 0.0261627 0.0164331
10 0.2547731 0.3703998 0.0261627 0.0164332
11 0.4545610 0.4295591 0.0261627 0.0164331
16 0.2547731 0.5478777 0.0261627 0.0164331
27 0.5211569 0.5478777 0.0261627 0.0164331
3 0.5877529 0.5478777 0.0261627 0.0164331
11 0.5877529 0.2520812 0.0261627 0.0164331
12 0.5211569 0.4295591 0.0261627 0.0164331
1 0.3867758 0.3703998 0.0261627 0.0164332
19 0.4545610 0.2520812 0.0261627 0.0164331
29 0.3213690 0.2520812 0.0261627 0.0164331
10 0.5877529 0.3112405 0.0261627 0.0164331
1 0.5877529 0.3703998 0.0261627 0.0164332
13 0.3213690 0.5478777 0.0261627 0.0164331
3 0.1881771 0.3703998 0.0261627 0.0164332
9 0.1881771 0.4887184 0.0261627 0.0164332
8 0.4545610 0.4887184 0.0261627 0.0164332
5 0.1881771 0.5478777 0.0261627 0.0164331
19 0.4545610 0.3703998 0.0261627 0.0164332
29 0.3213690 0.4887184 0.0261627 0.0164332
8 0.3867758 0.5478777 0.0261627 0.0164331
28 0.2547731 0.4887184 0.0261627 0.0164332
21 0.5211569 0.2520812 0.0261627 0.0164331
4 0.5877529 0.4295591 0.0261627 0.0164331
28 0.2547731 0.2520812 0.0261627 0.0164331
5 0.2547731 0.3112405 0.0261627 0.0164331
28 0.5211569 0.3112405 0.0261627 0.0164331
14 0.2547731 0.4295591 0.0261627 0.0164331
9 0.1881771 0.2520812 0.0261627 0.0164331
6 0.1881771 0.3112405 0.0261627 0.0164331
14 0.4545610 0.3112405 0.0261627 0.0164331
30 0.5877529 0.4887184 0.0261627 0.0164332
4 0.5211569 0.4887184 0.0261627 0.0164332
11 0.1881771 0.4295591 0.0261627 0.0164331
16 0.5211569 0.3703998 0.0261627 0.0164332
30 0.3867758 0.3112405 0.0261627 0.0164331
15 0.3213690 0.4295591 0.0261627 0.0164331
6 0.3867758 0.4295591 0.0261627 0.0164331
31 0.3867758 0.4887184 0.0261627 0.0164332
