22 0.5487704 0.3998596 0.0285506 0.0161956
28 0.4760962 0.4581638 0.0285506 0.0161957
32 0.4053685 0.4047183 0.5255909 0.4146078
33 0.4040707 0.2254868 0.4762762 0.0151159
19 0.5487704 0.2832511 0.0285506 0.0161956
23 0.6214448 0.2832511 0.0285506 0.0161956
34 0.4021241 0.3993198 0.0674833 0.0583042
5 0.4021241 0.3998596 0.0285506 0.0161956
3 0.4760962 0.3998596 0.0285506 0.0161956
17 0.2580732 0.4581638 0.0285506 0.0161957
15 0.1853989 0.5164680 0.0285506 0.0161956
20 0.5487704 0.5747723 0.0285506 0.0161956
24 0.2580732 0.5164680 0.0285506 0.0161956
10 0.2580732 0.3415554 0.0285506 0.0161956
24 0.5487704 0.3415554 0.0285506 0.0161956
26 0.4760962 0.3415554 0.0285506 0.0161956
26 0.1853989 0.4581638 0.0285506 0.0161957
8 0.4760962 0.5747723 0.0285506 0.0161956
20 0.4021241 0.5164680 0.0285506 0.0161956
14 0.4760962 0.5164680 0.0285506 0.0161956
17 0.4021241 0.4581638 0.0285506 0.0161957
28 0.4021241 0.5747723 0.0285506 0.0161956
17 0.1853989 0.5747723 0.0285506 0.0161956
30 0.4021241 0.2832511 0.0285506 0.0161956
18 0.2580732 0.5747723 0.0285506 0.0161956
28 0.6214448 0.5164680 0.0285506 0.0161956
19 0.4760962 0.2832511 0.0285506 0.0161956
17 0.5487704 0.5164680 0.0285506 0.0161956
21 0.3307475 0.5164680 0.0285506 0.0161956
11 0.6214448 0.3998596 0.0285506 0.0161956
15 0.3307475 0.4581638 0.0285506 0.0161957
8 0.2580732 0.2832511 0.0285506 0.0161956
5 0.5487704 0.4581638 0.0285506 0.0161957
14 0.2580732 0.3998596 0.0285506 0.0161956
16 0.3307475 0.5747723 0.0285506 0.0161956
31 0.6214448 0.4581638 0.0285506 0.0161957
5 0.4021241 0.3415554 0.0285506 0.0161956
18 0.6214448 0.5747723 0.0285506 0.0161956
5 0.1853989 0.3998596 0.0285506 0.0161956
6 0.3307475 0.2832511 0.0285506 0.0161956
24 0.3307475 0.3415554 0.0285506 0.0161956
21 0.6214448 0.3415554 0.0285506 0.0161956
27 0.1853989 0.3415554 0.0285506 0.0161956
20 0.1853989 0.2832511 0.0285506 0.0161956
30 0.3307475 0.3998596 0.0285506 0.0161956
