30 0.4043981 0.6428223 0.0268868 0.0161452
20 0.6109378 0.4103320 0.0268868 0.0161452
32 0.4074534 0.4732981 0.4949620 0.4133161
33 0.4062313 0.2946250 0.4485212 0.0150688
34 0.6109378 0.3516713 0.0635507 0.0581226
10 0.6109378 0.3522095 0.0268868 0.0161452
31 0.4740594 0.4103320 0.0268868 0.0161452
12 0.2003026 0.5265772 0.0268868 0.0161452
29 0.4043981 0.5265772 0.0268868 0.0161452
30 0.4740594 0.5846998 0.0268868 0.0161452
9 0.6109378 0.5846998 0.0268868 0.0161452
5 0.2003026 0.6428223 0.0268868 0.0161452
12 0.5424986 0.6428223 0.0268868 0.0161452
1 0.4740594 0.3522095 0.0268868 0.0161452
22 0.2687418 0.4684546 0.0268868 0.0161452
22 0.6109378 0.6428223 0.0268868 0.0161452
13 0.6109378 0.5265772 0.0268868 0.0161452
14 0.5424986 0.5265772 0.0268868 0.0161452
19 0.3371810 0.4684546 0.0268868 0.0161452
12 0.2003026 0.4684546 0.0268868 0.0161452
28 0.2687418 0.4103320 0.0268868 0.0161452
20 0.2687418 0.5846998 0.0268868 0.0161452
13 0.4043981 0.3522095 0.0268868 0.0161452
29 0.2003026 0.3522095 0.0268868 0.0161452
19 0.4043981 0.4103320 0.0268868 0.0161452
2 0.5424986 0.5846998 0.0268868 0.0161452
24 0.4043981 0.4684546 0.0268868 0.0161452
31 0.2687418 0.6428223 0.0268868 0.0161452
14 0.2003026 0.5846998 0.0268868 0.0161452
31 0.2687418 0.3522095 0.0268868 0.0161452
5 0.4740594 0.6428223 0.0268868 0.0161452
2 0.3371810 0.3522095 0.0268868 0.0161452
7 0.2687418 0.5265772 0.0268868 0.0161452
26 0.3371810 0.6428223 0.0268868 0.0161452
10 0.5424986 0.4103320 0.0268868 0.0161452
19 0.5424986 0.4684546 0.0268868 0.0161452
31 0.2003026 0.4103320 0.0268868 0.0161452
17 0.4740594 0.5265772 0.0268868 0.0161452
18 0.4043981 0.5846998 0.0268868 0.0161452
28 0.5424986 0.3522095 0.0268868 0.0161452
29 0.4740594 0.4684546 0.0268868 0.0161452
8 0.3371810 0.5265772 0.0268868 0.0161452
22 0.3371810 0.5846998 0.0268868 0.0161452
20 0.6109378 0.4684546 0.0268868 0.0161452
30 0.3371810 0.4103320 0.0268868 0.0161452
