6 0.2557691 0.5638338 0.0285596 0.0159976
4 0.3284664 0.3910602 0.0285596 0.0159976
32 0.4031109 0.5110418 0.5257570 0.4095372
33 0.4018127 0.3340023 0.4764267 0.0149310
26 0.2557691 0.4486514 0.0285596 0.0159976
5 0.5465582 0.4486514 0.0285596 0.0159976
16 0.3998655 0.5062426 0.0285596 0.0159975
31 0.3284664 0.6214249 0.0285596 0.0159976
1 0.6192554 0.6214249 0.0285596 0.0159976
2 0.3998655 0.6790161 0.0285596 0.0159975
34 0.4732118 0.6784828 0.0688028 0.0575911
18 0.4738609 0.6790161 0.0285597 0.0159975
1 0.1830719 0.4486514 0.0285596 0.0159976
7 0.3284664 0.4486514 0.0285596 0.0159976
20 0.5465582 0.3910602 0.0285596 0.0159976
18 0.3998655 0.5638338 0.0285596 0.0159976
1 0.3284664 0.6790161 0.0285596 0.0159975
31 0.4738609 0.6214249 0.0285597 0.0159976
27 0.1830719 0.5062426 0.0285596 0.0159975
26 0.4738609 0.4486514 0.0285597 0.0159976
10 0.2557691 0.6214249 0.0285596 0.0159976
24 0.4738609 0.5062426 0.0285597 0.0159975
29 0.2557691 0.5062426 0.0285596 0.0159975
28 0.6192554 0.6790161 0.0285596 0.0159975
3 0.5465582 0.6214249 0.0285596 0.0159976
18 0.6192554 0.5062426 0.0285596 0.0159975
11 0.1830719 0.5638338 0.0285596 0.0159976
24 0.6192554 0.4486514 0.0285596 0.0159976
13 0.4738609 0.3910602 0.0285597 0.0159976
29 0.4738609 0.5638338 0.0285597 0.0159976
15 0.3284664 0.5062426 0.0285596 0.0159975
4 0.6192554 0.5638338 0.0285596 0.0159976
29 0.6192554 0.3910602 0.0285596 0.0159976
31 0.5465582 0.5638338 0.0285596 0.0159976
13 0.5465582 0.5062426 0.0285596 0.0159975
26 0.1830719 0.3910602 0.0285596 0.0159976
12 0.3998655 0.3910602 0.0285596 0.0159976
24 0.1830719 0.6790161 0.0285596 0.0159975
18 0.5465582 0.6790161 0.0285596 0.0159975
31 0.2557691 0.6790161 0.0285596 0.0159975
7 0.3998655 0.4486514 0.0285596 0.0159976
7 0.3284664 0.5638338 0.0285596 0.0159976
3 0.3998655 0.6214249 0.0285596 0.0159976
20 0.2557691 0.3910602 0.0285596 0.0159976
6 0.1830719 0.6214249 0.0285596 0.0159976
