21 0.6954843 0.4647407 0.0276650 0.0169168
7 0.4842240 0.5865412 0.0276651 0.0169168
32 0.6269505 0.4089155 0.5092881 0.4330684
33 0.6256929 0.2217036 0.4615030 0.0157889
2 0.4842240 0.2820400 0.0276651 0.0169167
8 0.7659044 0.2820400 0.0276650 0.0169167
4 0.8363245 0.3429402 0.0276650 0.0169167
29 0.6954843 0.5256410 0.0276650 0.0169167
19 0.7659044 0.5256410 0.0276650 0.0169167
34 0.8363245 0.5250771 0.0653901 0.0609003
29 0.8363245 0.5256410 0.0276650 0.0169167
6 0.6238067 0.5865412 0.0276650 0.0169168
12 0.5546441 0.4038405 0.0276650 0.0169167
1 0.6238067 0.4038405 0.0276650 0.0169167
8 0.5546441 0.5865412 0.0276650 0.0169168
3 0.5546441 0.4647407 0.0276650 0.0169168
28 0.4842240 0.4647407 0.0276651 0.0169168
27 0.4842240 0.3429402 0.0276651 0.0169167
31 0.8363245 0.5865412 0.0276650 0.0169168
22 0.6954843 0.5865412 0.0276650 0.0169168
30 0.5546441 0.2820400 0.0276650 0.0169167
11 0.6238067 0.4647407 0.0276650 0.0169168
12 0.8363245 0.4647407 0.0276650 0.0169168
30 0.8363245 0.4038405 0.0276650 0.0169167
3 0.4842240 0.5256410 0.0276651 0.0169167
11 0.4138039 0.3429402 0.0276650 0.0169167
12 0.6238067 0.5256410 0.0276650 0.0169167
17 0.6954843 0.3429402 0.0276650 0.0169167
1 0.7659044 0.4038405 0.0276650 0.0169167
13 0.4138039 0.5865412 0.0276650 0.0169168
31 0.6238067 0.3429402 0.0276650 0.0169167
12 0.7659044 0.5865412 0.0276650 0.0169168
25 0.4138039 0.2820400 0.0276650 0.0169167
26 0.6954843 0.4038405 0.0276650 0.0169167
27 0.6954843 0.2820400 0.0276650 0.0169167
29 0.7659044 0.4647407 0.0276650 0.0169168
5 0.5546441 0.3429402 0.0276650 0.0169167
28 0.8363245 0.2820400 0.0276650 0.0169167
13 0.6238067 0.2820400 0.0276650 0.0169167
19 0.4138039 0.5256410 0.0276650 0.0169167
28 0.4138039 0.4038405 0.0276650 0.0169167
4 0.4138039 0.4647407 0.0276650 0.0169168
4 0.4842240 0.4038405 0.0276651 0.0169167
30 0.7659044 0.3429402 0.0276650 0.0169167
26 0.5546441 0.5256410 0.0276650 0.0169167
