10 0.6103120 0.3784439 0.0275185 0.0159619
20 0.6103120 0.4359067 0.0275185 0.0159618
32 0.4020474 0.4406952 0.5065897 0.4086238
33 0.4007965 0.2640505 0.4590578 0.0148977
17 0.3301241 0.4933694 0.0275184 0.0159618
13 0.3301241 0.5508321 0.0275184 0.0159619
22 0.3989203 0.5508321 0.0275185 0.0159619
30 0.3301241 0.6082948 0.0275184 0.0159618
34 0.3989203 0.6077628 0.0650436 0.0574627
23 0.3989203 0.6082948 0.0275185 0.0159618
19 0.4702181 0.6082948 0.0275185 0.0159618
6 0.6103120 0.6082948 0.0275185 0.0159618
5 0.1900302 0.4359067 0.0275184 0.0159618
24 0.2600772 0.4359067 0.0275184 0.0159618
2 0.3989203 0.3209812 0.0275185 0.0159619
29 0.4702181 0.4359067 0.0275185 0.0159618
14 0.4702181 0.3784439 0.0275185 0.0159619
13 0.2600772 0.5508321 0.0275184 0.0159619
5 0.3301241 0.4359067 0.0275184 0.0159618
9 0.3301241 0.3784439 0.0275184 0.0159619
1 0.1900302 0.6082948 0.0275184 0.0159618
29 0.4702181 0.3209812 0.0275185 0.0159619
20 0.3989203 0.4933694 0.0275185 0.0159618
5 0.2600772 0.3209812 0.0275184 0.0159619
26 0.4702181 0.5508321 0.0275185 0.0159619
1 0.5402650 0.4359067 0.0275185 0.0159618
31 0.1900302 0.5508321 0.0275184 0.0159619
5 0.5402650 0.5508321 0.0275185 0.0159619
26 0.1900302 0.4933694 0.0275184 0.0159618
11 0.3301241 0.3209812 0.0275184 0.0159619
8 0.1900302 0.3209812 0.0275184 0.0159619
28 0.3989203 0.3784439 0.0275185 0.0159619
25 0.5402650 0.3784439 0.0275185 0.0159619
3 0.5402650 0.4933694 0.0275185 0.0159618
3 0.6103120 0.4933694 0.0275185 0.0159618
12 0.3989203 0.4359067 0.0275185 0.0159618
6 0.2600772 0.6082948 0.0275184 0.0159618
28 0.6103120 0.5508321 0.0275185 0.0159619
2 0.2600772 0.3784439 0.0275184 0.0159619
24 0.5402650 0.6082948 0.0275185 0.0159618
11 0.5402650 0.3209812 0.0275185 0.0159619
31 0.2600772 0.4933694 0.0275184 0.0159618
15 0.4702181 0.4933694 0.0275185 0.0159618
30 0.1900302 0.3784439 0.0275184 0.0159619
7 0.6103120 0.3209812 0.0275185 0.0159619
