3 0.4734502 0.3681276 0.0272386 0.0162280
29 0.5440230 0.4849691 0.0272386 0.0162280
32 0.4765456 0.4898376 0.5014380 0.4154366
33 0.4753074 0.3102477 0.4543895 0.0151461
34 0.6127386 0.3675867 0.0631440 0.0584208
14 0.6133576 0.3681276 0.0272386 0.0162280
25 0.2666845 0.4265484 0.0272386 0.0162280
16 0.6826923 0.4265484 0.0272385 0.0162280
15 0.2666845 0.4849691 0.0272386 0.0162280
6 0.4734502 0.5433899 0.0272386 0.0162280
7 0.3360191 0.6602315 0.0272386 0.0162280
4 0.6133576 0.6602315 0.0272386 0.0162280
1 0.3360191 0.4849691 0.0272386 0.0162280
18 0.4053537 0.6018107 0.0272386 0.0162280
26 0.5440230 0.4265484 0.0272386 0.0162280
7 0.3360191 0.6018107 0.0272386 0.0162280
8 0.6133576 0.4849691 0.0272386 0.0162280
29 0.6133576 0.6018107 0.0272386 0.0162280
13 0.3360191 0.5433899 0.0272386 0.0162280
16 0.4734502 0.4849691 0.0272386 0.0162280
20 0.2666845 0.6018107 0.0272386 0.0162280
17 0.6826923 0.5433899 0.0272385 0.0162280
19 0.4734502 0.4265484 0.0272386 0.0162280
22 0.4734502 0.6602315 0.0272386 0.0162280
30 0.2666845 0.6602315 0.0272386 0.0162280
19 0.3360191 0.3681276 0.0272386 0.0162280
28 0.2666845 0.3681276 0.0272386 0.0162280
18 0.6133576 0.4265484 0.0272386 0.0162280
11 0.6826923 0.3681276 0.0272385 0.0162280
27 0.4053537 0.5433899 0.0272386 0.0162280
7 0.5440230 0.5433899 0.0272386 0.0162280
20 0.6826923 0.4849691 0.0272385 0.0162280
28 0.5440230 0.6602315 0.0272386 0.0162280
17 0.5440230 0.3681276 0.0272386 0.0162280
16 0.6133576 0.5433899 0.0272386 0.0162280
3 0.4053537 0.3681276 0.0272386 0.0162280
19 0.6826923 0.6018107 0.0272385 0.0162280
21 0.2666845 0.5433899 0.0272386 0.0162280
29 0.4734502 0.6018107 0.0272386 0.0162280
28 0.4053537 0.4849691 0.0272386 0.0162280
9 0.4053537 0.6602315 0.0272386 0.0162280
15 0.4053537 0.4265484 0.0272386 0.0162280
4 0.6826923 0.6602315 0.0272385 0.0162280
25 0.3360191 0.4265484 0.0272386 0.0162280
24 0.5440230 0.6018107 0.0272386 0.0162280
