11 0.7012711 0.4181241 0.0280254 0.0172537
4 0.5573223 0.6044637 0.0280255 0.0172537
32 0.5605070 0.4233002 0.5159229 0.4416939
33 0.5592331 0.2323596 0.4675152 0.0161034
20 0.3445837 0.2938977 0.0280254 0.0172537
31 0.4159212 0.2938977 0.0280254 0.0172537
4 0.7012711 0.2938977 0.0280254 0.0172537
18 0.3445837 0.4181241 0.0280254 0.0172537
34 0.4152843 0.4175490 0.0649681 0.0621132
30 0.4159212 0.4181241 0.0280254 0.0172537
29 0.4159212 0.4802373 0.0280254 0.0172536
7 0.7726086 0.5423505 0.0280255 0.0172537
6 0.4872587 0.6044637 0.0280254 0.0172537
27 0.5573223 0.3560109 0.0280255 0.0172536
14 0.4159212 0.5423505 0.0280254 0.0172537
9 0.6299337 0.6044637 0.0280254 0.0172537
16 0.7726086 0.4181241 0.0280255 0.0172537
28 0.5573223 0.2938977 0.0280255 0.0172537
18 0.4872587 0.5423505 0.0280254 0.0172537
9 0.4872587 0.4802373 0.0280254 0.0172536
8 0.7012711 0.6044637 0.0280254 0.0172537
6 0.3445837 0.6044637 0.0280254 0.0172537
5 0.7726086 0.4802373 0.0280255 0.0172536
27 0.5573223 0.5423505 0.0280255 0.0172537
19 0.4872587 0.2938977 0.0280254 0.0172537
9 0.6299337 0.5423505 0.0280254 0.0172537
6 0.4159212 0.3560109 0.0280254 0.0172536
17 0.6299337 0.4802373 0.0280254 0.0172536
24 0.4872587 0.3560109 0.0280254 0.0172536
22 0.7012711 0.3560109 0.0280254 0.0172536
19 0.3445837 0.5423505 0.0280254 0.0172537
14 0.6299337 0.4181241 0.0280254 0.0172537
3 0.6299337 0.3560109 0.0280254 0.0172536
28 0.7726086 0.6044637 0.0280255 0.0172537
31 0.7012711 0.4802373 0.0280254 0.0172536
10 0.3445837 0.3560109 0.0280254 0.0172536
26 0.6299337 0.2938977 0.0280254 0.0172537
6 0.7726086 0.2938977 0.0280255 0.0172537
4 0.4159212 0.6044637 0.0280254 0.0172537
2 0.4872587 0.4181241 0.0280254 0.0172537
29 0.5573223 0.4802373 0.0280255 0.0172536
3 0.3445837 0.4802373 0.0280254 0.0172536
8 0.7726086 0.3560109 0.0280255 0.0172536
19 0.7012711 0.5423505 0.0280254 0.0172537
20 0.5573223 0.4181241 0.0280255 0.0172537
