3 0.6148299 0.2335117 0.0266508 0.0172939
7 0.5469915 0.2335117 0.0266508 0.0172939
32 0.4131319 0.3632159 0.4906167 0.4427235
33 0.4119205 0.1718302 0.4445835 0.0161410
31 0.4791531 0.2957697 0.0266508 0.0172939
25 0.2756380 0.3580277 0.0266508 0.0172939
16 0.5469915 0.3580277 0.0266508 0.0172939
7 0.2756380 0.4202857 0.0266508 0.0172938
8 0.4791531 0.4202857 0.0266508 0.0172938
14 0.2077997 0.5448017 0.0266508 0.0172938
34 0.6148299 0.5442252 0.0629928 0.0622580
30 0.6148299 0.5448017 0.0266508 0.0172938
30 0.4101034 0.2957697 0.0266508 0.0172939
26 0.5469915 0.2957697 0.0266508 0.0172939
15 0.3434764 0.2335117 0.0266508 0.0172939
1 0.2756380 0.4825437 0.0266508 0.0172939
1 0.2077997 0.2957697 0.0266508 0.0172939
10 0.4101034 0.4825437 0.0266508 0.0172939
4 0.5469915 0.4825437 0.0266508 0.0172939
1 0.4101034 0.5448017 0.0266508 0.0172938
16 0.3434764 0.4202857 0.0266508 0.0172938
24 0.4101034 0.3580277 0.0266508 0.0172939
14 0.2756380 0.2957697 0.0266508 0.0172939
12 0.2756380 0.2335117 0.0266508 0.0172939
12 0.3434764 0.5448017 0.0266508 0.0172938
8 0.2077997 0.3580277 0.0266508 0.0172939
29 0.4101034 0.2335117 0.0266508 0.0172939
17 0.2077997 0.4202857 0.0266508 0.0172938
9 0.6148299 0.3580277 0.0266508 0.0172939
3 0.2077997 0.2335117 0.0266508 0.0172939
11 0.3434764 0.3580277 0.0266508 0.0172939
2 0.6148299 0.2957697 0.0266508 0.0172939
25 0.6148299 0.4202857 0.0266508 0.0172938
4 0.4791531 0.4825437 0.0266508 0.0172939
21 0.2077997 0.4825437 0.0266508 0.0172939
12 0.4791531 0.3580277 0.0266508 0.0172939
13 0.4791531 0.2335117 0.0266508 0.0172939
6 0.6148299 0.4825437 0.0266508 0.0172939
13 0.3434764 0.2957697 0.0266508 0.0172939
4 0.5469915 0.4202857 0.0266508 0.0172938
31 0.2756380 0.5448017 0.0266508 0.0172938
18 0.4791531 0.5448017 0.0266508 0.0172938
21 0.3434764 0.4825437 0.0266508 0.0172939
11 0.5469915 0.5448017 0.0266508 0.0172938
17 0.4101034 0.4202857 0.0266508 0.0172938
