4 0.4671175 0.5243978 0.0274578 0.0163770
12 0.2586880 0.6423121 0.0274578 0.0163770
32 0.4702377 0.5293109 0.5054729 0.4192509
33 0.4689896 0.3480722 0.4580458 0.0152852
34 0.2586880 0.4059376 0.0649002 0.0589572
6 0.2586880 0.4064835 0.0274578 0.0163770
19 0.6081507 0.4064835 0.0274578 0.0163770
29 0.3285806 0.4654406 0.0274578 0.0163770
4 0.3984731 0.4654406 0.0274578 0.0163770
26 0.4671175 0.5833550 0.0274578 0.0163770
7 0.6780432 0.5833550 0.0274578 0.0163770
21 0.6780432 0.6423121 0.0274578 0.0163770
2 0.6780432 0.5243978 0.0274578 0.0163770
18 0.2586880 0.5833550 0.0274578 0.0163770
30 0.3285806 0.4064835 0.0274578 0.0163770
13 0.5382582 0.5833550 0.0274578 0.0163770
15 0.2586880 0.5243978 0.0274578 0.0163770
18 0.3984731 0.5243978 0.0274578 0.0163770
2 0.6081507 0.7012693 0.0274578 0.0163770
18 0.4671175 0.6423121 0.0274578 0.0163770
29 0.5382582 0.7012693 0.0274578 0.0163770
31 0.3984731 0.6423121 0.0274578 0.0163770
6 0.6780432 0.7012693 0.0274578 0.0163770
28 0.3984731 0.5833550 0.0274578 0.0163770
6 0.4671175 0.4654406 0.0274578 0.0163770
28 0.6081507 0.5243978 0.0274578 0.0163770
15 0.4671175 0.4064835 0.0274578 0.0163770
15 0.5382582 0.4064835 0.0274578 0.0163770
1 0.6780432 0.4654406 0.0274578 0.0163770
16 0.6081507 0.4654406 0.0274578 0.0163770
10 0.3285806 0.6423121 0.0274578 0.0163770
7 0.3285806 0.5243978 0.0274578 0.0163770
27 0.3285806 0.7012693 0.0274578 0.0163770
13 0.5382582 0.4654406 0.0274578 0.0163770
7 0.2586880 0.7012693 0.0274578 0.0163770
30 0.3984731 0.4064835 0.0274578 0.0163770
12 0.6081507 0.5833550 0.0274578 0.0163770
22 0.5382582 0.6423121 0.0274578 0.0163770
8 0.5382582 0.5243978 0.0274578 0.0163770
21 0.4671175 0.7012693 0.0274578 0.0163770
18 0.3285806 0.5833550 0.0274578 0.0163770
4 0.3984731 0.7012693 0.0274578 0.0163770
16 0.6081507 0.6423121 0.0274578 0.0163770
4 0.2586880 0.4654406 0.0274578 0.0163770
1 0.6780432 0.4064835 0.0274578 0.0163770
