9 0.3431482 0.5756877 0.0285987 0.0172209
15 0.5602381 0.3897024 0.0285987 0.0172209
32 0.5634880 0.4568637 0.5264756 0.4408539
33 0.5621880 0.2662863 0.4770778 0.0160728
34 0.3431482 0.3271333 0.0675969 0.0619951
14 0.3431482 0.3277073 0.0285987 0.0172209
24 0.4159448 0.3277073 0.0285987 0.0172209
22 0.4159448 0.3897024 0.0285987 0.0172209
16 0.5602381 0.4516975 0.0285987 0.0172209
14 0.7799280 0.4516975 0.0285987 0.0172209
3 0.5602381 0.5756877 0.0285987 0.0172209
29 0.5602381 0.6376828 0.0285987 0.0172209
11 0.4887415 0.3277073 0.0285986 0.0172209
10 0.7799280 0.3897024 0.0285987 0.0172209
11 0.7071313 0.5136926 0.0285987 0.0172209
1 0.7071313 0.3277073 0.0285987 0.0172209
28 0.7071313 0.6376828 0.0285987 0.0172209
25 0.4159448 0.5136926 0.0285987 0.0172209
24 0.7799280 0.3277073 0.0285987 0.0172209
13 0.7799280 0.6376828 0.0285987 0.0172209
21 0.3431482 0.4516975 0.0285987 0.0172209
2 0.3431482 0.3897024 0.0285987 0.0172209
19 0.6343347 0.5756877 0.0285987 0.0172209
7 0.7799280 0.5756877 0.0285987 0.0172209
19 0.4887415 0.5136926 0.0285986 0.0172209
7 0.4887415 0.4516975 0.0285986 0.0172209
1 0.3431482 0.5136926 0.0285987 0.0172209
31 0.7071313 0.4516975 0.0285987 0.0172209
5 0.4159448 0.5756877 0.0285987 0.0172209
19 0.5602381 0.3277073 0.0285987 0.0172209
22 0.4887415 0.6376828 0.0285986 0.0172209
1 0.6343347 0.4516975 0.0285987 0.0172209
8 0.3431482 0.6376828 0.0285987 0.0172209
24 0.7799280 0.5136926 0.0285987 0.0172209
30 0.6343347 0.6376828 0.0285987 0.0172209
29 0.4887415 0.5756877 0.0285986 0.0172209
11 0.5602381 0.5136926 0.0285987 0.0172209
12 0.7071313 0.3897024 0.0285987 0.0172209
2 0.6343347 0.3897024 0.0285987 0.0172209
30 0.7071313 0.5756877 0.0285987 0.0172209
2 0.4887415 0.3897024 0.0285986 0.0172209
28 0.6343347 0.3277073 0.0285987 0.0172209
1 0.4159448 0.6376828 0.0285987 0.0172209
18 0.6343347 0.5136926 0.0285987 0.0172209
13 0.4159448 0.4516975 0.0285987 0.0172209
