24 0.4536113 0.4761814 0.0267394 0.0171960
3 0.4536113 0.4142755 0.0267394 0.0171960
32 0.4566499 0.4194343 0.4922488 0.4402195
33 0.4554344 0.2291311 0.4460626 0.0160497
18 0.6590189 0.3523696 0.0267394 0.0171961
24 0.2506346 0.4142755 0.0267394 0.0171960
31 0.2506346 0.4761814 0.0267394 0.0171960
19 0.5909548 0.4761814 0.0267394 0.0171960
34 0.3180909 0.5375140 0.0619869 0.0619059
7 0.3186986 0.5380872 0.0267394 0.0171960
8 0.6590189 0.5380872 0.0267394 0.0171960
20 0.5228907 0.5999931 0.0267394 0.0171961
2 0.5228907 0.5380872 0.0267394 0.0171960
17 0.5909548 0.5999931 0.0267394 0.0171961
24 0.5909548 0.2904637 0.0267394 0.0171961
15 0.3867627 0.3523696 0.0267394 0.0171961
20 0.4536113 0.2904637 0.0267394 0.0171961
21 0.5228907 0.4761814 0.0267394 0.0171960
7 0.2506346 0.3523696 0.0267394 0.0171961
27 0.5909548 0.3523696 0.0267394 0.0171961
8 0.3867627 0.5999931 0.0267394 0.0171961
20 0.3186986 0.3523696 0.0267394 0.0171961
6 0.3186986 0.4761814 0.0267394 0.0171960
11 0.2506346 0.2904637 0.0267394 0.0171961
11 0.5228907 0.3523696 0.0267394 0.0171961
9 0.6590189 0.4142755 0.0267394 0.0171960
27 0.2506346 0.5380872 0.0267394 0.0171960
31 0.3867627 0.4761814 0.0267394 0.0171960
12 0.5228907 0.2904637 0.0267394 0.0171961
28 0.3186986 0.2904637 0.0267394 0.0171961
25 0.3867627 0.5380872 0.0267394 0.0171960
10 0.5228907 0.4142755 0.0267394 0.0171960
16 0.4536113 0.5380872 0.0267394 0.0171960
30 0.3186986 0.5999931 0.0267394 0.0171961
19 0.6590189 0.4761814 0.0267394 0.0171960
5 0.6590189 0.5999931 0.0267394 0.0171961
2 0.2506346 0.5999931 0.0267394 0.0171961
1 0.3186986 0.4142755 0.0267394 0.0171960
21 0.6590189 0.2904637 0.0267394 0.0171961
18 0.4536113 0.3523696 0.0267394 0.0171961
4 0.5909548 0.4142755 0.0267394 0.0171960
12 0.3867627 0.2904637 0.0267394 0.0171961
21 0.4536113 0.5999931 0.0267394 0.0171961
31 0.5909548 0.5380872 0.0267394 0.0171960
1 0.3867627 0.4142755 0.0267394 0.0171960
