16 0.5414453 0.5008507 0.0267351 0.0169523
8 0.4065546 0.6229070 0.0267351 0.0169523
32 0.5444834 0.5059364 0.4921687 0.4339781
33 0.5432682 0.3183313 0.4459899 0.0158221
34 0.4059470 0.4392575 0.0619768 0.0610281
10 0.4065546 0.4398225 0.0267351 0.0169523
25 0.6107135 0.4398225 0.0267351 0.0169523
17 0.4746076 0.5008507 0.0267351 0.0169523
13 0.4746076 0.5618789 0.0267351 0.0169523
18 0.6107135 0.6229070 0.0267351 0.0169523
29 0.7468194 0.6229070 0.0267351 0.0169523
8 0.6107135 0.6839352 0.0267351 0.0169523
28 0.4746076 0.6229070 0.0267351 0.0169523
1 0.4065546 0.5618789 0.0267351 0.0169523
30 0.6787665 0.5618789 0.0267352 0.0169523
16 0.3385017 0.3787944 0.0267351 0.0169523
2 0.7468194 0.5008507 0.0267351 0.0169523
10 0.6787665 0.5008507 0.0267352 0.0169523
7 0.7468194 0.6839352 0.0267351 0.0169523
15 0.6107135 0.5008507 0.0267351 0.0169523
24 0.5414453 0.3787944 0.0267351 0.0169523
1 0.7468194 0.3787944 0.0267351 0.0169523
10 0.5414453 0.4398225 0.0267351 0.0169523
17 0.3385017 0.4398225 0.0267351 0.0169523
11 0.7468194 0.5618789 0.0267351 0.0169523
8 0.4746076 0.6839352 0.0267351 0.0169523
16 0.6107135 0.3787944 0.0267351 0.0169523
22 0.3385017 0.6839352 0.0267351 0.0169523
19 0.4065546 0.6839352 0.0267351 0.0169523
21 0.4746076 0.4398225 0.0267351 0.0169523
22 0.7468194 0.4398225 0.0267351 0.0169523
10 0.3385017 0.6229070 0.0267351 0.0169523
7 0.5414453 0.6229070 0.0267351 0.0169523
31 0.4065546 0.5008507 0.0267351 0.0169523
6 0.5414453 0.5618789 0.0267351 0.0169523
17 0.4065546 0.3787944 0.0267351 0.0169523
25 0.4746076 0.3787944 0.0267351 0.0169523
8 0.6787665 0.6229070 0.0267352 0.0169523
2 0.6787665 0.4398225 0.0267352 0.0169523
16 0.6107135 0.5618789 0.0267351 0.0169523
21 0.3385017 0.5008507 0.0267351 0.0169523
3 0.5414453 0.6839352 0.0267351 0.0169523
1 0.6787665 0.6839352 0.0267352 0.0169523
12 0.3385017 0.5618789 0.0267351 0.0169523
21 0.6787665 0.3787944 0.0267352 0.0169523
