19 0.3482967 0.5891480 0.0274712 0.0174788
7 0.0685900 0.5262243 0.0274712 0.0174788
32 0.2802430 0.4056205 0.5057196 0.4474575
33 0.2789943 0.2121884 0.4582694 0.0163135
24 0.0685900 0.2745295 0.0274712 0.0174788
9 0.2771213 0.2745295 0.0274712 0.0174788
15 0.2084433 0.3374532 0.0274712 0.0174788
13 0.4881500 0.4003769 0.0274712 0.0174788
29 0.2084433 0.4633006 0.0274712 0.0174788
34 0.4175990 0.4627180 0.0636832 0.0629237
26 0.4182233 0.4633006 0.0274712 0.0174788
20 0.2771213 0.5891480 0.0274712 0.0174788
13 0.0685900 0.4003769 0.0274712 0.0174788
4 0.4881500 0.3374532 0.0274712 0.0174788
1 0.1385167 0.3374532 0.0274712 0.0174788
5 0.2771213 0.4633006 0.0274712 0.0174788
16 0.0685900 0.3374532 0.0274712 0.0174788
7 0.4182233 0.4003769 0.0274712 0.0174788
3 0.4182233 0.5891480 0.0274712 0.0174788
31 0.1385167 0.5262243 0.0274712 0.0174788
4 0.3482967 0.4003769 0.0274712 0.0174788
1 0.1385167 0.4003769 0.0274712 0.0174788
1 0.4881500 0.4633006 0.0274712 0.0174788
18 0.2771213 0.3374532 0.0274712 0.0174788
30 0.4182233 0.3374532 0.0274712 0.0174788
15 0.3482967 0.3374532 0.0274712 0.0174788
29 0.2771213 0.5262243 0.0274712 0.0174788
13 0.0685900 0.4633006 0.0274712 0.0174788
18 0.4881500 0.5891480 0.0274712 0.0174788
30 0.4881500 0.5262243 0.0274712 0.0174788
15 0.1385167 0.2745295 0.0274712 0.0174788
1 0.2084433 0.5891480 0.0274712 0.0174788
5 0.3482967 0.4633006 0.0274712 0.0174788
26 0.0685900 0.5891480 0.0274712 0.0174788
18 0.1385167 0.5891480 0.0274712 0.0174788
11 0.4182233 0.5262243 0.0274712 0.0174788
17 0.1385167 0.4633006 0.0274712 0.0174788
10 0.3482967 0.5262243 0.0274712 0.0174788
25 0.2084433 0.2745295 0.0274712 0.0174788
8 0.4182233 0.2745295 0.0274712 0.0174788
13 0.3482967 0.2745295 0.0274712 0.0174788
13 0.2084433 0.4003769 0.0274712 0.0174788
1 0.2771213 0.4003769 0.0274712 0.0174788
11 0.2084433 0.5262243 0.0274712 0.0174788
30 0.4881500 0.2745295 0.0274712 0.0174788
