28 0.7089027 0.5780358 0.0280167 0.0160487
17 0.7802179 0.6935866 0.0280166 0.0160487
32 0.6394979 0.5828505 0.5157608 0.4108472
33 0.6382244 0.4052446 0.4673684 0.0149788
34 0.4943208 0.4619501 0.0649477 0.0577754
27 0.4949575 0.4624850 0.0280166 0.0160487
18 0.8515329 0.5202605 0.0280167 0.0160487
15 0.4949575 0.5780358 0.0280166 0.0160487
8 0.7802179 0.5780358 0.0280166 0.0160487
4 0.4949575 0.6358112 0.0280166 0.0160487
13 0.6363142 0.7513620 0.0280167 0.0160487
21 0.7089027 0.7513620 0.0280167 0.0160487
2 0.4236425 0.4624850 0.0280167 0.0160487
28 0.5662726 0.4624850 0.0280166 0.0160487
18 0.7089027 0.5202605 0.0280167 0.0160487
19 0.7802179 0.5202605 0.0280166 0.0160487
9 0.7089027 0.6358112 0.0280167 0.0160487
15 0.8515329 0.7513620 0.0280167 0.0160487
12 0.6363142 0.4624850 0.0280167 0.0160487
2 0.4236425 0.7513620 0.0280167 0.0160487
9 0.6363142 0.6935866 0.0280167 0.0160487
8 0.8515329 0.5780358 0.0280167 0.0160487
6 0.8515329 0.6358112 0.0280167 0.0160487
11 0.4236425 0.5780358 0.0280167 0.0160487
19 0.4236425 0.6358112 0.0280167 0.0160487
26 0.4949575 0.5202605 0.0280166 0.0160487
4 0.7802179 0.6358112 0.0280166 0.0160487
1 0.5662726 0.5780358 0.0280166 0.0160487
5 0.5662726 0.5202605 0.0280166 0.0160487
14 0.7089027 0.6935866 0.0280167 0.0160487
19 0.8515329 0.6935866 0.0280167 0.0160487
28 0.4949575 0.6935866 0.0280166 0.0160487
18 0.4236425 0.5202605 0.0280167 0.0160487
31 0.6363142 0.5780358 0.0280167 0.0160487
7 0.5662726 0.6935866 0.0280166 0.0160487
25 0.5662726 0.7513620 0.0280166 0.0160487
19 0.6363142 0.5202605 0.0280167 0.0160487
10 0.8515329 0.4624850 0.0280167 0.0160487
27 0.5662726 0.6358112 0.0280166 0.0160487
10 0.4949575 0.7513620 0.0280166 0.0160487
22 0.6363142 0.6358112 0.0280167 0.0160487
9 0.7802179 0.7513620 0.0280166 0.0160487
7 0.7089027 0.4624850 0.0280167 0.0160487
3 0.4236425 0.6935866 0.0280167 0.0160487
3 0.7802179 0.4624850 0.0280166 0.0160487
