17 0.8344299 0.4605911 0.0277290 0.0159623
31 0.7638470 0.4031269 0.0277290 0.0159623
32 0.6245718 0.4079156 0.5104654 0.4086338
33 0.6233114 0.2312666 0.4625700 0.0148981
26 0.4815155 0.2881987 0.0277290 0.0159623
18 0.5520984 0.2881987 0.0277290 0.0159623
25 0.4109326 0.3456628 0.0277290 0.0159623
15 0.6214208 0.3456628 0.0277290 0.0159623
34 0.8344299 0.4025949 0.0655412 0.0574641
12 0.8344299 0.4031269 0.0277290 0.0159623
6 0.4109326 0.5755193 0.0277290 0.0159623
17 0.4815155 0.5755193 0.0277290 0.0159623
26 0.4109326 0.4605911 0.0277290 0.0159623
8 0.6932642 0.3456628 0.0277290 0.0159623
9 0.7638470 0.2881987 0.0277290 0.0159623
20 0.8344299 0.5180552 0.0277290 0.0159623
11 0.7638470 0.3456628 0.0277290 0.0159623
21 0.6932642 0.5755193 0.0277290 0.0159623
27 0.5520984 0.4031269 0.0277290 0.0159623
27 0.8344299 0.2881987 0.0277290 0.0159623
19 0.5520984 0.5180552 0.0277290 0.0159623
9 0.5520984 0.4605911 0.0277290 0.0159623
12 0.6932642 0.2881987 0.0277290 0.0159623
13 0.4109326 0.2881987 0.0277290 0.0159623
29 0.6214208 0.4031269 0.0277290 0.0159623
17 0.6214208 0.5755193 0.0277290 0.0159623
19 0.8344299 0.5755193 0.0277290 0.0159623
12 0.6932642 0.5180552 0.0277290 0.0159623
4 0.6932642 0.4031269 0.0277290 0.0159623
29 0.5520984 0.3456628 0.0277290 0.0159623
11 0.8344299 0.3456628 0.0277290 0.0159623
2 0.6932642 0.4605911 0.0277290 0.0159623
24 0.4815155 0.5180552 0.0277290 0.0159623
21 0.4109326 0.5180552 0.0277290 0.0159623
6 0.4109326 0.4031269 0.0277290 0.0159623
1 0.7638470 0.4605911 0.0277290 0.0159623
25 0.7638470 0.5180552 0.0277290 0.0159623
28 0.5520984 0.5755193 0.0277290 0.0159623
1 0.4815155 0.4605911 0.0277290 0.0159623
12 0.6214208 0.4605911 0.0277290 0.0159623
1 0.6214208 0.2881987 0.0277290 0.0159623
17 0.4815155 0.3456628 0.0277290 0.0159623
28 0.4815155 0.4031269 0.0277290 0.0159623
25 0.7638470 0.5755193 0.0277290 0.0159623
14 0.6214208 0.5180552 0.0277290 0.0159623
