16 0.2073242 0.7274708 0.0267803 0.0172987
29 0.2754923 0.6651955 0.0267804 0.0172987
32 0.4136546 0.5458346 0.4930019 0.4428464
33 0.4124373 0.3543958 0.4467449 0.0161454
34 0.2748837 0.5400683 0.0620817 0.0622753
2 0.2754923 0.5406450 0.0267804 0.0172987
13 0.5481650 0.5406450 0.0267804 0.0172987
7 0.2754923 0.6029202 0.0267804 0.0172987
25 0.4799968 0.6029202 0.0267803 0.0172987
15 0.2754923 0.7274708 0.0267804 0.0172987
30 0.3436605 0.7274708 0.0267804 0.0172987
5 0.4106114 0.7274708 0.0267803 0.0172987
5 0.6163332 0.6651955 0.0267803 0.0172987
13 0.4106114 0.6029202 0.0267803 0.0172987
16 0.5481650 0.4783697 0.0267804 0.0172987
30 0.2754923 0.4783697 0.0267804 0.0172987
15 0.4799968 0.7274708 0.0267803 0.0172987
4 0.2754923 0.4160944 0.0267804 0.0172987
25 0.2073242 0.4783697 0.0267803 0.0172987
11 0.6163332 0.4160944 0.0267803 0.0172987
24 0.2073242 0.6029202 0.0267803 0.0172987
6 0.5481650 0.6029202 0.0267804 0.0172987
14 0.5481650 0.7274708 0.0267804 0.0172987
15 0.5481650 0.4160944 0.0267804 0.0172987
22 0.4106114 0.6651955 0.0267803 0.0172987
11 0.3436605 0.6029202 0.0267804 0.0172987
15 0.2073242 0.5406450 0.0267803 0.0172987
8 0.6163332 0.5406450 0.0267803 0.0172987
9 0.3436605 0.4160944 0.0267804 0.0172987
28 0.6163332 0.6029202 0.0267803 0.0172987
4 0.3436605 0.5406450 0.0267804 0.0172987
29 0.4799968 0.4160944 0.0267803 0.0172987
12 0.4799968 0.4783697 0.0267803 0.0172987
1 0.4106114 0.4783697 0.0267803 0.0172987
3 0.4799968 0.5406450 0.0267803 0.0172987
14 0.2073242 0.6651955 0.0267803 0.0172987
13 0.3436605 0.4783697 0.0267804 0.0172987
25 0.2073242 0.4160944 0.0267803 0.0172987
2 0.6163332 0.4783697 0.0267803 0.0172987
16 0.4106114 0.4160944 0.0267803 0.0172987
11 0.6163332 0.7274708 0.0267803 0.0172987
9 0.3436605 0.6651955 0.0267804 0.0172987
8 0.5481650 0.6651955 0.0267804 0.0172987
26 0.4799968 0.6651955 0.0267803 0.0172987
26 0.4106114 0.5406450 0.0267803 0.0172987
