8 0.6944737 0.3476580 0.0281456 0.0167222
22 0.4795439 0.5884573 0.0281456 0.0167221
32 0.6247495 0.4730743 0.5181343 0.4280876
33 0.6234702 0.2880156 0.4695192 0.0156074
34 0.4079007 0.3471006 0.0665259 0.0601998
28 0.4079007 0.3476580 0.0281456 0.0167222
18 0.5511872 0.4078579 0.0281456 0.0167222
8 0.6215511 0.4078579 0.0281456 0.0167222
24 0.6944737 0.4078579 0.0281456 0.0167222
29 0.6215511 0.4680577 0.0281456 0.0167221
3 0.5511872 0.5282575 0.0281456 0.0167222
11 0.7661170 0.5884573 0.0281456 0.0167221
7 0.8377602 0.3476580 0.0281456 0.0167222
11 0.5511872 0.6486571 0.0281456 0.0167222
1 0.8377602 0.4078579 0.0281456 0.0167222
14 0.5511872 0.5884573 0.0281456 0.0167221
9 0.7661170 0.4680577 0.0281456 0.0167221
14 0.5511872 0.4680577 0.0281456 0.0167221
3 0.4795439 0.4680577 0.0281456 0.0167221
28 0.7661170 0.6486571 0.0281456 0.0167222
5 0.4079007 0.4078579 0.0281456 0.0167222
24 0.8377602 0.6486571 0.0281456 0.0167222
28 0.6944737 0.5282575 0.0281456 0.0167222
10 0.4795439 0.5282575 0.0281456 0.0167222
26 0.5511872 0.3476580 0.0281456 0.0167222
25 0.4079007 0.5884573 0.0281456 0.0167221
2 0.6215511 0.5282575 0.0281456 0.0167222
22 0.4795439 0.4078579 0.0281456 0.0167222
20 0.7661170 0.5282575 0.0281456 0.0167222
8 0.6944737 0.4680577 0.0281456 0.0167221
11 0.4079007 0.6486571 0.0281456 0.0167222
10 0.7661170 0.4078579 0.0281456 0.0167222
30 0.4079007 0.4680577 0.0281456 0.0167221
16 0.4795439 0.6486571 0.0281456 0.0167222
4 0.8377602 0.5884573 0.0281456 0.0167221
19 0.7661170 0.3476580 0.0281456 0.0167222
29 0.6215511 0.3476580 0.0281456 0.0167222
24 0.4079007 0.5282575 0.0281456 0.0167222
20 0.8377602 0.5282575 0.0281456 0.0167222
15 0.6215511 0.5884573 0.0281456 0.0167221
26 0.6944737 0.5884573 0.0281456 0.0167221
9 0.6944737 0.6486571 0.0281456 0.0167222
29 0.8377602 0.4680577 0.0281456 0.0167221
27 0.6215511 0.6486571 0.0281456 0.0167222
3 0.4795439 0.3476580 0.0281456 0.0167222
