10 0.3786097 0.7057971 0.0268538 0.0158771
10 0.6520300 0.4771665 0.0268538 0.0158771
32 0.5171508 0.5390873 0.4943537 0.4064544
33 0.5159302 0.3633804 0.4479699 0.0148187
29 0.3786097 0.4771665 0.0268538 0.0158771
31 0.4469648 0.4771665 0.0268538 0.0158771
30 0.4469648 0.5343241 0.0268538 0.0158771
13 0.5836749 0.5343241 0.0268538 0.0158771
4 0.5836749 0.5914817 0.0268538 0.0158771
8 0.7203851 0.5914817 0.0268538 0.0158771
34 0.5140993 0.7052678 0.0634726 0.0571577
30 0.5140993 0.7057971 0.0268538 0.0158771
15 0.3102546 0.7057971 0.0268538 0.0158771
1 0.6520300 0.4200088 0.0268538 0.0158771
16 0.7203851 0.7057971 0.0268538 0.0158771
28 0.6520300 0.5343241 0.0268538 0.0158771
27 0.3786097 0.5343241 0.0268538 0.0158771
4 0.6520300 0.5914817 0.0268538 0.0158771
18 0.3786097 0.5914817 0.0268538 0.0158771
13 0.5140993 0.4200088 0.0268538 0.0158771
31 0.7203851 0.4200088 0.0268538 0.0158771
27 0.5140993 0.6486394 0.0268538 0.0158771
21 0.7203851 0.4771665 0.0268538 0.0158771
26 0.3102546 0.5914817 0.0268538 0.0158771
31 0.5140993 0.5914817 0.0268538 0.0158771
19 0.3786097 0.4200088 0.0268538 0.0158771
30 0.4469648 0.7057971 0.0268538 0.0158771
12 0.6520300 0.7057971 0.0268538 0.0158771
17 0.3102546 0.5343241 0.0268538 0.0158771
3 0.5836749 0.6486394 0.0268538 0.0158771
21 0.6520300 0.6486394 0.0268538 0.0158771
8 0.3102546 0.6486394 0.0268538 0.0158771
9 0.4469648 0.4200088 0.0268538 0.0158771
25 0.3102546 0.4200088 0.0268538 0.0158771
5 0.4469648 0.6486394 0.0268538 0.0158771
24 0.5140993 0.4771665 0.0268538 0.0158771
13 0.5836749 0.4771665 0.0268538 0.0158771
14 0.5140993 0.5343241 0.0268538 0.0158771
11 0.5836749 0.7057971 0.0268538 0.0158771
22 0.4469648 0.5914817 0.0268538 0.0158771
10 0.7203851 0.5343241 0.0268538 0.0158771
14 0.7203851 0.6486394 0.0268538 0.0158771
9 0.3786097 0.6486394 0.0268538 0.0158771
16 0.5836749 0.4200088 0.0268538 0.0158771
12 0.3102546 0.4771665 0.0268538 0.0158771
