4 0.3721150 0.6264649 0.0264462 0.0162881
27 0.3047975 0.5091908 0.0264462 0.0162880
32 0.4412356 0.5140772 0.4868496 0.4169746
33 0.4400335 0.3338226 0.4411699 0.0152022
5 0.5740674 0.3919167 0.0264462 0.0162881
11 0.4382303 0.5091908 0.0264462 0.0162880
3 0.5740674 0.5091908 0.0264462 0.0162880
30 0.3047975 0.5678279 0.0264462 0.0162880
22 0.6413849 0.5678279 0.0264462 0.0162880
34 0.3041964 0.6259220 0.0613070 0.0586370
14 0.3047975 0.6264649 0.0264462 0.0162881
6 0.5067499 0.6264649 0.0264462 0.0162881
31 0.3721150 0.4505537 0.0264462 0.0162881
22 0.4382303 0.4505537 0.0264462 0.0162881
7 0.2374800 0.4505537 0.0264462 0.0162881
18 0.6413849 0.4505537 0.0264462 0.0162881
17 0.6413849 0.3919167 0.0264462 0.0162881
2 0.2374800 0.5678279 0.0264462 0.0162880
6 0.3721150 0.3919167 0.0264462 0.0162881
12 0.4382303 0.6851020 0.0264462 0.0162880
14 0.3721150 0.5091908 0.0264462 0.0162880
19 0.3047975 0.4505537 0.0264462 0.0162881
20 0.3721150 0.5678279 0.0264462 0.0162880
22 0.5067499 0.5091908 0.0264462 0.0162880
4 0.5740674 0.5678279 0.0264462 0.0162880
22 0.6413849 0.6264649 0.0264462 0.0162881
21 0.4382303 0.6264649 0.0264462 0.0162881
9 0.6413849 0.6851020 0.0264462 0.0162880
7 0.2374800 0.6264649 0.0264462 0.0162881
6 0.4382303 0.3919167 0.0264462 0.0162881
28 0.5067499 0.3919167 0.0264462 0.0162881
25 0.5740674 0.6851020 0.0264462 0.0162880
11 0.5740674 0.6264649 0.0264462 0.0162881
1 0.2374800 0.5091908 0.0264462 0.0162880
30 0.5067499 0.5678279 0.0264462 0.0162880
26 0.3047975 0.6851020 0.0264462 0.0162880
1 0.5067499 0.6851020 0.0264462 0.0162880
3 0.2374800 0.6851020 0.0264462 0.0162880
27 0.5067499 0.4505537 0.0264462 0.0162881
21 0.3047975 0.3919167 0.0264462 0.0162881
8 0.6413849 0.5091908 0.0264462 0.0162880
17 0.3721150 0.6851020 0.0264462 0.0162880
9 0.5740674 0.4505537 0.0264462 0.0162881
31 0.2374800 0.3919167 0.0264462 0.0162881
8 0.4382303 0.5678279 0.0264462 0.0162880
