19 0.3165204 0.4710083 0.0263496 0.0170846
4 0.3835922 0.3479987 0.0263496 0.0170847
32 0.5195323 0.4761336 0.4850726 0.4373673
33 0.5183346 0.2870634 0.4395597 0.0159457
8 0.6518793 0.3479987 0.0263497 0.0170847
18 0.4506640 0.4095035 0.0263496 0.0170846
34 0.5165380 0.4704387 0.0622810 0.0615048
31 0.5165381 0.4710083 0.0263496 0.0170846
29 0.6518793 0.4710083 0.0263497 0.0170846
9 0.3835922 0.5325130 0.0263496 0.0170847
19 0.3165204 0.5940178 0.0263496 0.0170847
11 0.5165381 0.6555226 0.0263496 0.0170847
6 0.5165381 0.5940178 0.0263496 0.0170847
27 0.7189511 0.4095035 0.0263496 0.0170846
3 0.5165381 0.5325130 0.0263496 0.0170847
21 0.7189511 0.5940178 0.0263496 0.0170847
12 0.4506640 0.6555226 0.0263496 0.0170847
7 0.5165381 0.3479987 0.0263496 0.0170847
29 0.4506640 0.3479987 0.0263496 0.0170847
13 0.6518793 0.5325130 0.0263497 0.0170847
1 0.7189511 0.4710083 0.0263496 0.0170846
18 0.3835922 0.4095035 0.0263496 0.0170846
1 0.5848075 0.5325130 0.0263496 0.0170847
5 0.4506640 0.5940178 0.0263496 0.0170847
22 0.5848075 0.6555226 0.0263496 0.0170847
2 0.3165204 0.6555226 0.0263496 0.0170847
3 0.3835922 0.4710083 0.0263496 0.0170846
24 0.6518793 0.6555226 0.0263497 0.0170847
7 0.3165204 0.3479987 0.0263496 0.0170847
26 0.7189511 0.6555226 0.0263496 0.0170847
27 0.6518793 0.4095035 0.0263497 0.0170846
6 0.4506640 0.5325130 0.0263496 0.0170847
19 0.3165204 0.5325130 0.0263496 0.0170847
11 0.5848075 0.3479987 0.0263496 0.0170847
20 0.3165204 0.4095035 0.0263496 0.0170846
4 0.7189511 0.3479987 0.0263496 0.0170847
5 0.3835922 0.6555226 0.0263496 0.0170847
11 0.4506640 0.4710083 0.0263496 0.0170846
28 0.6518793 0.5940178 0.0263497 0.0170847
24 0.5165381 0.4095035 0.0263496 0.0170846
28 0.3835922 0.5940178 0.0263496 0.0170847
15 0.5848075 0.4710083 0.0263496 0.0170846
9 0.5848075 0.4095035 0.0263496 0.0170846
11 0.5848075 0.5940178 0.0263496 0.0170847
14 0.7189511 0.5325130 0.0263496 0.0170847
