21 0.5515723 0.4163954 0.0264715 0.0170325
24 0.5515723 0.4777124 0.0264715 0.0170325
32 0.3512310 0.3601882 0.4873168 0.4360319
33 0.3500278 0.1716952 0.4415932 0.0158970
22 0.2820441 0.2324444 0.0264715 0.0170325
34 0.3482229 0.2318767 0.0625691 0.0613170
12 0.3482229 0.2324444 0.0264716 0.0170325
3 0.5515723 0.2937614 0.0264715 0.0170325
17 0.2820441 0.4777124 0.0264715 0.0170325
9 0.3482229 0.4777124 0.0264716 0.0170325
29 0.4168082 0.4777124 0.0264715 0.0170325
15 0.2820441 0.5390294 0.0264715 0.0170325
14 0.1472799 0.3550784 0.0264715 0.0170325
18 0.2820441 0.3550784 0.0264715 0.0170325
31 0.1472799 0.2324444 0.0264715 0.0170325
12 0.2820441 0.4163954 0.0264715 0.0170325
8 0.4168082 0.4163954 0.0264715 0.0170325
1 0.1472799 0.4163954 0.0264715 0.0170325
21 0.1472799 0.2937614 0.0264715 0.0170325
9 0.4841903 0.4163954 0.0264715 0.0170325
2 0.4168082 0.5390294 0.0264715 0.0170325
11 0.1472799 0.5390294 0.0264715 0.0170325
26 0.2146620 0.4163954 0.0264715 0.0170325
12 0.4841903 0.4777124 0.0264715 0.0170325
16 0.4841903 0.3550784 0.0264715 0.0170325
28 0.2146620 0.5390294 0.0264715 0.0170325
29 0.1472799 0.4777124 0.0264715 0.0170325
3 0.3482229 0.2937614 0.0264716 0.0170325
8 0.5515723 0.3550784 0.0264715 0.0170325
10 0.4168082 0.2937614 0.0264715 0.0170325
14 0.4841903 0.5390294 0.0264715 0.0170325
8 0.3482229 0.5390294 0.0264716 0.0170325
26 0.5515723 0.5390294 0.0264715 0.0170325
2 0.4841903 0.2937614 0.0264715 0.0170325
17 0.3482229 0.3550784 0.0264716 0.0170325
1 0.2146620 0.3550784 0.0264715 0.0170325
15 0.2146620 0.4777124 0.0264715 0.0170325
17 0.3482229 0.4163954 0.0264716 0.0170325
9 0.5515723 0.2324444 0.0264715 0.0170325
27 0.2146620 0.2937614 0.0264715 0.0170325
27 0.4841903 0.2324444 0.0264715 0.0170325
29 0.4168082 0.3550784 0.0264715 0.0170325
31 0.2820441 0.2937614 0.0264715 0.0170325
3 0.2146620 0.2324444 0.0264715 0.0170325
28 0.4168082 0.2324444 0.0264715 0.0170325
