26 0.2863659 0.4435661 0.0271884 0.0161733
9 0.5631927 0.6764620 0.0271884 0.0161734
32 0.4958398 0.5066421 0.5005128 0.4140370
33 0.4946040 0.3276573 0.4535510 0.0150951
31 0.7016061 0.3853422 0.0271884 0.0161733
10 0.7016061 0.4435661 0.0271884 0.0161733
16 0.2863659 0.5017901 0.0271884 0.0161733
7 0.3555726 0.5600141 0.0271883 0.0161733
34 0.4247794 0.6176990 0.0642633 0.0582239
4 0.4247793 0.6182380 0.0271883 0.0161733
5 0.5631927 0.6182380 0.0271884 0.0161733
2 0.3555726 0.6182380 0.0271883 0.0161733
17 0.4927502 0.5600141 0.0271883 0.0161733
16 0.4927502 0.3853422 0.0271883 0.0161733
8 0.5631927 0.4435661 0.0271884 0.0161733
22 0.5631927 0.5600141 0.0271884 0.0161733
27 0.3555726 0.4435661 0.0271883 0.0161733
19 0.7016061 0.5600141 0.0271884 0.0161733
28 0.2863659 0.3853422 0.0271884 0.0161733
11 0.6323994 0.5017901 0.0271884 0.0161733
25 0.4247793 0.3853422 0.0271883 0.0161733
8 0.7016061 0.5017901 0.0271884 0.0161733
20 0.6323994 0.5600141 0.0271884 0.0161733
19 0.7016061 0.6764620 0.0271884 0.0161734
14 0.5631927 0.3853422 0.0271884 0.0161733
22 0.2863659 0.6182380 0.0271884 0.0161733
10 0.4247793 0.5600141 0.0271883 0.0161733
7 0.4927502 0.4435661 0.0271883 0.0161733
30 0.4927502 0.6764620 0.0271883 0.0161734
22 0.4247793 0.4435661 0.0271883 0.0161733
16 0.2863659 0.6764620 0.0271884 0.0161734
9 0.2863659 0.5600141 0.0271884 0.0161733
3 0.6323994 0.6182380 0.0271884 0.0161733
6 0.3555726 0.3853422 0.0271883 0.0161733
13 0.5631927 0.5017901 0.0271884 0.0161733
22 0.3555726 0.6764620 0.0271883 0.0161734
9 0.4927502 0.5017901 0.0271883 0.0161733
1 0.3555726 0.5017901 0.0271883 0.0161733
21 0.6323994 0.6764620 0.0271884 0.0161734
19 0.6323994 0.4435661 0.0271884 0.0161733
29 0.6323994 0.3853422 0.0271884 0.0161733
8 0.4927502 0.6182380 0.0271883 0.0161733
8 0.7016061 0.6182380 0.0271884 0.0161733
27 0.4247793 0.6764620 0.0271883 0.0161734
19 0.4247793 0.5017901 0.0271883 0.0161733
