17 0.2429254 0.4587742 0.0261464 0.0166078
14 0.1763712 0.3391981 0.0261463 0.0166078
32 0.3778167 0.4637566 0.4813302 0.4251597
33 0.3766283 0.2799636 0.4361684 0.0155006
34 0.3094797 0.4582207 0.0618004 0.0597881
16 0.3094797 0.4587742 0.0261463 0.0166078
1 0.1763712 0.5185623 0.0261463 0.0166078
30 0.3094797 0.5783504 0.0261463 0.0166078
14 0.5756969 0.5783504 0.0261464 0.0166078
23 0.2429254 0.6381384 0.0261464 0.0166078
24 0.3094797 0.6381384 0.0261463 0.0166078
26 0.3748455 0.3391981 0.0261463 0.0166078
25 0.3748455 0.5185623 0.0261463 0.0166078
17 0.5091426 0.5185623 0.0261464 0.0166078
7 0.3094797 0.3391981 0.0261463 0.0166078
16 0.4425883 0.5185623 0.0261463 0.0166078
4 0.1763712 0.5783504 0.0261463 0.0166078
26 0.3094797 0.5185623 0.0261463 0.0166078
25 0.1763712 0.4587742 0.0261463 0.0166078
21 0.2429254 0.3989861 0.0261464 0.0166078
2 0.5756969 0.5185623 0.0261464 0.0166078
11 0.5756969 0.4587742 0.0261464 0.0166078
2 0.4425883 0.3391981 0.0261463 0.0166078
9 0.5756969 0.3989861 0.0261464 0.0166078
31 0.5756969 0.6381384 0.0261464 0.0166078
19 0.5091426 0.3989861 0.0261464 0.0166078
28 0.2429254 0.5783504 0.0261464 0.0166078
1 0.4425883 0.4587742 0.0261463 0.0166078
7 0.5091426 0.6381384 0.0261464 0.0166078
30 0.1763712 0.3989861 0.0261463 0.0166078
7 0.4425883 0.5783504 0.0261463 0.0166078
8 0.2429254 0.3391981 0.0261464 0.0166078
13 0.5756969 0.3391981 0.0261464 0.0166078
8 0.5091426 0.5783504 0.0261464 0.0166078
13 0.3748455 0.3989861 0.0261463 0.0166078
11 0.3748455 0.5783504 0.0261463 0.0166078
7 0.1763712 0.6381384 0.0261463 0.0166078
25 0.4425883 0.6381384 0.0261463 0.0166078
18 0.4425883 0.3989861 0.0261463 0.0166078
8 0.5091426 0.4587742 0.0261464 0.0166078
29 0.3748455 0.6381384 0.0261463 0.0166078
27 0.2429254 0.5185623 0.0261464 0.0166078
25 0.3094797 0.3989861 0.0261463 0.0166078
16 0.5091426 0.3391981 0.0261464 0.0166078
31 0.3748455 0.4587742 0.0261463 0.0166078
