19 0.0561475 0.4394756 0.0285181 0.0168438
28 0.4916969 0.3788380 0.0285181 0.0168438
32 0.2758666 0.5051664 0.5249926 0.4312010
33 0.2745703 0.3187618 0.4757340 0.0157209
17 0.2013306 0.4394756 0.0285181 0.0168438
34 0.4916969 0.4389142 0.0674065 0.0606376
31 0.4916969 0.4394756 0.0285181 0.0168438
24 0.4916969 0.5001133 0.0285181 0.0168438
20 0.3465137 0.5607509 0.0285181 0.0168438
6 0.2013306 0.6213886 0.0285181 0.0168437
30 0.3465137 0.6820262 0.0285181 0.0168438
9 0.2726259 0.5001133 0.0285181 0.0168438
31 0.2726259 0.6820262 0.0285181 0.0168438
31 0.1287390 0.6820262 0.0285181 0.0168438
9 0.4191053 0.5607509 0.0285181 0.0168438
24 0.2013306 0.5001133 0.0285181 0.0168438
5 0.2013306 0.6820262 0.0285181 0.0168438
25 0.2726259 0.3788380 0.0285181 0.0168438
2 0.1287390 0.4394756 0.0285181 0.0168438
26 0.4191053 0.3788380 0.0285181 0.0168438
14 0.3465137 0.5001133 0.0285181 0.0168438
30 0.1287390 0.6213886 0.0285181 0.0168437
29 0.0561475 0.5607509 0.0285181 0.0168438
12 0.0561475 0.5001133 0.0285181 0.0168438
11 0.4191053 0.6213886 0.0285181 0.0168437
3 0.4191053 0.6820262 0.0285181 0.0168438
7 0.1287390 0.5001133 0.0285181 0.0168438
13 0.4916969 0.6820262 0.0285181 0.0168438
25 0.2013306 0.3788380 0.0285181 0.0168438
16 0.2726259 0.6213886 0.0285181 0.0168437
2 0.3465137 0.4394756 0.0285181 0.0168438
2 0.2726259 0.4394756 0.0285181 0.0168438
18 0.4916969 0.5607509 0.0285181 0.0168438
30 0.0561475 0.6213886 0.0285181 0.0168437
10 0.4191053 0.4394756 0.0285181 0.0168438
9 0.4916969 0.6213886 0.0285181 0.0168437
27 0.3465137 0.6213886 0.0285181 0.0168437
4 0.0561475 0.6820262 0.0285181 0.0168438
24 0.2013306 0.5607509 0.0285181 0.0168438
3 0.1287390 0.3788380 0.0285181 0.0168438
2 0.2726259 0.5607509 0.0285181 0.0168438
29 0.4191053 0.5001133 0.0285181 0.0168438
29 0.0561475 0.3788380 0.0285181 0.0168438
16 0.3465137 0.3788380 0.0285181 0.0168438
26 0.1287390 0.5607509 0.0285181 0.0168438
