28 0.5915757 0.5402995 0.0276341 0.0161639
27 0.7335144 0.4821096 0.0276340 0.0161638
32 0.5947160 0.4287689 0.5087181 0.4137946
33 0.5934599 0.2498889 0.4609866 0.0150863
11 0.4521493 0.3075400 0.0276341 0.0161638
34 0.5915757 0.3070012 0.0653169 0.0581899
20 0.5915757 0.3075400 0.0276341 0.0161638
12 0.7335144 0.3075400 0.0276340 0.0161638
25 0.8038557 0.3075400 0.0276341 0.0161638
6 0.3818080 0.5402995 0.0276340 0.0161639
13 0.8038557 0.5984893 0.0276341 0.0161639
16 0.5224905 0.5984893 0.0276341 0.0161639
21 0.3818080 0.3075400 0.0276340 0.0161638
9 0.5915757 0.5984893 0.0276341 0.0161639
2 0.5224905 0.4821096 0.0276341 0.0161638
14 0.5224905 0.3075400 0.0276341 0.0161638
24 0.4521493 0.5402995 0.0276341 0.0161639
18 0.4521493 0.4239197 0.0276341 0.0161639
31 0.3818080 0.5984893 0.0276340 0.0161639
8 0.5915757 0.3657299 0.0276341 0.0161639
12 0.8038557 0.4239197 0.0276341 0.0161639
9 0.3818080 0.4239197 0.0276340 0.0161639
27 0.7335144 0.5984893 0.0276340 0.0161639
21 0.5224905 0.5402995 0.0276341 0.0161639
29 0.7335144 0.4239197 0.0276340 0.0161639
7 0.6631731 0.5984893 0.0276340 0.0161639
7 0.4521493 0.5984893 0.0276341 0.0161639
31 0.8038557 0.4821096 0.0276341 0.0161638
6 0.5224905 0.4239197 0.0276341 0.0161639
17 0.8038557 0.3657299 0.0276341 0.0161639
10 0.6631731 0.3075400 0.0276340 0.0161638
26 0.6631731 0.4239197 0.0276340 0.0161639
6 0.8038557 0.5402995 0.0276341 0.0161639
15 0.4521493 0.3657299 0.0276341 0.0161639
31 0.5224905 0.3657299 0.0276341 0.0161639
28 0.7335144 0.3657299 0.0276340 0.0161639
2 0.4521493 0.4821096 0.0276341 0.0161638
28 0.7335144 0.5402995 0.0276340 0.0161639
2 0.5915757 0.4239197 0.0276341 0.0161639
8 0.3818080 0.4821096 0.0276340 0.0161638
8 0.3818080 0.3657299 0.0276340 0.0161639
9 0.5915757 0.4821096 0.0276341 0.0161638
7 0.6631731 0.5402995 0.0276340 0.0161639
30 0.6631731 0.3657299 0.0276340 0.0161639
15 0.6631731 0.4821096 0.0276340 0.0161638
