22 0.3392432 0.6183480 0.0285573 0.0159616
20 0.3392432 0.7907335 0.0285573 0.0159616
32 0.2684991 0.6231364 0.5257134 0.4086176
33 0.2672010 0.4464944 0.4763872 0.0148975
1 0.1211695 0.5608861 0.0285573 0.0159616
7 0.4119345 0.5608861 0.0285573 0.0159616
18 0.2652539 0.6183480 0.0285573 0.0159616
20 0.1938607 0.7332716 0.0285573 0.0159616
34 0.2652539 0.7327396 0.0674990 0.0574619
18 0.2652539 0.7332716 0.0285573 0.0159616
16 0.4119345 0.7907335 0.0285573 0.0159616
25 0.4119345 0.7332716 0.0285573 0.0159616
9 0.2652539 0.7907335 0.0285573 0.0159616
9 0.3392432 0.5608861 0.0285573 0.0159616
13 0.4846257 0.7332716 0.0285573 0.0159616
27 0.0484783 0.7907335 0.0285573 0.0159616
25 0.0484783 0.6758097 0.0285573 0.0159616
15 0.1938607 0.5034242 0.0285573 0.0159616
3 0.4846257 0.7907335 0.0285573 0.0159616
16 0.3392432 0.6758097 0.0285573 0.0159616
7 0.1211695 0.6183480 0.0285573 0.0159616
11 0.1211695 0.7907335 0.0285573 0.0159616
17 0.4119345 0.6183480 0.0285573 0.0159616
27 0.2652539 0.5034242 0.0285573 0.0159616
4 0.2652539 0.5608861 0.0285573 0.0159616
27 0.4119345 0.6758097 0.0285573 0.0159616
1 0.4846257 0.5608861 0.0285573 0.0159616
14 0.3392432 0.5034242 0.0285573 0.0159616
12 0.1211695 0.5034242 0.0285573 0.0159616
11 0.0484783 0.7332716 0.0285573 0.0159616
17 0.1938607 0.5608861 0.0285573 0.0159616
14 0.1211695 0.6758097 0.0285573 0.0159616
13 0.4846257 0.5034242 0.0285573 0.0159616
31 0.4119345 0.5034242 0.0285573 0.0159616
8 0.3392432 0.7332716 0.0285573 0.0159616
5 0.0484783 0.5608861 0.0285573 0.0159616
27 0.4846257 0.6183480 0.0285573 0.0159616
16 0.0484783 0.5034242 0.0285573 0.0159616
11 0.1938607 0.7907335 0.0285573 0.0159616
5 0.0484783 0.6183480 0.0285573 0.0159616
17 0.1211695 0.7332716 0.0285573 0.0159616
10 0.1938607 0.6183480 0.0285573 0.0159616
14 0.4846257 0.6758097 0.0285573 0.0159616
8 0.1938607 0.6758097 0.0285573 0.0159616
22 0.2652539 0.6758097 0.0285573 0.0159616
