18 0.5978562 0.5018892 0.0262205 0.0166581
6 0.3308839 0.4419198 0.0262205 0.0166582
32 0.4661578 0.5068866 0.4826955 0.4264488
33 0.4649660 0.3225364 0.4374056 0.0155476
9 0.3976270 0.3819505 0.0262205 0.0166582
6 0.4631782 0.3819505 0.0262205 0.0166582
11 0.3308839 0.5618585 0.0262205 0.0166581
31 0.5311131 0.5618585 0.0262205 0.0166581
10 0.3308839 0.6218279 0.0262205 0.0166582
34 0.3976270 0.6812420 0.0619757 0.0599693
8 0.3976270 0.6817973 0.0262205 0.0166582
9 0.6645993 0.5618585 0.0262204 0.0166581
12 0.2641408 0.4419198 0.0262205 0.0166582
3 0.2641408 0.6817973 0.0262205 0.0166582
17 0.3976270 0.5018892 0.0262205 0.0166581
27 0.4631782 0.5618585 0.0262205 0.0166581
16 0.5311131 0.4419198 0.0262205 0.0166582
8 0.5978562 0.4419198 0.0262205 0.0166582
6 0.4631782 0.6218279 0.0262205 0.0166582
13 0.6645993 0.6218279 0.0262204 0.0166582
10 0.2641408 0.5618585 0.0262205 0.0166581
28 0.6645993 0.6817973 0.0262204 0.0166582
2 0.5311131 0.6218279 0.0262205 0.0166582
13 0.3308839 0.6817973 0.0262205 0.0166582
9 0.5311131 0.5018892 0.0262205 0.0166581
11 0.4631782 0.5018892 0.0262205 0.0166581
12 0.4631782 0.4419198 0.0262205 0.0166582
30 0.2641408 0.5018892 0.0262205 0.0166581
1 0.6645993 0.5018892 0.0262204 0.0166581
9 0.5978562 0.6817973 0.0262205 0.0166582
20 0.5311131 0.6817973 0.0262205 0.0166582
13 0.2641408 0.3819505 0.0262205 0.0166582
28 0.3976270 0.4419198 0.0262205 0.0166582
7 0.3976270 0.6218279 0.0262205 0.0166582
15 0.5311131 0.3819505 0.0262205 0.0166582
14 0.3976270 0.5618585 0.0262205 0.0166581
10 0.2641408 0.6218279 0.0262205 0.0166582
15 0.5978562 0.3819505 0.0262205 0.0166582
29 0.4631782 0.6817973 0.0262205 0.0166582
4 0.6645993 0.4419198 0.0262204 0.0166582
17 0.3308839 0.5018892 0.0262205 0.0166581
8 0.5978562 0.5618585 0.0262205 0.0166581
14 0.5978562 0.6218279 0.0262205 0.0166582
11 0.3308839 0.3819505 0.0262205 0.0166582
9 0.6645993 0.3819505 0.0262204 0.0166582
