11 0.6819424 0.4951181 0.0266130 0.0162785
12 0.4109745 0.5537207 0.0266129 0.0162785
32 0.6160149 0.4413991 0.4899196 0.4167294
33 0.6148052 0.2612505 0.4439518 0.0151932
20 0.4787165 0.3193104 0.0266129 0.0162785
3 0.8174263 0.3779130 0.0266129 0.0162785
25 0.5464584 0.4365156 0.0266129 0.0162785
17 0.7496843 0.5537207 0.0266129 0.0162785
34 0.4781116 0.6117807 0.0616936 0.0586026
20 0.4787165 0.6123233 0.0266129 0.0162785
27 0.8174263 0.6123233 0.0266129 0.0162785
8 0.7496843 0.4951181 0.0266129 0.0162785
15 0.6819424 0.3779130 0.0266130 0.0162785
26 0.6129907 0.3193104 0.0266129 0.0162785
19 0.5464584 0.3779130 0.0266129 0.0162785
28 0.4787165 0.3779130 0.0266129 0.0162785
21 0.6819424 0.4365156 0.0266130 0.0162785
15 0.6129907 0.5537207 0.0266129 0.0162785
16 0.6819424 0.3193104 0.0266130 0.0162785
20 0.4109745 0.3779130 0.0266129 0.0162785
24 0.5464584 0.4951181 0.0266129 0.0162785
24 0.4109745 0.3193104 0.0266129 0.0162785
11 0.8174263 0.4951181 0.0266129 0.0162785
11 0.4787165 0.5537207 0.0266129 0.0162785
19 0.8174263 0.5537207 0.0266129 0.0162785
2 0.7496843 0.6123233 0.0266129 0.0162785
16 0.8174263 0.4365156 0.0266129 0.0162785
12 0.6129907 0.3779130 0.0266129 0.0162785
22 0.7496843 0.3193104 0.0266129 0.0162785
27 0.5464584 0.6123233 0.0266129 0.0162785
27 0.5464584 0.3193104 0.0266129 0.0162785
3 0.6129907 0.6123233 0.0266129 0.0162785
6 0.6129907 0.4365156 0.0266129 0.0162785
7 0.5464584 0.5537207 0.0266129 0.0162785
27 0.4787165 0.4365156 0.0266129 0.0162785
6 0.4109745 0.6123233 0.0266129 0.0162785
17 0.4109745 0.4951181 0.0266129 0.0162785
4 0.4787165 0.4951181 0.0266129 0.0162785
2 0.6129907 0.4951181 0.0266129 0.0162785
24 0.6819424 0.5537207 0.0266130 0.0162785
30 0.7496843 0.4365156 0.0266129 0.0162785
18 0.8174263 0.3193104 0.0266129 0.0162785
13 0.7496843 0.3779130 0.0266129 0.0162785
14 0.6819424 0.6123233 0.0266130 0.0162785
28 0.4109745 0.4365156 0.0266129 0.0162785
