10 0.5817476 0.7349993 0.0276582 0.0166611
5 0.7942133 0.6150395 0.0276583 0.0166611
32 0.5848906 0.6200379 0.5091632 0.4265236
33 0.5836334 0.4356553 0.4613898 0.0155503
27 0.5126020 0.4950798 0.0276582 0.0166611
13 0.3717963 0.5550597 0.0276583 0.0166611
31 0.5817476 0.5550597 0.0276582 0.0166611
4 0.4421992 0.6150395 0.0276582 0.0166611
34 0.7231818 0.6744640 0.0641169 0.0599798
2 0.7238104 0.6750195 0.0276582 0.0166611
30 0.6534076 0.7349993 0.0276583 0.0166611
17 0.6534076 0.4950798 0.0276583 0.0166611
24 0.5126020 0.6150395 0.0276582 0.0166611
4 0.4421992 0.5550597 0.0276582 0.0166611
8 0.5817476 0.6750195 0.0276582 0.0166611
19 0.4421992 0.7349993 0.0276582 0.0166611
9 0.7942133 0.6750195 0.0276583 0.0166611
15 0.5126020 0.6750195 0.0276582 0.0166611
20 0.4421992 0.4950798 0.0276582 0.0166611
11 0.4421992 0.7949792 0.0276582 0.0166611
6 0.7942133 0.7349993 0.0276583 0.0166611
8 0.6534076 0.6750195 0.0276583 0.0166611
14 0.7942133 0.4950798 0.0276583 0.0166611
3 0.5817476 0.6150395 0.0276582 0.0166611
4 0.7942133 0.7949792 0.0276583 0.0166611
22 0.5817476 0.4950798 0.0276582 0.0166611
6 0.5126020 0.7949792 0.0276582 0.0166611
20 0.3717963 0.7949792 0.0276583 0.0166611
22 0.7238104 0.7349993 0.0276582 0.0166611
6 0.3717963 0.7349993 0.0276583 0.0166611
12 0.6534076 0.7949792 0.0276583 0.0166611
1 0.6534076 0.5550597 0.0276583 0.0166611
1 0.7238104 0.6150395 0.0276582 0.0166611
11 0.7942133 0.5550597 0.0276583 0.0166611
6 0.5126020 0.5550597 0.0276582 0.0166611
5 0.3717963 0.6150395 0.0276583 0.0166611
29 0.3717963 0.4950798 0.0276583 0.0166611
16 0.7238104 0.7949792 0.0276582 0.0166611
22 0.5817476 0.7949792 0.0276582 0.0166611
2 0.7238104 0.4950798 0.0276582 0.0166611
12 0.7238104 0.5550597 0.0276582 0.0166611
12 0.5126020 0.7349993 0.0276582 0.0166611
13 0.3717963 0.6750195 0.0276583 0.0166611
11 0.6534076 0.6150395 0.0276583 0.0166611
29 0.4421992 0.6750195 0.0276582 0.0166611
