24 0.4897633 0.6939867 0.0279684 0.0171803
9 0.5609557 0.5702883 0.0279684 0.0171803
32 0.6340550 0.5135932 0.5148734 0.4398165
33 0.6327837 0.3234642 0.4665643 0.0160350
5 0.7033405 0.4465899 0.0279684 0.0171804
7 0.4897633 0.5084391 0.0279684 0.0171803
11 0.7745328 0.5702883 0.0279684 0.0171803
19 0.4185709 0.6321375 0.0279684 0.0171804
21 0.7033405 0.6321375 0.0279684 0.0171804
34 0.8457252 0.6315648 0.0661072 0.0618492
25 0.8457252 0.6321375 0.0279684 0.0171804
25 0.5609557 0.5084391 0.0279684 0.0171803
13 0.8457252 0.5702883 0.0279684 0.0171803
11 0.4185709 0.5702883 0.0279684 0.0171803
26 0.4897633 0.6321375 0.0279684 0.0171804
30 0.5609557 0.3847407 0.0279684 0.0171803
22 0.5609557 0.6939867 0.0279684 0.0171803
10 0.4897633 0.5702883 0.0279684 0.0171803
17 0.6308768 0.6321375 0.0279684 0.0171804
11 0.5609557 0.4465899 0.0279684 0.0171804
6 0.7033405 0.6939867 0.0279684 0.0171803
30 0.7745328 0.5084391 0.0279684 0.0171803
22 0.4185709 0.4465899 0.0279684 0.0171804
24 0.8457252 0.5084391 0.0279684 0.0171803
8 0.6308768 0.6939867 0.0279684 0.0171803
17 0.4185709 0.3847407 0.0279684 0.0171803
11 0.8457252 0.4465899 0.0279684 0.0171804
24 0.7745328 0.6939867 0.0279684 0.0171803
10 0.8457252 0.6939867 0.0279684 0.0171803
2 0.6308768 0.5702883 0.0279684 0.0171803
21 0.6308768 0.5084391 0.0279684 0.0171803
28 0.7033405 0.3847407 0.0279684 0.0171803
25 0.7033405 0.5084391 0.0279684 0.0171803
24 0.4185709 0.5084391 0.0279684 0.0171803
24 0.4185709 0.6939867 0.0279684 0.0171803
20 0.4897633 0.3847407 0.0279684 0.0171803
5 0.7745328 0.3847407 0.0279684 0.0171803
18 0.5609557 0.6321375 0.0279684 0.0171804
8 0.7745328 0.4465899 0.0279684 0.0171804
18 0.7745328 0.6321375 0.0279684 0.0171804
15 0.7033405 0.5702883 0.0279684 0.0171803
15 0.6308768 0.3847407 0.0279684 0.0171803
13 0.8457252 0.3847407 0.0279684 0.0171803
29 0.4897633 0.4465899 0.0279684 0.0171804
25 0.6308768 0.4465899 0.0279684 0.0171804
