15 0.6163665 0.2750713 0.0280509 0.0169775
22 0.3307577 0.5806669 0.0280509 0.0169775
32 0.4754747 0.4024028 0.5163910 0.4346249
33 0.4741996 0.2145181 0.4679395 0.0158457
25 0.3307577 0.2750713 0.0280509 0.0169775
34 0.4021599 0.2745054 0.0663021 0.0611191
18 0.4021599 0.2750713 0.0280509 0.0169775
31 0.4021599 0.3973096 0.0280509 0.0169775
19 0.6877687 0.5195478 0.0280509 0.0169775
12 0.4021599 0.5806669 0.0280509 0.0169775
9 0.6163665 0.5806669 0.0280509 0.0169775
5 0.6163665 0.4584287 0.0280509 0.0169775
17 0.5449643 0.3361904 0.0280509 0.0169775
20 0.2593555 0.2750713 0.0280509 0.0169775
11 0.4722871 0.3973096 0.0280508 0.0169775
27 0.2593555 0.4584287 0.0280509 0.0169775
15 0.4021599 0.5195478 0.0280509 0.0169775
21 0.4722871 0.5195478 0.0280508 0.0169775
31 0.4722871 0.5806669 0.0280508 0.0169775
31 0.6163665 0.3361904 0.0280509 0.0169775
4 0.6877687 0.5806669 0.0280509 0.0169775
21 0.2593555 0.5195478 0.0280509 0.0169775
9 0.2593555 0.3973096 0.0280509 0.0169775
20 0.5449643 0.4584287 0.0280509 0.0169775
16 0.2593555 0.5806669 0.0280509 0.0169775
17 0.2593555 0.3361904 0.0280509 0.0169775
17 0.5449643 0.5806669 0.0280509 0.0169775
8 0.4722871 0.2750713 0.0280508 0.0169775
3 0.3307577 0.5195478 0.0280509 0.0169775
7 0.5449643 0.3973096 0.0280509 0.0169775
20 0.4722871 0.3361904 0.0280508 0.0169775
29 0.4021599 0.3361904 0.0280509 0.0169775
21 0.6877687 0.4584287 0.0280509 0.0169775
14 0.3307577 0.3973096 0.0280509 0.0169775
6 0.6877687 0.3973096 0.0280509 0.0169775
16 0.5449643 0.2750713 0.0280509 0.0169775
25 0.4021599 0.4584287 0.0280509 0.0169775
30 0.6163665 0.3973096 0.0280509 0.0169775
28 0.6877687 0.3361904 0.0280509 0.0169775
29 0.6877687 0.2750713 0.0280509 0.0169775
27 0.4722871 0.4584287 0.0280508 0.0169775
11 0.3307577 0.3361904 0.0280509 0.0169775
16 0.3307577 0.4584287 0.0280509 0.0169775
2 0.6163665 0.5195478 0.0280509 0.0169775
17 0.5449643 0.5195478 0.0280509 0.0169775
