10 0.4360104 0.2960455 0.0287892 0.0167995
20 0.5106006 0.2355675 0.0287892 0.0167995
32 0.4392820 0.3615634 0.5299828 0.4300661
33 0.4379733 0.1756494 0.4802560 0.0156795
18 0.3640375 0.2355675 0.0287892 0.0167995
34 0.5832279 0.3559636 0.0667385 0.0604780
24 0.5838822 0.3565236 0.0287892 0.0167995
27 0.5838822 0.4170016 0.0287892 0.0167995
1 0.6571638 0.4170016 0.0287892 0.0167995
9 0.6571638 0.4774797 0.0287892 0.0167995
20 0.5838822 0.5379577 0.0287892 0.0167995
12 0.5106006 0.2960455 0.0287892 0.0167995
17 0.3640375 0.5379577 0.0287892 0.0167995
16 0.5838822 0.4774797 0.0287892 0.0167995
12 0.2174743 0.2960455 0.0287892 0.0167995
3 0.2174743 0.5379577 0.0287892 0.0167995
29 0.3640375 0.2960455 0.0287892 0.0167995
24 0.2174743 0.3565236 0.0287892 0.0167995
31 0.2907559 0.2960455 0.0287892 0.0167995
15 0.2174743 0.4170016 0.0287892 0.0167995
21 0.4360104 0.4774797 0.0287892 0.0167995
20 0.3640375 0.4774797 0.0287892 0.0167995
2 0.4360104 0.5379577 0.0287892 0.0167995
1 0.2907559 0.4170016 0.0287892 0.0167995
31 0.4360104 0.3565236 0.0287892 0.0167995
24 0.3640375 0.3565236 0.0287892 0.0167995
29 0.6571638 0.3565236 0.0287892 0.0167995
8 0.4360104 0.2355675 0.0287892 0.0167995
21 0.6571638 0.2960455 0.0287892 0.0167995
12 0.4360104 0.4170016 0.0287892 0.0167995
27 0.5106006 0.4774797 0.0287892 0.0167995
31 0.6571638 0.5379577 0.0287892 0.0167995
26 0.5838822 0.2355675 0.0287892 0.0167995
19 0.5106006 0.5379577 0.0287892 0.0167995
18 0.2907559 0.3565236 0.0287892 0.0167995
15 0.2174743 0.2355675 0.0287892 0.0167995
9 0.5106006 0.3565236 0.0287892 0.0167995
24 0.2907559 0.4774797 0.0287892 0.0167995
31 0.2174743 0.4774797 0.0287892 0.0167995
18 0.3640375 0.4170016 0.0287892 0.0167995
1 0.2907559 0.5379577 0.0287892 0.0167995
17 0.6571638 0.2355675 0.0287892 0.0167995
25 0.5838822 0.2960455 0.0287892 0.0167995
19 0.5106006 0.4170016 0.0287892 0.0167995
30 0.2907559 0.2355675 0.0287892 0.0167995
