16 0.4072537 0.3493088 0.0283865 0.0159597
10 0.3349971 0.4067638 0.0283865 0.0159597
32 0.4814457 0.3540967 0.5225697 0.4085692
33 0.4801554 0.1774757 0.4735384 0.0148958
1 0.6240233 0.2918537 0.0283865 0.0159597
19 0.6962799 0.3493088 0.0283865 0.0159597
25 0.4072537 0.4067638 0.0283865 0.0159597
34 0.2627406 0.4636869 0.0670954 0.0574550
11 0.2627406 0.4642189 0.0283865 0.0159597
15 0.4072537 0.4642189 0.0283865 0.0159597
29 0.5517668 0.4642189 0.0283865 0.0159597
22 0.5517668 0.2918537 0.0283865 0.0159597
2 0.2627406 0.3493088 0.0283865 0.0159597
6 0.6240233 0.5216739 0.0283865 0.0159597
2 0.2627406 0.2343987 0.0283865 0.0159597
4 0.3349971 0.5216739 0.0283865 0.0159597
18 0.4782199 0.2343987 0.0283865 0.0159597
30 0.6962799 0.4642189 0.0283865 0.0159597
17 0.5517668 0.3493088 0.0283865 0.0159597
5 0.6962799 0.5216739 0.0283865 0.0159597
26 0.3349971 0.4642189 0.0283865 0.0159597
9 0.6240233 0.3493088 0.0283865 0.0159597
29 0.2627406 0.4067638 0.0283865 0.0159597
13 0.6962799 0.4067638 0.0283865 0.0159597
17 0.5517668 0.4067638 0.0283865 0.0159597
15 0.6962799 0.2343987 0.0283865 0.0159597
3 0.6962799 0.2918537 0.0283865 0.0159597
10 0.5517668 0.2343987 0.0283865 0.0159597
12 0.5517668 0.5216739 0.0283865 0.0159597
13 0.3349971 0.2918537 0.0283865 0.0159597
1 0.3349971 0.3493088 0.0283865 0.0159597
6 0.4782199 0.4067638 0.0283865 0.0159597
8 0.4782199 0.3493088 0.0283865 0.0159597
17 0.6240233 0.4067638 0.0283865 0.0159597
25 0.4782199 0.4642189 0.0283865 0.0159597
2 0.4072537 0.2343987 0.0283865 0.0159597
19 0.3349971 0.2343987 0.0283865 0.0159597
3 0.2627406 0.5216739 0.0283865 0.0159597
11 0.4782199 0.2918537 0.0283865 0.0159597
31 0.4072537 0.5216739 0.0283865 0.0159597
1 0.4782199 0.5216739 0.0283865 0.0159597
17 0.6240233 0.2343987 0.0283865 0.0159597
11 0.2627406 0.2918537 0.0283865 0.0159597
19 0.4072537 0.2918537 0.0283865 0.0159597
16 0.6240233 0.4642189 0.0283865 0.0159597
