21 0.1347489 0.6854881 0.0270114 0.0169733
4 0.4785301 0.5021760 0.0270114 0.0169733
32 0.2741031 0.5683721 0.4972549 0.4345176
33 0.2728753 0.3805338 0.4505989 0.0158418
20 0.2710336 0.5021760 0.0270114 0.0169733
34 0.1341350 0.5627143 0.0626173 0.0611041
20 0.1347489 0.5632801 0.0270114 0.0169733
9 0.3410176 0.5632801 0.0270114 0.0169733
15 0.2710336 0.6243841 0.0270114 0.0169734
24 0.4097739 0.6243841 0.0270114 0.0169734
5 0.2035052 0.7465922 0.0270114 0.0169733
12 0.3410176 0.6243841 0.0270114 0.0169734
17 0.0659927 0.7465922 0.0270114 0.0169733
24 0.0659927 0.5021760 0.0270114 0.0169733
6 0.4097739 0.6854881 0.0270114 0.0169733
24 0.3410176 0.4410720 0.0270114 0.0169733
14 0.0659927 0.6243841 0.0270114 0.0169734
10 0.1347489 0.5021760 0.0270114 0.0169733
1 0.1347489 0.4410720 0.0270114 0.0169733
29 0.3410176 0.5021760 0.0270114 0.0169733
6 0.4785301 0.4410720 0.0270114 0.0169733
11 0.0659927 0.6854881 0.0270114 0.0169733
2 0.4785301 0.7465922 0.0270114 0.0169733
30 0.2710336 0.6854881 0.0270114 0.0169733
28 0.1347489 0.6243841 0.0270114 0.0169734
17 0.1347489 0.7465922 0.0270114 0.0169733
15 0.4097739 0.4410720 0.0270114 0.0169733
27 0.2710336 0.7465922 0.0270114 0.0169733
17 0.3410176 0.7465922 0.0270114 0.0169733
1 0.4785301 0.6243841 0.0270114 0.0169734
19 0.4097739 0.5632801 0.0270114 0.0169733
10 0.4785301 0.6854881 0.0270114 0.0169733
12 0.4097739 0.5021760 0.0270114 0.0169733
1 0.2710336 0.4410720 0.0270114 0.0169733
26 0.4785301 0.5632801 0.0270114 0.0169733
17 0.3410176 0.6854881 0.0270114 0.0169733
10 0.0659927 0.4410720 0.0270114 0.0169733
20 0.2035052 0.5021760 0.0270114 0.0169733
12 0.2710336 0.5632801 0.0270114 0.0169733
18 0.2035052 0.5632801 0.0270114 0.0169733
26 0.2035052 0.6854881 0.0270114 0.0169733
4 0.0659927 0.5632801 0.0270114 0.0169733
26 0.4097739 0.7465922 0.0270114 0.0169733
10 0.2035052 0.6243841 0.0270114 0.0169734
6 0.2035052 0.4410720 0.0270114 0.0169733
