29 0.7337804 0.4057054 0.0271996 0.0174082
8 0.4568387 0.5937145 0.0271996 0.0174082
32 0.5279287 0.5362672 0.5007204 0.4456510
33 0.5266924 0.3436160 0.4537393 0.0162477
5 0.5248378 0.5310448 0.0271996 0.0174082
3 0.5953096 0.5310448 0.0271996 0.0174082
29 0.6645450 0.5310448 0.0271996 0.0174082
31 0.5248378 0.5937145 0.0271996 0.0174082
22 0.7337804 0.6563841 0.0271996 0.0174082
34 0.7337804 0.7184735 0.0642900 0.0626697
6 0.7337804 0.7190538 0.0271996 0.0174082
9 0.5953096 0.4057054 0.0271996 0.0174082
29 0.7337804 0.5937145 0.0271996 0.0174082
18 0.4568387 0.6563841 0.0271996 0.0174082
5 0.5953096 0.4683751 0.0271996 0.0174082
2 0.6645450 0.4683751 0.0271996 0.0174082
7 0.6645450 0.5937145 0.0271996 0.0174082
18 0.3183679 0.5310448 0.0271996 0.0174082
25 0.4568387 0.4057054 0.0271996 0.0174082
7 0.6645450 0.7190538 0.0271996 0.0174082
10 0.5248378 0.6563841 0.0271996 0.0174082
14 0.3183679 0.5937145 0.0271996 0.0174082
17 0.3876033 0.4057054 0.0271996 0.0174082
22 0.6645450 0.6563841 0.0271996 0.0174082
26 0.5248378 0.4057054 0.0271996 0.0174082
31 0.3876033 0.5310448 0.0271996 0.0174082
29 0.7337804 0.5310448 0.0271996 0.0174082
19 0.3183679 0.7190538 0.0271996 0.0174082
5 0.3876033 0.6563841 0.0271996 0.0174082
28 0.3183679 0.6563841 0.0271996 0.0174082
14 0.3876033 0.5937145 0.0271996 0.0174082
17 0.5953096 0.5937145 0.0271996 0.0174082
15 0.5248378 0.7190538 0.0271996 0.0174082
4 0.4568387 0.7190538 0.0271996 0.0174082
22 0.5953096 0.7190538 0.0271996 0.0174082
4 0.3876033 0.7190538 0.0271996 0.0174082
24 0.3183679 0.4057054 0.0271996 0.0174082
16 0.3183679 0.4683751 0.0271996 0.0174082
4 0.7337804 0.4683751 0.0271996 0.0174082
20 0.4568387 0.4683751 0.0271996 0.0174082
31 0.5953096 0.6563841 0.0271996 0.0174082
3 0.4568387 0.5310448 0.0271996 0.0174082
27 0.3876033 0.4683751 0.0271996 0.0174082
4 0.6645450 0.4057054 0.0271996 0.0174082
26 0.5248378 0.4683751 0.0271996 0.0174082
