12 0.2543777 0.3507292 0.0274502 0.0163650
2 0.2543777 0.4685569 0.0274502 0.0163649
32 0.2574971 0.4734664 0.5053337 0.4189430
33 0.2562493 0.2923608 0.4579197 0.0152740
6 0.4652454 0.3507292 0.0274502 0.0163650
11 0.0460055 0.4096430 0.0274502 0.0163649
26 0.3254987 0.4685569 0.0274502 0.0163649
34 0.0460055 0.5858392 0.0648823 0.0589139
25 0.0460055 0.5863847 0.0274502 0.0163649
10 0.1857521 0.5863847 0.0274502 0.0163649
12 0.2543777 0.6452985 0.0274502 0.0163649
30 0.0460055 0.3507292 0.0274502 0.0163650
1 0.1857521 0.4685569 0.0274502 0.0163649
9 0.3254987 0.5863847 0.0274502 0.0163649
24 0.2543777 0.4096430 0.0274502 0.0163649
30 0.3254987 0.3507292 0.0274502 0.0163650
19 0.2543777 0.5274707 0.0274502 0.0163649
6 0.3953721 0.4096430 0.0274502 0.0163649
19 0.4652454 0.4685569 0.0274502 0.0163649
26 0.1158788 0.4685569 0.0274502 0.0163649
25 0.1857521 0.4096430 0.0274502 0.0163649
16 0.1857521 0.6452985 0.0274502 0.0163649
21 0.4652454 0.5863847 0.0274502 0.0163649
13 0.4652454 0.6452985 0.0274502 0.0163649
3 0.0460055 0.4685569 0.0274502 0.0163649
11 0.3254987 0.5274707 0.0274502 0.0163649
26 0.3953721 0.5863847 0.0274502 0.0163649
12 0.1857521 0.3507292 0.0274502 0.0163650
18 0.1857521 0.5274707 0.0274502 0.0163649
9 0.3953721 0.4685569 0.0274502 0.0163649
7 0.1158788 0.5274707 0.0274502 0.0163649
1 0.3953721 0.6452985 0.0274502 0.0163649
6 0.1158788 0.4096430 0.0274502 0.0163649
24 0.3953721 0.3507292 0.0274502 0.0163650
12 0.3953721 0.5274707 0.0274502 0.0163649
31 0.2543777 0.5863847 0.0274502 0.0163649
19 0.0460055 0.6452985 0.0274502 0.0163649
22 0.3254987 0.6452985 0.0274502 0.0163649
22 0.4652454 0.4096430 0.0274502 0.0163649
12 0.4652454 0.5274707 0.0274502 0.0163649
3 0.1158788 0.6452985 0.0274502 0.0163649
29 0.1158788 0.3507292 0.0274502 0.0163650
31 0.0460055 0.5274707 0.0274502 0.0163649
31 0.1158788 0.5863847 0.0274502 0.0163649
22 0.3254987 0.4096430 0.0274502 0.0163649
