20 0.5417470 0.3678515 0.0275353 0.0161915
2 0.4716571 0.6010097 0.0275353 0.0161915
32 0.4034447 0.4892881 0.5068999 0.4145035
33 0.4021931 0.3101017 0.4593390 0.0151121
15 0.2613876 0.3678515 0.0275353 0.0161915
21 0.6118369 0.3678515 0.0275353 0.0161915
11 0.1912977 0.4261411 0.0275353 0.0161915
8 0.5417470 0.4261411 0.0275353 0.0161915
34 0.3314774 0.5421805 0.0650835 0.0582896
6 0.3314774 0.5427202 0.0275353 0.0161915
18 0.2613876 0.6010097 0.0275353 0.0161915
4 0.4716571 0.6592993 0.0275353 0.0161915
15 0.4716571 0.5427202 0.0275353 0.0161915
17 0.5417470 0.4844306 0.0275353 0.0161915
15 0.3314774 0.4261411 0.0275353 0.0161915
7 0.4716571 0.4844306 0.0275353 0.0161915
9 0.4003157 0.6592993 0.0275353 0.0161915
1 0.4003157 0.3678515 0.0275353 0.0161915
9 0.5417470 0.6592993 0.0275353 0.0161915
27 0.3314774 0.6592993 0.0275353 0.0161915
18 0.3314774 0.3678515 0.0275353 0.0161915
15 0.6118369 0.6592993 0.0275353 0.0161915
28 0.4003157 0.5427202 0.0275353 0.0161915
15 0.4003157 0.4261411 0.0275353 0.0161915
22 0.4716571 0.3678515 0.0275353 0.0161915
22 0.3314774 0.4844306 0.0275353 0.0161915
30 0.2613876 0.5427202 0.0275353 0.0161915
6 0.6118369 0.4261411 0.0275353 0.0161915
6 0.4003157 0.4844306 0.0275353 0.0161915
6 0.5417470 0.6010097 0.0275353 0.0161915
26 0.6118369 0.5427202 0.0275353 0.0161915
20 0.6118369 0.6010097 0.0275353 0.0161915
30 0.1912977 0.4844306 0.0275353 0.0161915
5 0.2613876 0.4844306 0.0275353 0.0161915
10 0.1912977 0.5427202 0.0275353 0.0161915
13 0.1912977 0.6010097 0.0275353 0.0161915
16 0.5417470 0.5427202 0.0275353 0.0161915
3 0.2613876 0.6592993 0.0275353 0.0161915
14 0.1912977 0.6592993 0.0275353 0.0161915
22 0.3314774 0.6010097 0.0275353 0.0161915
16 0.1912977 0.3678515 0.0275353 0.0161915
6 0.6118369 0.4844306 0.0275353 0.0161915
24 0.4003157 0.6010097 0.0275353 0.0161915
2 0.2613876 0.4261411 0.0275353 0.0161915
2 0.4716571 0.4261411 0.0275353 0.0161915
