28 0.3628381 0.2603586 0.0282172 0.0165566
12 0.1486434 0.3795661 0.0282173 0.0165566
32 0.3660446 0.3845331 0.5194542 0.4238490
33 0.3647620 0.2013067 0.4707153 0.0154528
26 0.5077722 0.2603586 0.0282172 0.0165566
34 0.1486434 0.3194104 0.0666953 0.0596037
9 0.1486434 0.3199623 0.0282173 0.0165566
24 0.2204692 0.3795661 0.0282173 0.0165566
6 0.2922949 0.3795661 0.0282173 0.0165566
19 0.3628381 0.5583774 0.0282172 0.0165566
10 0.5077722 0.5583774 0.0282172 0.0165566
20 0.4359465 0.4987736 0.0282172 0.0165566
19 0.1486434 0.4987736 0.0282173 0.0165566
1 0.2922949 0.5583774 0.0282173 0.0165566
27 0.1486434 0.2603586 0.0282173 0.0165566
11 0.5795980 0.4391699 0.0282172 0.0165566
19 0.5795980 0.4987736 0.0282172 0.0165566
9 0.2922949 0.4987736 0.0282173 0.0165566
13 0.5077722 0.4987736 0.0282172 0.0165566
11 0.5077722 0.4391699 0.0282172 0.0165566
19 0.2204692 0.3199623 0.0282173 0.0165566
22 0.5795980 0.3795661 0.0282172 0.0165566
18 0.4359465 0.3199623 0.0282172 0.0165566
8 0.3628381 0.3199623 0.0282172 0.0165566
12 0.4359465 0.5583774 0.0282172 0.0165566
12 0.3628381 0.4987736 0.0282172 0.0165566
2 0.2922949 0.3199623 0.0282173 0.0165566
30 0.3628381 0.3795661 0.0282172 0.0165566
27 0.2922949 0.2603586 0.0282173 0.0165566
8 0.2204692 0.4391699 0.0282173 0.0165566
17 0.2204692 0.4987736 0.0282173 0.0165566
7 0.1486434 0.5583774 0.0282173 0.0165566
22 0.5077722 0.3795661 0.0282172 0.0165566
22 0.4359465 0.4391699 0.0282172 0.0165566
18 0.5795980 0.3199623 0.0282172 0.0165566
7 0.5795980 0.5583774 0.0282172 0.0165566
22 0.5077722 0.3199623 0.0282172 0.0165566
3 0.2204692 0.2603586 0.0282173 0.0165566
15 0.1486434 0.4391699 0.0282173 0.0165566
24 0.4359465 0.2603586 0.0282172 0.0165566
9 0.4359465 0.3795661 0.0282172 0.0165566
4 0.5795980 0.2603586 0.0282172 0.0165566
3 0.3628381 0.4391699 0.0282172 0.0165566
1 0.2204692 0.5583774 0.0282173 0.0165566
24 0.2922949 0.4391699 0.0282173 0.0165566
