11 0.6257271 0.5276625 0.0269575 0.0170362
30 0.6955714 0.5276625 0.0269575 0.0170362
32 0.6287904 0.3487822 0.4962629 0.4361269
33 0.6275651 0.1602482 0.4496999 0.0159004
29 0.8328096 0.2210107 0.0269574 0.0170362
4 0.5583334 0.2823410 0.0269575 0.0170362
14 0.6955714 0.2823410 0.0269575 0.0170362
17 0.4210952 0.3436714 0.0269575 0.0170362
34 0.4891016 0.4044339 0.0624923 0.0613303
24 0.4897143 0.4050017 0.0269575 0.0170362
7 0.7641905 0.4050017 0.0269575 0.0170362
11 0.4210952 0.2823410 0.0269575 0.0170362
25 0.6257271 0.2823410 0.0269575 0.0170362
2 0.5583334 0.4663321 0.0269575 0.0170362
9 0.7641905 0.5276625 0.0269575 0.0170362
20 0.4897143 0.5276625 0.0269575 0.0170362
17 0.7641905 0.3436714 0.0269575 0.0170362
27 0.6257271 0.4050017 0.0269575 0.0170362
31 0.5583334 0.2210107 0.0269575 0.0170362
25 0.5583334 0.5276625 0.0269575 0.0170362
31 0.6955714 0.4050017 0.0269575 0.0170362
28 0.7641905 0.2823410 0.0269575 0.0170362
13 0.6955714 0.4663321 0.0269575 0.0170362
16 0.8328096 0.5276625 0.0269574 0.0170362
10 0.4210952 0.4050017 0.0269575 0.0170362
10 0.6257271 0.4663321 0.0269575 0.0170362
29 0.8328096 0.3436714 0.0269574 0.0170362
5 0.8328096 0.2823410 0.0269574 0.0170362
11 0.6257271 0.2210107 0.0269575 0.0170362
20 0.4897143 0.4663321 0.0269575 0.0170362
21 0.6257271 0.3436714 0.0269575 0.0170362
20 0.4210952 0.5276625 0.0269575 0.0170362
1 0.4210952 0.4663321 0.0269575 0.0170362
14 0.7641905 0.2210107 0.0269575 0.0170362
21 0.6955714 0.2210107 0.0269575 0.0170362
3 0.4897143 0.2210107 0.0269575 0.0170362
9 0.8328096 0.4050017 0.0269574 0.0170362
14 0.7641905 0.4663321 0.0269575 0.0170362
9 0.5583334 0.4050017 0.0269575 0.0170362
27 0.4210952 0.2210107 0.0269575 0.0170362
7 0.4897143 0.3436714 0.0269575 0.0170362
9 0.4897143 0.2823410 0.0269575 0.0170362
27 0.5583334 0.3436714 0.0269575 0.0170362
25 0.8328096 0.4663321 0.0269574 0.0170362
29 0.6955714 0.3436714 0.0269575 0.0170362
