13 0.5967530 0.5162295 0.0277978 0.0160300
12 0.7395326 0.3431056 0.0277979 0.0160300
32 0.5999118 0.3479146 0.5117322 0.4103678
33 0.5986483 0.1705160 0.4637178 0.0149613
2 0.5272585 0.2276896 0.0277978 0.0160300
34 0.3857424 0.3425712 0.0657039 0.0577080
6 0.3857424 0.3431056 0.0277978 0.0160300
9 0.5967530 0.3431056 0.0277978 0.0160300
17 0.6687746 0.4008136 0.0277979 0.0160299
23 0.5272585 0.4585215 0.0277978 0.0160300
31 0.7395326 0.4585215 0.0277979 0.0160300
17 0.5967530 0.4008136 0.0277978 0.0160299
18 0.5967530 0.2853976 0.0277978 0.0160300
10 0.8102907 0.5162295 0.0277978 0.0160300
24 0.5272585 0.5162295 0.0277978 0.0160300
13 0.3857424 0.2853976 0.0277978 0.0160300
31 0.4565005 0.4585215 0.0277978 0.0160300
5 0.8102907 0.2276896 0.0277978 0.0160300
9 0.6687746 0.2276896 0.0277979 0.0160300
3 0.7395326 0.2276896 0.0277979 0.0160300
27 0.5272585 0.3431056 0.0277978 0.0160300
5 0.3857424 0.4585215 0.0277978 0.0160300
3 0.8102907 0.4585215 0.0277978 0.0160300
7 0.6687746 0.4585215 0.0277979 0.0160300
18 0.4565005 0.2853976 0.0277978 0.0160300
12 0.4565005 0.4008136 0.0277978 0.0160299
1 0.4565005 0.2276896 0.0277978 0.0160300
16 0.5967530 0.4585215 0.0277978 0.0160300
24 0.5272585 0.4008136 0.0277978 0.0160299
27 0.4565005 0.5162295 0.0277978 0.0160300
5 0.6687746 0.3431056 0.0277979 0.0160300
11 0.7395326 0.4008136 0.0277979 0.0160299
26 0.8102907 0.2853976 0.0277978 0.0160300
27 0.8102907 0.4008136 0.0277978 0.0160299
27 0.3857424 0.5162295 0.0277978 0.0160300
22 0.4565005 0.3431056 0.0277978 0.0160300
19 0.5272585 0.2853976 0.0277978 0.0160300
18 0.7395326 0.2853976 0.0277979 0.0160300
24 0.6687746 0.2853976 0.0277979 0.0160300
2 0.5967530 0.2276896 0.0277978 0.0160300
31 0.6687746 0.5162295 0.0277979 0.0160300
1 0.3857424 0.2276896 0.0277978 0.0160300
8 0.8102907 0.3431056 0.0277978 0.0160300
7 0.3857424 0.4008136 0.0277978 0.0160299
9 0.7395326 0.5162295 0.0277979 0.0160300
