4 0.3065504 0.4408093 0.0273829 0.0168004
20 0.5169011 0.2593644 0.0273829 0.0168005
32 0.3096621 0.3853678 0.5040949 0.4300916
33 0.3084174 0.1994428 0.4567971 0.0156804
29 0.0986891 0.2593644 0.0273829 0.0168005
5 0.1683911 0.2593644 0.0273829 0.0168005
34 0.1677687 0.3192860 0.0634786 0.0604816
8 0.1683911 0.3198460 0.0273829 0.0168005
1 0.3065504 0.3803276 0.0273829 0.0168004
16 0.0986891 0.4408093 0.0273829 0.0168004
9 0.4471991 0.5617725 0.0273829 0.0168005
3 0.0986891 0.3198460 0.0273829 0.0168005
8 0.3065504 0.2593644 0.0273829 0.0168005
22 0.3065504 0.5012909 0.0273829 0.0168005
16 0.0986891 0.3803276 0.0273829 0.0168004
5 0.5169011 0.4408093 0.0273829 0.0168004
30 0.3065504 0.3198460 0.0273829 0.0168005
10 0.0986891 0.5012909 0.0273829 0.0168005
27 0.3774971 0.2593644 0.0273830 0.0168005
13 0.4471991 0.5012909 0.0273829 0.0168005
19 0.2380931 0.5617725 0.0273829 0.0168005
24 0.1683911 0.5617725 0.0273829 0.0168005
16 0.3774971 0.5617725 0.0273830 0.0168005
19 0.5169011 0.5617725 0.0273829 0.0168005
26 0.3774971 0.3198460 0.0273830 0.0168005
28 0.3774971 0.3803276 0.0273830 0.0168004
25 0.1683911 0.5012909 0.0273829 0.0168005
3 0.4471991 0.3803276 0.0273829 0.0168004
19 0.2380931 0.3803276 0.0273829 0.0168004
21 0.4471991 0.3198460 0.0273829 0.0168005
30 0.3774971 0.4408093 0.0273830 0.0168004
24 0.5169011 0.3198460 0.0273829 0.0168005
21 0.5169011 0.5012909 0.0273829 0.0168005
15 0.5169011 0.3803276 0.0273829 0.0168004
26 0.3065504 0.5617725 0.0273829 0.0168005
3 0.2380931 0.5012909 0.0273829 0.0168005
24 0.2380931 0.4408093 0.0273829 0.0168004
24 0.2380931 0.3198460 0.0273829 0.0168005
21 0.1683911 0.4408093 0.0273829 0.0168004
9 0.2380931 0.2593644 0.0273829 0.0168005
14 0.4471991 0.2593644 0.0273829 0.0168005
15 0.3774971 0.5012909 0.0273830 0.0168005
14 0.1683911 0.3803276 0.0273829 0.0168004
6 0.0986891 0.5617725 0.0273829 0.0168005
22 0.4471991 0.4408093 0.0273829 0.0168004
