18 0.3533076 0.5364317 0.0271532 0.0173378
16 0.0768392 0.4115994 0.0271531 0.0173378
32 0.2860418 0.4792169 0.4998648 0.4438484
33 0.2848076 0.2873449 0.4529639 0.0161820
29 0.1459563 0.4740155 0.0271531 0.0173378
24 0.0768392 0.5364317 0.0271531 0.0173378
34 0.2829562 0.5358538 0.0641802 0.0624162
7 0.2829562 0.5364317 0.0271531 0.0173378
25 0.0768392 0.6612641 0.0271531 0.0173378
30 0.3533076 0.6612641 0.0271532 0.0173378
17 0.4224247 0.6612641 0.0271531 0.0173378
4 0.3533076 0.4740155 0.0271532 0.0173378
26 0.4224247 0.4115994 0.0271531 0.0173378
16 0.4224247 0.3491832 0.0271531 0.0173378
30 0.2150734 0.5364317 0.0271531 0.0173378
13 0.0768392 0.4740155 0.0271531 0.0173378
26 0.2150734 0.6612641 0.0271531 0.0173378
7 0.2829562 0.6612641 0.0271531 0.0173378
25 0.1459563 0.3491832 0.0271531 0.0173378
7 0.2150734 0.4740155 0.0271531 0.0173378
21 0.2150734 0.4115994 0.0271531 0.0173378
28 0.3533076 0.3491832 0.0271532 0.0173378
1 0.2829562 0.5988479 0.0271531 0.0173378
2 0.1459563 0.4115994 0.0271531 0.0173378
13 0.3533076 0.4115994 0.0271532 0.0173378
29 0.2150734 0.3491832 0.0271531 0.0173378
7 0.3533076 0.5988479 0.0271532 0.0173378
27 0.4224247 0.4740155 0.0271531 0.0173378
22 0.4915418 0.4115994 0.0271532 0.0173378
25 0.4915418 0.3491832 0.0271532 0.0173378
21 0.4915418 0.4740155 0.0271532 0.0173378
18 0.2829562 0.4115994 0.0271531 0.0173378
8 0.2829562 0.3491832 0.0271531 0.0173378
7 0.1459563 0.5988479 0.0271531 0.0173378
2 0.4224247 0.5988479 0.0271531 0.0173378
13 0.4915418 0.5364317 0.0271532 0.0173378
2 0.1459563 0.5364317 0.0271531 0.0173378
11 0.1459563 0.6612641 0.0271531 0.0173378
25 0.0768392 0.5988479 0.0271531 0.0173378
14 0.2829562 0.4740155 0.0271531 0.0173378
2 0.0768392 0.3491832 0.0271531 0.0173378
4 0.2150734 0.5988479 0.0271531 0.0173378
26 0.4915418 0.5988479 0.0271532 0.0173378
22 0.4915418 0.6612641 0.0271532 0.0173378
1 0.4224247 0.5364317 0.0271531 0.0173378
