19 0.5970327 0.6716423 0.0264545 0.0169066
26 0.3276773 0.6107784 0.0264546 0.0169067
32 0.4641587 0.4941227 0.4870043 0.4328098
33 0.4629563 0.3070226 0.4413100 0.0157795
16 0.2603384 0.3673229 0.0264545 0.0169066
24 0.4611525 0.3673229 0.0264545 0.0169066
19 0.2603384 0.4281868 0.0264545 0.0169066
34 0.5964315 0.4884871 0.0613264 0.0608639
16 0.5970327 0.4890507 0.0264545 0.0169067
18 0.4611525 0.5499146 0.0264545 0.0169066
13 0.6643716 0.6716423 0.0264545 0.0169066
10 0.5970327 0.5499146 0.0264545 0.0169066
30 0.2603384 0.6716423 0.0264545 0.0169066
16 0.6643716 0.5499146 0.0264545 0.0169066
31 0.5296939 0.3673229 0.0264545 0.0169066
10 0.5296939 0.4281868 0.0264545 0.0169066
25 0.5296939 0.4890507 0.0264545 0.0169067
26 0.4611525 0.4281868 0.0264545 0.0169066
20 0.2603384 0.5499146 0.0264545 0.0169066
13 0.3276773 0.3673229 0.0264546 0.0169066
24 0.5296939 0.6107784 0.0264545 0.0169067
6 0.3950161 0.4281868 0.0264545 0.0169066
6 0.6643716 0.4281868 0.0264545 0.0169066
16 0.5296939 0.5499146 0.0264545 0.0169066
26 0.2603384 0.6107784 0.0264545 0.0169067
28 0.3950161 0.6716423 0.0264545 0.0169066
22 0.4611525 0.6716423 0.0264545 0.0169066
8 0.3276773 0.4890507 0.0264546 0.0169067
6 0.3950161 0.5499146 0.0264545 0.0169066
24 0.5296939 0.6716423 0.0264545 0.0169066
14 0.6643716 0.3673229 0.0264545 0.0169066
31 0.4611525 0.6107784 0.0264545 0.0169067
24 0.3276773 0.4281868 0.0264546 0.0169066
16 0.6643716 0.6107784 0.0264545 0.0169067
2 0.3950161 0.4890507 0.0264545 0.0169067
16 0.3950161 0.6107784 0.0264545 0.0169067
17 0.3950161 0.3673229 0.0264545 0.0169066
8 0.5970327 0.3673229 0.0264545 0.0169066
24 0.2603384 0.4890507 0.0264545 0.0169067
16 0.3276773 0.6716423 0.0264546 0.0169066
11 0.5970327 0.4281868 0.0264545 0.0169066
6 0.6643716 0.4890507 0.0264545 0.0169067
13 0.5970327 0.6107784 0.0264545 0.0169067
7 0.3276773 0.5499146 0.0264546 0.0169066
13 0.4611525 0.4890507 0.0264545 0.0169067
