13 0.1573494 0.2936059 0.0265223 0.0166949
21 0.2923720 0.4138095 0.0265223 0.0166949
32 0.3616917 0.3587162 0.4882515 0.4273906
33 0.3604861 0.1739588 0.4424403 0.0155820
1 0.3586778 0.2335041 0.0265223 0.0166949
29 0.4273947 0.2335041 0.0265223 0.0166949
21 0.4273947 0.2936059 0.0265223 0.0166949
34 0.5624173 0.3531512 0.0626891 0.0601019
1 0.5624173 0.3537077 0.0265223 0.0166949
17 0.2923720 0.4739114 0.0265223 0.0166949
3 0.2248607 0.5340132 0.0265223 0.0166949
31 0.1573494 0.2335041 0.0265223 0.0166949
12 0.5624173 0.2335041 0.0265223 0.0166949
7 0.4273947 0.5340132 0.0265223 0.0166949
7 0.3586778 0.4739114 0.0265223 0.0166949
30 0.3586778 0.2936059 0.0265223 0.0166949
18 0.2248607 0.2335041 0.0265223 0.0166949
28 0.4949060 0.5340132 0.0265223 0.0166949
16 0.1573494 0.5340132 0.0265223 0.0166949
21 0.2248607 0.4138095 0.0265223 0.0166949
25 0.2248607 0.3537077 0.0265223 0.0166949
6 0.3586778 0.3537077 0.0265223 0.0166949
12 0.4949060 0.2335041 0.0265223 0.0166949
25 0.2923720 0.5340132 0.0265223 0.0166949
4 0.4273947 0.4739114 0.0265223 0.0166949
24 0.3586778 0.4138095 0.0265223 0.0166949
14 0.5624173 0.5340132 0.0265223 0.0166949
19 0.2923720 0.2335041 0.0265223 0.0166949
14 0.4949060 0.2936059 0.0265223 0.0166949
2 0.2923720 0.2936059 0.0265223 0.0166949
7 0.2923720 0.3537077 0.0265223 0.0166949
13 0.1573494 0.3537077 0.0265223 0.0166949
20 0.4949060 0.4739114 0.0265223 0.0166949
5 0.5624173 0.4138095 0.0265223 0.0166949
8 0.4273947 0.3537077 0.0265223 0.0166949
6 0.4949060 0.4138095 0.0265223 0.0166949
28 0.1573494 0.4138095 0.0265223 0.0166949
9 0.1573494 0.4739114 0.0265223 0.0166949
7 0.4273947 0.4138095 0.0265223 0.0166949
12 0.2248607 0.2936059 0.0265223 0.0166949
21 0.3586778 0.5340132 0.0265223 0.0166949
16 0.4949060 0.3537077 0.0265223 0.0166949
3 0.5624173 0.4739114 0.0265223 0.0166949
22 0.5624173 0.2936059 0.0265223 0.0166949
11 0.2248607 0.4739114 0.0265223 0.0166949
