5 0.8567654 0.5134499 0.0263814 0.0159388
7 0.5881543 0.3413112 0.0263815 0.0159388
32 0.6571057 0.4034724 0.4856585 0.4080325
33 0.6559066 0.2270833 0.4400905 0.0148762
25 0.5881543 0.2839316 0.0263815 0.0159388
1 0.7224598 0.3986908 0.0263814 0.0159388
9 0.6541078 0.4560703 0.0263815 0.0159388
8 0.6541078 0.5134499 0.0263815 0.0159388
34 0.6541078 0.5702982 0.0623562 0.0573796
5 0.6541078 0.5708295 0.0263815 0.0159387
14 0.7896126 0.5708295 0.0263815 0.0159387
31 0.8567654 0.4560703 0.0263814 0.0159388
25 0.5210015 0.3413112 0.0263815 0.0159388
16 0.6541078 0.3413112 0.0263815 0.0159388
29 0.5881543 0.3986908 0.0263815 0.0159388
21 0.7224598 0.5708295 0.0263814 0.0159387
27 0.7896126 0.3986908 0.0263815 0.0159388
13 0.8567654 0.3413112 0.0263814 0.0159388
16 0.8567654 0.3986908 0.0263814 0.0159388
28 0.7224598 0.3413112 0.0263814 0.0159388
26 0.5210015 0.4560703 0.0263815 0.0159388
8 0.4538487 0.5134499 0.0263815 0.0159388
15 0.7224598 0.2839316 0.0263814 0.0159388
31 0.4538487 0.3986908 0.0263815 0.0159388
16 0.6541078 0.3986908 0.0263815 0.0159388
2 0.7896126 0.4560703 0.0263815 0.0159388
31 0.5210015 0.3986908 0.0263815 0.0159388
16 0.7896126 0.5134499 0.0263815 0.0159388
26 0.5881543 0.5134499 0.0263815 0.0159388
12 0.5881543 0.4560703 0.0263815 0.0159388
11 0.5881543 0.5708295 0.0263815 0.0159387
4 0.4538487 0.2839316 0.0263815 0.0159388
9 0.6541078 0.2839316 0.0263815 0.0159388
5 0.4538487 0.4560703 0.0263815 0.0159388
26 0.8567654 0.2839316 0.0263814 0.0159388
13 0.7224598 0.4560703 0.0263814 0.0159388
6 0.4538487 0.5708295 0.0263815 0.0159387
16 0.7896126 0.3413112 0.0263815 0.0159388
13 0.5210015 0.5134499 0.0263815 0.0159388
19 0.4538487 0.3413112 0.0263815 0.0159388
26 0.7896126 0.2839316 0.0263815 0.0159388
1 0.5210015 0.5708295 0.0263815 0.0159387
17 0.7224598 0.5134499 0.0263814 0.0159388
21 0.5210015 0.2839316 0.0263815 0.0159388
26 0.8567654 0.5708295 0.0263814 0.0159387
