14 0.8602910 0.5656220 0.0274729 0.0163546
15 0.8602910 0.6244988 0.0274729 0.0163546
32 0.6523712 0.5116517 0.5057510 0.4186786
33 0.6511224 0.3306605 0.4582978 0.0152644
31 0.4407050 0.3889920 0.0274729 0.0163546
34 0.5805670 0.3884469 0.0649360 0.0588767
23 0.5805671 0.3889920 0.0274729 0.0163546
10 0.5805671 0.4478687 0.0274729 0.0163546
30 0.5106361 0.5656220 0.0274729 0.0163546
24 0.7204291 0.5656220 0.0274729 0.0163546
22 0.7204291 0.6833754 0.0274729 0.0163546
26 0.7204291 0.3889920 0.0274729 0.0163546
10 0.5106361 0.5067454 0.0274729 0.0163546
27 0.8602910 0.6833754 0.0274729 0.0163546
21 0.7903601 0.4478687 0.0274729 0.0163546
26 0.4407050 0.4478687 0.0274729 0.0163546
26 0.6492493 0.6833754 0.0274728 0.0163546
28 0.5106361 0.6244988 0.0274729 0.0163546
8 0.5106361 0.3889920 0.0274729 0.0163546
22 0.7903601 0.6833754 0.0274729 0.0163546
8 0.8602910 0.5067454 0.0274729 0.0163546
22 0.8602910 0.3889920 0.0274729 0.0163546
21 0.7903601 0.3889920 0.0274729 0.0163546
8 0.6492493 0.6244988 0.0274728 0.0163546
12 0.7903601 0.5067454 0.0274729 0.0163546
1 0.5106361 0.4478687 0.0274729 0.0163546
14 0.8602910 0.4478687 0.0274729 0.0163546
6 0.5805671 0.5067454 0.0274729 0.0163546
29 0.5805671 0.6244988 0.0274729 0.0163546
26 0.7903601 0.6244988 0.0274729 0.0163546
17 0.4407050 0.6244988 0.0274729 0.0163546
29 0.5106361 0.6833754 0.0274729 0.0163546
30 0.7204291 0.5067454 0.0274729 0.0163546
16 0.4407050 0.5067454 0.0274729 0.0163546
15 0.4407050 0.5656220 0.0274729 0.0163546
25 0.5805671 0.6833754 0.0274729 0.0163546
17 0.6492493 0.5067454 0.0274728 0.0163546
6 0.7204291 0.6244988 0.0274729 0.0163546
7 0.5805671 0.5656220 0.0274729 0.0163546
20 0.6492493 0.5656220 0.0274728 0.0163546
9 0.6492493 0.3889920 0.0274728 0.0163546
7 0.7204291 0.4478687 0.0274729 0.0163546
9 0.6492493 0.4478687 0.0274728 0.0163546
27 0.4407050 0.6833754 0.0274729 0.0163546
18 0.7903601 0.5656220 0.0274729 0.0163546
