8 0.5605896 0.5588673 0.0285091 0.0161631
18 0.4154522 0.7334283 0.0285091 0.0161631
32 0.4899648 0.5637162 0.5248273 0.4137744
33 0.4886688 0.3848450 0.4755842 0.0150855
17 0.3428835 0.5006803 0.0285091 0.0161631
25 0.4154522 0.5006803 0.0285091 0.0161631
27 0.6331583 0.5588673 0.0285091 0.0161631
34 0.5599417 0.6165156 0.0686811 0.0581870
1 0.5605896 0.6170543 0.0285091 0.0161631
12 0.5605896 0.6752414 0.0285091 0.0161631
15 0.5605896 0.7334283 0.0285091 0.0161631
5 0.4867250 0.6752414 0.0285091 0.0161631
31 0.4867250 0.5588673 0.0285091 0.0161631
31 0.4154522 0.4424933 0.0285091 0.0161631
29 0.7057271 0.6752414 0.0285091 0.0161631
15 0.2703148 0.6752414 0.0285091 0.0161631
11 0.2703148 0.7334283 0.0285091 0.0161631
18 0.2703148 0.4424933 0.0285091 0.0161631
18 0.4867250 0.4424933 0.0285091 0.0161631
16 0.5605896 0.4424933 0.0285091 0.0161631
12 0.4867250 0.5006803 0.0285091 0.0161631
4 0.3428835 0.6170543 0.0285091 0.0161631
13 0.6331583 0.6170543 0.0285091 0.0161631
31 0.6331583 0.4424933 0.0285091 0.0161631
4 0.6331583 0.6752414 0.0285091 0.0161631
18 0.7057271 0.5006803 0.0285091 0.0161631
11 0.4154522 0.6170543 0.0285091 0.0161631
12 0.5605896 0.5006803 0.0285091 0.0161631
25 0.3428835 0.4424933 0.0285091 0.0161631
6 0.2703148 0.5006803 0.0285091 0.0161631
3 0.2703148 0.5588673 0.0285091 0.0161631
6 0.4154522 0.5588673 0.0285091 0.0161631
30 0.7057271 0.5588673 0.0285091 0.0161631
27 0.7057271 0.7334283 0.0285091 0.0161631
26 0.2703148 0.6170543 0.0285091 0.0161631
6 0.6331583 0.5006803 0.0285091 0.0161631
24 0.4867250 0.7334283 0.0285091 0.0161631
14 0.4154522 0.6752414 0.0285091 0.0161631
10 0.7057271 0.6170543 0.0285091 0.0161631
9 0.4867250 0.6170543 0.0285091 0.0161631
14 0.3428835 0.5588673 0.0285091 0.0161631
6 0.7057271 0.4424933 0.0285091 0.0161631
26 0.6331583 0.7334283 0.0285091 0.0161631
19 0.3428835 0.7334283 0.0285091 0.0161631
9 0.3428835 0.6752414 0.0285091 0.0161631
