6 0.0268032 0.5840464 0.0287452 0.0162126
31 0.3926507 0.3505848 0.0287452 0.0162126
32 0.2570539 0.4721794 0.5116077 0.4150429
33 0.2469650 0.2927598 0.4795216 0.0151318
24 0.2450051 0.4089502 0.0287452 0.0162126
34 0.0993194 0.4667751 0.0666365 0.0583654
21 0.0999727 0.4673156 0.0287452 0.0162126
9 0.1731422 0.5256810 0.0287452 0.0162126
22 0.4658202 0.5256810 0.0287452 0.0162126
13 0.2450051 0.5840464 0.0287452 0.0162126
25 0.4658202 0.5840464 0.0287452 0.0162126
9 0.3194812 0.4089502 0.0287452 0.0162126
16 0.0999727 0.5256810 0.0287452 0.0162126
24 0.0268032 0.4089502 0.0287452 0.0162126
5 0.0999727 0.3505848 0.0287452 0.0162126
5 0.0268032 0.3505848 0.0287452 0.0162126
20 0.2450051 0.6424118 0.0287452 0.0162126
4 0.3926507 0.4089502 0.0287452 0.0162126
16 0.1731422 0.5840464 0.0287452 0.0162126
25 0.3194812 0.6424118 0.0287452 0.0162126
31 0.3926507 0.6424118 0.0287452 0.0162126
31 0.2450051 0.3505848 0.0287452 0.0162126
7 0.0268032 0.5256810 0.0287452 0.0162126
13 0.4658202 0.6424118 0.0287452 0.0162126
2 0.1731422 0.6424118 0.0287452 0.0162126
9 0.2450051 0.5256810 0.0287452 0.0162126
22 0.4658202 0.4673156 0.0287452 0.0162126
11 0.3194812 0.3505848 0.0287452 0.0162126
25 0.3926507 0.5256810 0.0287452 0.0162126
30 0.4658202 0.4089502 0.0287452 0.0162126
20 0.3926507 0.5840464 0.0287452 0.0162126
25 0.1731422 0.4089502 0.0287452 0.0162126
15 0.1731422 0.4673156 0.0287452 0.0162126
9 0.0999727 0.5840464 0.0287452 0.0162126
14 0.3194812 0.5840464 0.0287452 0.0162126
3 0.0999727 0.4089502 0.0287452 0.0162126
27 0.4658202 0.3505848 0.0287452 0.0162126
26 0.0268032 0.6424118 0.0287452 0.0162126
12 0.3194812 0.5256810 0.0287452 0.0162126
2 0.3926507 0.4673156 0.0287452 0.0162126
2 0.0999727 0.6424118 0.0287452 0.0162126
19 0.1731422 0.3505848 0.0287452 0.0162126
15 0.2450051 0.4673156 0.0287452 0.0162126
6 0.3194812 0.4673156 0.0287452 0.0162126
2 0.0268032 0.4673156 0.0287452 0.0162126
