26 0.2695866 0.4885207 0.0280469 0.0162289
17 0.4123708 0.4300964 0.0280469 0.0162290
32 0.3428910 0.4349651 0.5163182 0.4154616
33 0.3416161 0.2553645 0.4678735 0.0151470
34 0.5551551 0.3127068 0.0662927 0.0584243
20 0.5551552 0.3132478 0.0280469 0.0162290
14 0.1981944 0.3716721 0.0280469 0.0162290
6 0.1268023 0.5469450 0.0280469 0.0162290
30 0.4123708 0.5469450 0.0280469 0.0162290
20 0.4837630 0.5469450 0.0280469 0.0162290
8 0.5551552 0.5469450 0.0280469 0.0162290
9 0.3397038 0.6053693 0.0280469 0.0162290
1 0.1981944 0.5469450 0.0280469 0.0162290
13 0.1981944 0.6053693 0.0280469 0.0162290
19 0.4837630 0.3716721 0.0280469 0.0162290
18 0.3397038 0.3716721 0.0280469 0.0162290
15 0.5551552 0.3716721 0.0280469 0.0162290
31 0.2695866 0.5469450 0.0280469 0.0162290
8 0.4123708 0.3132478 0.0280469 0.0162290
14 0.1268023 0.3132478 0.0280469 0.0162290
3 0.4837630 0.4300964 0.0280469 0.0162290
7 0.5551552 0.4300964 0.0280469 0.0162290
14 0.4837630 0.6053693 0.0280469 0.0162290
25 0.3397038 0.4885207 0.0280469 0.0162289
25 0.5551552 0.4885207 0.0280469 0.0162289
16 0.1268023 0.6053693 0.0280469 0.0162290
3 0.1268023 0.3716721 0.0280469 0.0162290
24 0.1981944 0.4885207 0.0280469 0.0162289
3 0.4123708 0.6053693 0.0280469 0.0162290
22 0.3397038 0.5469450 0.0280469 0.0162290
21 0.2695866 0.4300964 0.0280469 0.0162290
20 0.5551552 0.6053693 0.0280469 0.0162290
5 0.1981944 0.3132478 0.0280469 0.0162290
6 0.4123708 0.3716721 0.0280469 0.0162290
9 0.1268023 0.4300964 0.0280469 0.0162290
24 0.2695866 0.3716721 0.0280469 0.0162290
31 0.4837630 0.3132478 0.0280469 0.0162290
8 0.3397038 0.4300964 0.0280469 0.0162290
21 0.2695866 0.6053693 0.0280469 0.0162290
11 0.2695866 0.3132478 0.0280469 0.0162290
28 0.4837630 0.4885207 0.0280469 0.0162289
16 0.1981944 0.4300964 0.0280469 0.0162290
9 0.3397038 0.3132478 0.0280469 0.0162290
31 0.4123708 0.4885207 0.0280469 0.0162289
22 0.1268023 0.4885207 0.0280469 0.0162289
