31 0.5859285 0.6235186 0.0287690 0.0174841
17 0.5859285 0.4976330 0.0287690 0.0174841
32 0.5146599 0.4399354 0.5296109 0.4475933
33 0.5133522 0.2464446 0.4799191 0.0163185
20 0.4394682 0.3717474 0.0287690 0.0174841
6 0.6591587 0.3717474 0.0287691 0.0174841
7 0.3662381 0.4346902 0.0287690 0.0174841
9 0.6591587 0.5605758 0.0287691 0.0174841
34 0.7323888 0.5599930 0.0679994 0.0629428
14 0.7323888 0.5605758 0.0287691 0.0174841
14 0.4394682 0.3088046 0.0287690 0.0174841
25 0.5113907 0.3088046 0.0287690 0.0174841
21 0.5859285 0.4346902 0.0287690 0.0174841
1 0.5859285 0.3088046 0.0287690 0.0174841
31 0.5113907 0.4976330 0.0287690 0.0174841
24 0.5113907 0.4346902 0.0287690 0.0174841
12 0.2930079 0.3717474 0.0287690 0.0174841
2 0.4394682 0.4976330 0.0287690 0.0174841
1 0.7323888 0.6235186 0.0287691 0.0174841
15 0.5113907 0.3717474 0.0287690 0.0174841
10 0.7323888 0.3717474 0.0287691 0.0174841
27 0.3662381 0.4976330 0.0287690 0.0174841
15 0.4394682 0.5605758 0.0287690 0.0174841
30 0.6591587 0.3088046 0.0287691 0.0174841
25 0.3662381 0.3717474 0.0287690 0.0174841
5 0.2930079 0.4976330 0.0287690 0.0174841
4 0.4394682 0.4346902 0.0287690 0.0174841
24 0.5859285 0.5605758 0.0287690 0.0174841
3 0.5859285 0.3717474 0.0287690 0.0174841
29 0.7323888 0.3088046 0.0287691 0.0174841
31 0.5113907 0.5605758 0.0287690 0.0174841
6 0.2930079 0.6235186 0.0287690 0.0174841
1 0.7323888 0.4976330 0.0287691 0.0174841
11 0.2930079 0.4346902 0.0287690 0.0174841
12 0.2930079 0.5605758 0.0287690 0.0174841
1 0.6591587 0.4976330 0.0287691 0.0174841
28 0.6591587 0.6235186 0.0287691 0.0174841
29 0.2930079 0.3088046 0.0287690 0.0174841
29 0.6591587 0.4346902 0.0287691 0.0174841
25 0.4394682 0.6235186 0.0287690 0.0174841
27 0.7323888 0.4346902 0.0287691 0.0174841
16 0.3662381 0.5605758 0.0287690 0.0174841
7 0.5113907 0.6235186 0.0287690 0.0174841
15 0.3662381 0.3088046 0.0287690 0.0174841
14 0.3662381 0.6235186 0.0287690 0.0174841
