16 0.4960239 0.5345029 0.0281919 0.0165432
3 0.5690664 0.7727252 0.0281919 0.0165432
32 0.4992275 0.5990214 0.5189862 0.4235061
33 0.4979461 0.4159432 0.4702913 0.0154403
25 0.2820222 0.5345029 0.0281918 0.0165432
34 0.5684257 0.5935070 0.0679167 0.0595556
31 0.5690664 0.5940584 0.0281919 0.0165432
1 0.6408275 0.6536140 0.0281918 0.0165432
8 0.7125886 0.7131696 0.0281918 0.0165431
26 0.3537833 0.7727252 0.0281919 0.0165432
25 0.5690664 0.5345029 0.0281919 0.0165432
15 0.7125886 0.4749474 0.0281918 0.0165432
1 0.7125886 0.7727252 0.0281918 0.0165432
29 0.5690664 0.7131696 0.0281919 0.0165431
5 0.2820222 0.4749474 0.0281918 0.0165432
13 0.7125886 0.6536140 0.0281918 0.0165432
14 0.4960239 0.6536140 0.0281919 0.0165432
15 0.4255443 0.4749474 0.0281918 0.0165432
28 0.2820222 0.7727252 0.0281918 0.0165432
24 0.4255443 0.6536140 0.0281918 0.0165432
20 0.6408275 0.4749474 0.0281918 0.0165432
29 0.4255443 0.5345029 0.0281918 0.0165432
11 0.6408275 0.7131696 0.0281918 0.0165431
22 0.4255443 0.5940584 0.0281918 0.0165432
16 0.2820222 0.5940584 0.0281918 0.0165432
13 0.7125886 0.5345029 0.0281918 0.0165432
25 0.3537833 0.7131696 0.0281919 0.0165431
29 0.4960239 0.7727252 0.0281919 0.0165432
12 0.4255443 0.7727252 0.0281918 0.0165432
30 0.4255443 0.7131696 0.0281918 0.0165431
19 0.5690664 0.4749474 0.0281919 0.0165432
4 0.5690664 0.6536140 0.0281919 0.0165432
5 0.4960239 0.4749474 0.0281919 0.0165432
22 0.2820222 0.6536140 0.0281918 0.0165432
4 0.6408275 0.7727252 0.0281918 0.0165432
19 0.3537833 0.5345029 0.0281919 0.0165432
29 0.6408275 0.5345029 0.0281918 0.0165432
20 0.3537833 0.5940584 0.0281919 0.0165432
17 0.4960239 0.7131696 0.0281919 0.0165431
10 0.3537833 0.6536140 0.0281919 0.0165432
26 0.3537833 0.4749474 0.0281919 0.0165432
22 0.7125886 0.5940584 0.0281918 0.0165432
13 0.4960239 0.5940584 0.0281919 0.0165432
21 0.6408275 0.5940584 0.0281918 0.0165432
28 0.2820222 0.7131696 0.0281918 0.0165431
