4 0.2580395 0.4915159 0.0275339 0.0173053
28 0.3281257 0.3669179 0.0275339 0.0173053
32 0.4701755 0.4344085 0.5068736 0.4430151
33 0.4689240 0.2428968 0.4593151 0.0161516
16 0.2580395 0.3046189 0.0275339 0.0173053
5 0.3982119 0.3669179 0.0275339 0.0173053
34 0.3982119 0.4909391 0.0650800 0.0622990
11 0.3982119 0.4915159 0.0275339 0.0173053
25 0.4670466 0.4915159 0.0275339 0.0173053
12 0.6785568 0.6161139 0.0275339 0.0173052
9 0.6084706 0.3669179 0.0275339 0.0173053
19 0.3281257 0.4292169 0.0275339 0.0173053
9 0.4670466 0.3669179 0.0275339 0.0173053
19 0.5383844 0.4915159 0.0275339 0.0173053
26 0.6785568 0.4915159 0.0275339 0.0173053
31 0.3982119 0.5538149 0.0275339 0.0173052
20 0.6785568 0.4292169 0.0275339 0.0173053
16 0.6084706 0.3046189 0.0275339 0.0173053
10 0.5383844 0.3669179 0.0275339 0.0173053
24 0.6785568 0.3669179 0.0275339 0.0173053
22 0.6084706 0.4292169 0.0275339 0.0173053
25 0.2580395 0.3669179 0.0275339 0.0173053
24 0.5383844 0.4292169 0.0275339 0.0173053
12 0.4670466 0.3046189 0.0275339 0.0173053
22 0.4670466 0.4292169 0.0275339 0.0173053
25 0.6084706 0.4915159 0.0275339 0.0173053
30 0.4670466 0.6161139 0.0275339 0.0173052
6 0.3982119 0.6161139 0.0275339 0.0173052
21 0.4670466 0.5538149 0.0275339 0.0173052
25 0.3281257 0.5538149 0.0275339 0.0173052
6 0.5383844 0.3046189 0.0275339 0.0173053
11 0.6785568 0.3046189 0.0275339 0.0173053
24 0.2580395 0.5538149 0.0275339 0.0173052
16 0.6785568 0.5538149 0.0275339 0.0173052
13 0.6084706 0.5538149 0.0275339 0.0173052
4 0.3281257 0.6161139 0.0275339 0.0173052
15 0.2580395 0.4292169 0.0275339 0.0173053
8 0.3982119 0.3046189 0.0275339 0.0173053
12 0.5383844 0.6161139 0.0275339 0.0173052
19 0.3982119 0.4292169 0.0275339 0.0173053
5 0.2580395 0.6161139 0.0275339 0.0173052
7 0.3281257 0.3046189 0.0275339 0.0173053
24 0.3281257 0.4915159 0.0275339 0.0173053
3 0.5383844 0.5538149 0.0275339 0.0173052
11 0.6084706 0.6161139 0.0275339 0.0173052
