9 0.4897726 0.6274873 0.0270821 0.0166251
17 0.3519003 0.6274873 0.0270821 0.0166251
32 0.2848107 0.5127738 0.4985558 0.4256037
33 0.2835798 0.3287889 0.4517777 0.0155168
16 0.2140281 0.4479357 0.0270820 0.0166252
34 0.0761559 0.6269331 0.0640121 0.0598505
7 0.0761559 0.6274873 0.0270820 0.0166251
24 0.1450920 0.6274873 0.0270820 0.0166251
3 0.1450920 0.6873378 0.0270820 0.0166251
22 0.4208365 0.6873378 0.0270820 0.0166251
24 0.2817332 0.6873378 0.0270820 0.0166251
6 0.2817332 0.5676368 0.0270820 0.0166251
24 0.2140281 0.5077863 0.0270820 0.0166252
12 0.2140281 0.5676368 0.0270820 0.0166251
3 0.0761559 0.4479357 0.0270820 0.0166252
13 0.2140281 0.6274873 0.0270820 0.0166251
30 0.4897726 0.3880852 0.0270821 0.0166251
7 0.3519003 0.4479357 0.0270821 0.0166252
6 0.2817332 0.3880852 0.0270820 0.0166251
26 0.1450920 0.5077863 0.0270820 0.0166252
1 0.3519003 0.6873378 0.0270821 0.0166251
29 0.2140281 0.6873378 0.0270820 0.0166251
28 0.4208365 0.5077863 0.0270820 0.0166252
15 0.4208365 0.3880852 0.0270820 0.0166251
17 0.2817332 0.5077863 0.0270820 0.0166252
19 0.2817332 0.6274873 0.0270820 0.0166251
6 0.3519003 0.5077863 0.0270821 0.0166252
25 0.2817332 0.4479357 0.0270820 0.0166252
29 0.0761559 0.5077863 0.0270820 0.0166252
9 0.0761559 0.3880852 0.0270820 0.0166251
6 0.1450920 0.5676368 0.0270820 0.0166251
14 0.3519003 0.3880852 0.0270821 0.0166251
20 0.4208365 0.4479357 0.0270820 0.0166252
20 0.4208365 0.6274873 0.0270820 0.0166251
21 0.4897726 0.5077863 0.0270821 0.0166252
15 0.4897726 0.4479357 0.0270821 0.0166252
30 0.2140281 0.3880852 0.0270820 0.0166251
5 0.3519003 0.5676368 0.0270821 0.0166251
27 0.0761559 0.5676368 0.0270820 0.0166251
28 0.1450920 0.3880852 0.0270820 0.0166251
18 0.1450920 0.4479357 0.0270820 0.0166252
21 0.4897726 0.5676368 0.0270821 0.0166251
4 0.4897726 0.6873378 0.0270821 0.0166251
28 0.0761559 0.6873378 0.0270820 0.0166251
8 0.4208365 0.5676368 0.0270820 0.0166251
