6 0.3170354 0.3692539 0.0267420 0.0168578
9 0.2489647 0.4906301 0.0267421 0.0168578
32 0.3869294 0.4956874 0.4922969 0.4315596
33 0.3857139 0.3091278 0.4461061 0.0157339
17 0.1808940 0.4299420 0.0267421 0.0168578
34 0.4525690 0.5507562 0.0644241 0.0606881
26 0.4531768 0.5513182 0.0267421 0.0168578
2 0.1808940 0.6120062 0.0267421 0.0168578
31 0.5212475 0.6120062 0.0267421 0.0168578
26 0.3170354 0.6726943 0.0267420 0.0168578
13 0.1808940 0.6726943 0.0267421 0.0168578
2 0.5893182 0.6120062 0.0267421 0.0168578
13 0.3170354 0.4906301 0.0267420 0.0168578
20 0.4531768 0.3692539 0.0267421 0.0168578
13 0.1808940 0.4906301 0.0267421 0.0168578
28 0.1808940 0.5513182 0.0267421 0.0168578
19 0.5893182 0.5513182 0.0267421 0.0168578
10 0.3170354 0.6120062 0.0267420 0.0168578
31 0.2489647 0.3692539 0.0267421 0.0168578
7 0.4531768 0.4299420 0.0267421 0.0168578
12 0.5212475 0.6726943 0.0267421 0.0168578
5 0.3838905 0.3692539 0.0267421 0.0168578
6 0.5893182 0.4299420 0.0267421 0.0168578
5 0.3838905 0.4299420 0.0267421 0.0168578
31 0.5212475 0.5513182 0.0267421 0.0168578
27 0.2489647 0.5513182 0.0267421 0.0168578
14 0.5212475 0.3692539 0.0267421 0.0168578
30 0.3838905 0.5513182 0.0267421 0.0168578
9 0.5893182 0.3692539 0.0267421 0.0168578
3 0.4531768 0.6120062 0.0267421 0.0168578
19 0.4531768 0.6726943 0.0267421 0.0168578
28 0.5893182 0.6726943 0.0267421 0.0168578
4 0.5893182 0.4906301 0.0267421 0.0168578
13 0.5212475 0.4906301 0.0267421 0.0168578
31 0.3170354 0.4299420 0.0267420 0.0168578
2 0.3838905 0.4906301 0.0267421 0.0168578
4 0.3170354 0.5513182 0.0267420 0.0168578
6 0.4531768 0.4906301 0.0267421 0.0168578
7 0.3838905 0.6120062 0.0267421 0.0168578
14 0.2489647 0.6726943 0.0267421 0.0168578
7 0.3838905 0.6726943 0.0267421 0.0168578
9 0.1808940 0.3692539 0.0267421 0.0168578
10 0.2489647 0.6120062 0.0267421 0.0168578
29 0.2489647 0.4299420 0.0267421 0.0168578
26 0.5212475 0.4299420 0.0267421 0.0168578
