28 0.4580804 0.6751618 0.0272713 0.0161690
6 0.5969163 0.5587447 0.0272713 0.0161690
32 0.3905219 0.5635954 0.5020407 0.4139274
33 0.3892822 0.3846581 0.4549356 0.0150911
5 0.4580804 0.4423276 0.0272713 0.0161691
7 0.3874228 0.5005362 0.0272713 0.0161691
31 0.4580804 0.6169533 0.0272713 0.0161690
10 0.5969163 0.6169533 0.0272713 0.0161690
34 0.5969163 0.6746229 0.0644595 0.0582086
19 0.5969163 0.6751618 0.0272713 0.0161690
9 0.1804085 0.5587447 0.0272713 0.0161690
30 0.1804085 0.5005362 0.0272713 0.0161691
27 0.5274984 0.6169533 0.0272713 0.0161690
25 0.5274984 0.5005362 0.0272713 0.0161691
2 0.5274984 0.4423276 0.0272713 0.0161691
21 0.5274984 0.6751618 0.0272713 0.0161690
21 0.2498265 0.4423276 0.0272713 0.0161691
8 0.4580804 0.5005362 0.0272713 0.0161691
4 0.2498265 0.5005362 0.0272713 0.0161691
6 0.3192444 0.5587447 0.0272713 0.0161690
13 0.4580804 0.5587447 0.0272713 0.0161690
29 0.5274984 0.7333704 0.0272713 0.0161690
31 0.3874228 0.6751618 0.0272713 0.0161690
5 0.5274984 0.5587447 0.0272713 0.0161690
20 0.3874228 0.4423276 0.0272713 0.0161691
18 0.1804085 0.6169533 0.0272713 0.0161690
5 0.2498265 0.7333704 0.0272713 0.0161690
16 0.2498265 0.6169533 0.0272713 0.0161690
19 0.5969163 0.7333704 0.0272713 0.0161690
25 0.2498265 0.6751618 0.0272713 0.0161690
1 0.3874228 0.6169533 0.0272713 0.0161690
19 0.3192444 0.4423276 0.0272713 0.0161691
19 0.1804085 0.6751618 0.0272713 0.0161690
18 0.3192444 0.5005362 0.0272713 0.0161691
17 0.5969163 0.5005362 0.0272713 0.0161691
27 0.3192444 0.6751618 0.0272713 0.0161690
21 0.1804085 0.4423276 0.0272713 0.0161691
13 0.5969163 0.4423276 0.0272713 0.0161691
15 0.3192444 0.6169533 0.0272713 0.0161690
29 0.4580804 0.7333704 0.0272713 0.0161690
29 0.1804085 0.7333704 0.0272713 0.0161690
24 0.3874228 0.5587447 0.0272713 0.0161690
10 0.3874228 0.7333704 0.0272713 0.0161690
3 0.2498265 0.5587447 0.0272713 0.0161690
24 0.3192444 0.7333704 0.0272713 0.0161690
