26 0.0983142 0.2857796 0.0277330 0.0158892
19 0.1689073 0.4001823 0.0277330 0.0158892
32 0.3119842 0.3477477 0.5105389 0.4067651
33 0.3107236 0.1719065 0.4626365 0.0148300
34 0.3800561 0.2280486 0.0668112 0.0572013
13 0.3806863 0.2285783 0.0277330 0.0158893
23 0.3806863 0.3429810 0.0277330 0.0158892
25 0.4512794 0.3429810 0.0277330 0.0158892
26 0.1689073 0.4573837 0.0277330 0.0158893
7 0.0983142 0.5145850 0.0277330 0.0158893
13 0.2395003 0.2857796 0.0277330 0.0158892
16 0.3088327 0.2285783 0.0277330 0.0158893
10 0.0983142 0.4001823 0.0277330 0.0158892
3 0.0983142 0.2285783 0.0277330 0.0158893
5 0.3088327 0.4573837 0.0277330 0.0158893
1 0.4512794 0.2857796 0.0277330 0.0158892
15 0.3088327 0.3429810 0.0277330 0.0158892
30 0.3806863 0.5145850 0.0277330 0.0158893
14 0.1689073 0.2857796 0.0277330 0.0158892
31 0.5218724 0.2857796 0.0277330 0.0158892
5 0.5218724 0.2285783 0.0277330 0.0158893
18 0.1689073 0.3429810 0.0277330 0.0158892
4 0.5218724 0.5145850 0.0277330 0.0158893
11 0.2395003 0.3429810 0.0277330 0.0158892
17 0.3806863 0.2857796 0.0277330 0.0158892
4 0.3088327 0.2857796 0.0277330 0.0158892
2 0.2395003 0.2285783 0.0277330 0.0158893
30 0.2395003 0.4001823 0.0277330 0.0158892
17 0.3088327 0.4001823 0.0277330 0.0158892
24 0.3806863 0.4573837 0.0277330 0.0158893
10 0.1689073 0.5145850 0.0277330 0.0158893
19 0.4512794 0.4001823 0.0277330 0.0158892
28 0.1689073 0.2285783 0.0277330 0.0158893
29 0.3806863 0.4001823 0.0277330 0.0158892
29 0.2395003 0.4573837 0.0277330 0.0158893
25 0.5218724 0.4573837 0.0277330 0.0158893
4 0.0983142 0.3429810 0.0277330 0.0158892
29 0.4512794 0.5145850 0.0277330 0.0158893
29 0.2395003 0.5145850 0.0277330 0.0158893
13 0.3088327 0.5145850 0.0277330 0.0158893
2 0.0983142 0.4573837 0.0277330 0.0158893
8 0.5218724 0.4001823 0.0277330 0.0158892
6 0.5218724 0.3429810 0.0277330 0.0158892
9 0.4512794 0.4573837 0.0277330 0.0158893
14 0.4512794 0.2285783 0.0277330 0.0158893
