22 0.5125992 0.2135466 0.0272436 0.0163306
14 0.5819466 0.2723368 0.0272436 0.0163306
32 0.3757619 0.3360261 0.5015302 0.4180635
33 0.3745235 0.1553008 0.4544731 0.0152419
24 0.3045570 0.2723368 0.0272436 0.0163306
13 0.4432518 0.3899172 0.0272436 0.0163306
16 0.2352096 0.4487074 0.0272436 0.0163306
34 0.3045570 0.5069532 0.0643940 0.0587901
18 0.3045570 0.5074976 0.0272436 0.0163306
19 0.5819466 0.5074976 0.0272436 0.0163306
20 0.3045570 0.2135466 0.0272436 0.0163306
20 0.3726660 0.3899172 0.0272436 0.0163306
2 0.5125992 0.3899172 0.0272436 0.0163306
27 0.4432518 0.5074976 0.0272436 0.0163306
31 0.4432518 0.4487074 0.0272436 0.0163306
31 0.1658622 0.2135466 0.0272436 0.0163306
11 0.5819466 0.3311270 0.0272436 0.0163306
25 0.4432518 0.2135466 0.0272436 0.0163306
28 0.4432518 0.3311270 0.0272436 0.0163306
19 0.3045570 0.3311270 0.0272436 0.0163306
18 0.2352096 0.5074976 0.0272436 0.0163306
7 0.3045570 0.4487074 0.0272436 0.0163306
20 0.3726660 0.2135466 0.0272436 0.0163306
28 0.2352096 0.2135466 0.0272436 0.0163306
15 0.2352096 0.2723368 0.0272436 0.0163306
2 0.5819466 0.3899172 0.0272436 0.0163306
9 0.3726660 0.2723368 0.0272436 0.0163306
22 0.1658622 0.3899172 0.0272436 0.0163306
16 0.5819466 0.2135466 0.0272436 0.0163306
10 0.1658622 0.2723368 0.0272436 0.0163306
26 0.3726660 0.5074976 0.0272436 0.0163306
26 0.1658622 0.5074976 0.0272436 0.0163306
1 0.3726660 0.3311270 0.0272436 0.0163306
14 0.3726660 0.4487074 0.0272436 0.0163306
27 0.3045570 0.3899172 0.0272436 0.0163306
27 0.4432518 0.2723368 0.0272436 0.0163306
15 0.5125992 0.3311270 0.0272436 0.0163306
7 0.5819466 0.4487074 0.0272436 0.0163306
2 0.5125992 0.5074976 0.0272436 0.0163306
30 0.1658622 0.4487074 0.0272436 0.0163306
17 0.1658622 0.3311270 0.0272436 0.0163306
22 0.5125992 0.2723368 0.0272436 0.0163306
4 0.2352096 0.3311270 0.0272436 0.0163306
14 0.2352096 0.3899172 0.0272436 0.0163306
31 0.5125992 0.4487074 0.0272436 0.0163306
