1 0.5064389 0.7378737 0.0285587 0.0173364
4 0.4337440 0.6754629 0.0285587 0.0173364
32 0.2903014 0.6182530 0.5257399 0.4438104
33 0.2890033 0.4263974 0.4764112 0.0161806
10 0.0702695 0.6130520 0.0285587 0.0173364
8 0.2156593 0.6130520 0.0285587 0.0173364
14 0.4337440 0.6130520 0.0285587 0.0173364
34 0.2870561 0.7997066 0.0675024 0.0624108
15 0.2870561 0.8002846 0.0285587 0.0173364
22 0.3610491 0.8002846 0.0285587 0.0173364
12 0.3610491 0.5506412 0.0285587 0.0173364
26 0.1429644 0.8002846 0.0285587 0.0173364
28 0.4337440 0.8002846 0.0285587 0.0173364
3 0.5064389 0.6130520 0.0285587 0.0173364
4 0.3610491 0.6754629 0.0285587 0.0173364
8 0.2870561 0.6754629 0.0285587 0.0173364
19 0.2870561 0.5506412 0.0285587 0.0173364
21 0.2870561 0.6130520 0.0285587 0.0173364
29 0.5064389 0.6754629 0.0285587 0.0173364
16 0.1429644 0.4882304 0.0285587 0.0173364
6 0.5064389 0.5506412 0.0285587 0.0173364
26 0.2870561 0.4882304 0.0285587 0.0173364
17 0.3610491 0.7378737 0.0285587 0.0173364
10 0.2156593 0.7378737 0.0285587 0.0173364
7 0.5064389 0.4882304 0.0285587 0.0173364
1 0.5064389 0.8002846 0.0285587 0.0173364
13 0.1429644 0.6130520 0.0285587 0.0173364
25 0.0702695 0.6754629 0.0285587 0.0173364
17 0.0702695 0.5506412 0.0285587 0.0173364
26 0.0702695 0.4882304 0.0285587 0.0173364
26 0.0702695 0.8002846 0.0285587 0.0173364
12 0.2156593 0.6754629 0.0285587 0.0173364
20 0.3610491 0.6130520 0.0285587 0.0173364
9 0.1429644 0.6754629 0.0285587 0.0173364
6 0.4337440 0.7378737 0.0285587 0.0173364
6 0.3610491 0.4882304 0.0285587 0.0173364
11 0.2156593 0.8002846 0.0285587 0.0173364
1 0.4337440 0.4882304 0.0285587 0.0173364
13 0.2870561 0.7378737 0.0285587 0.0173364
29 0.2156593 0.4882304 0.0285587 0.0173364
8 0.4337440 0.5506412 0.0285587 0.0173364
18 0.1429644 0.7378737 0.0285587 0.0173364
15 0.0702695 0.7378737 0.0285587 0.0173364
10 0.2156593 0.5506412 0.0285587 0.0173364
20 0.1429644 0.5506412 0.0285587 0.0173364
