15 0.3592522 0.5773560 0.0268780 0.0158631
4 0.6329192 0.5202489 0.0268780 0.0158631
32 0.4295016 0.4679007 0.4947998 0.4060952
33 0.4282798 0.2923491 0.4483741 0.0148056
22 0.2224187 0.4060346 0.0268780 0.0158631
34 0.2902246 0.4626129 0.0623081 0.0571071
21 0.2908354 0.4631417 0.0268780 0.0158631
17 0.4264472 0.5773560 0.0268780 0.0158631
21 0.2908354 0.6344632 0.0268780 0.0158631
5 0.4264472 0.6344632 0.0268780 0.0158631
20 0.4264472 0.4060346 0.0268780 0.0158631
31 0.3592522 0.3489274 0.0268780 0.0158631
22 0.3592522 0.4631417 0.0268780 0.0158631
16 0.2224187 0.4631417 0.0268780 0.0158631
13 0.4960857 0.4060346 0.0268780 0.0158631
28 0.2224187 0.5773560 0.0268780 0.0158631
1 0.2908354 0.4060346 0.0268780 0.0158631
7 0.2224187 0.6344632 0.0268780 0.0158631
25 0.4264472 0.3489274 0.0268780 0.0158631
18 0.5645025 0.5202489 0.0268780 0.0158631
2 0.5645025 0.6344632 0.0268780 0.0158631
10 0.3592522 0.4060346 0.0268780 0.0158631
4 0.4264472 0.5202489 0.0268780 0.0158631
7 0.3592522 0.5202489 0.0268780 0.0158631
28 0.2908354 0.5202489 0.0268780 0.0158631
4 0.4960857 0.3489274 0.0268780 0.0158631
19 0.4960857 0.6344632 0.0268780 0.0158631
28 0.6329192 0.5773560 0.0268780 0.0158631
22 0.3592522 0.6344632 0.0268780 0.0158631
12 0.5645025 0.4631417 0.0268780 0.0158631
18 0.4960857 0.5202489 0.0268780 0.0158631
31 0.5645025 0.4060346 0.0268780 0.0158631
30 0.4960857 0.5773560 0.0268780 0.0158631
27 0.6329192 0.4631417 0.0268780 0.0158631
21 0.5645025 0.3489274 0.0268780 0.0158631
22 0.6329192 0.4060346 0.0268780 0.0158631
25 0.2224187 0.5202489 0.0268780 0.0158631
12 0.2908354 0.3489274 0.0268780 0.0158631
7 0.6329192 0.6344632 0.0268780 0.0158631
14 0.4264472 0.4631417 0.0268780 0.0158631
12 0.2908354 0.5773560 0.0268780 0.0158631
19 0.5645025 0.5773560 0.0268780 0.0158631
31 0.4960857 0.4631417 0.0268780 0.0158631
14 0.6329192 0.3489274 0.0268780 0.0158631
10 0.2224187 0.3489274 0.0268780 0.0158631
