14 0.7952587 0.5145523 0.0267171 0.0174338
29 0.3872173 0.5145523 0.0267170 0.0174338
32 0.5930597 0.5825441 0.4918357 0.4463056
33 0.5918452 0.3896100 0.4456882 0.0162715
11 0.6592449 0.5145523 0.0267171 0.0174338
34 0.7952587 0.5767329 0.0631493 0.0627617
22 0.7952587 0.5773140 0.0267171 0.0174338
13 0.4552242 0.7028375 0.0267170 0.0174338
27 0.3872173 0.7655992 0.0267170 0.0174338
9 0.7952587 0.7655992 0.0267171 0.0174338
19 0.3872173 0.4517906 0.0267170 0.0174338
5 0.7272518 0.5773140 0.0267171 0.0174338
11 0.5900236 0.7028375 0.0267170 0.0174338
7 0.3872173 0.6400758 0.0267170 0.0174338
8 0.4552242 0.7655992 0.0267170 0.0174338
10 0.4552242 0.6400758 0.0267170 0.0174338
1 0.5900236 0.4517906 0.0267170 0.0174338
25 0.5232311 0.7655992 0.0267170 0.0174338
7 0.6592449 0.5773140 0.0267171 0.0174338
25 0.4552242 0.5145523 0.0267170 0.0174338
11 0.7952587 0.6400758 0.0267171 0.0174338
14 0.6592449 0.7028375 0.0267171 0.0174338
6 0.5900236 0.6400758 0.0267170 0.0174338
10 0.5232311 0.7028375 0.0267170 0.0174338
8 0.6592449 0.4517906 0.0267171 0.0174338
5 0.5900236 0.5773140 0.0267170 0.0174338
16 0.7272518 0.5145523 0.0267171 0.0174338
8 0.5900236 0.5145523 0.0267170 0.0174338
28 0.3872173 0.5773140 0.0267170 0.0174338
12 0.5232311 0.6400758 0.0267170 0.0174338
12 0.7272518 0.6400758 0.0267171 0.0174338
8 0.5232311 0.5773140 0.0267170 0.0174338
27 0.4552242 0.5773140 0.0267170 0.0174338
10 0.5232311 0.4517906 0.0267170 0.0174338
3 0.6592449 0.6400758 0.0267171 0.0174338
20 0.7272518 0.7655992 0.0267171 0.0174338
25 0.7952587 0.4517906 0.0267171 0.0174338
1 0.3872173 0.7028375 0.0267170 0.0174338
15 0.4552242 0.4517906 0.0267170 0.0174338
1 0.7952587 0.7028375 0.0267171 0.0174338
12 0.7272518 0.7028375 0.0267171 0.0174338
5 0.7272518 0.4517906 0.0267171 0.0174338
9 0.5232311 0.5145523 0.0267170 0.0174338
3 0.5900236 0.7655992 0.0267170 0.0174338
11 0.6592449 0.7655992 0.0267171 0.0174338
