4 0.5436112 0.2404414 0.0276220 0.0161037
20 0.4029902 0.4143611 0.0276220 0.0161037
32 0.6158050 0.3612190 0.5084956 0.4122542
33 0.6145494 0.1830049 0.4607848 0.0150301
34 0.8248532 0.2978779 0.0652883 0.0579733
31 0.8248532 0.2984146 0.0276220 0.0161037
10 0.8248532 0.3563879 0.0276220 0.0161037
4 0.6842322 0.4143611 0.0276220 0.0161037
9 0.8248532 0.4143611 0.0276220 0.0161037
14 0.8248532 0.5303076 0.0276220 0.0161037
14 0.4733007 0.5303076 0.0276220 0.0161037
14 0.4733007 0.3563879 0.0276220 0.0161037
29 0.5436112 0.2984146 0.0276220 0.0161037
16 0.6842322 0.2404414 0.0276220 0.0161037
4 0.6126661 0.2984146 0.0276220 0.0161037
1 0.7545427 0.3563879 0.0276221 0.0161037
26 0.5436112 0.3563879 0.0276220 0.0161037
18 0.4733007 0.2984146 0.0276220 0.0161037
11 0.6842322 0.5303076 0.0276220 0.0161037
14 0.4733007 0.2404414 0.0276220 0.0161037
28 0.4029902 0.4723344 0.0276220 0.0161037
16 0.6842322 0.2984146 0.0276220 0.0161037
31 0.4733007 0.4143611 0.0276220 0.0161037
10 0.8248532 0.2404414 0.0276220 0.0161037
5 0.6126661 0.4143611 0.0276220 0.0161037
19 0.4029902 0.3563879 0.0276220 0.0161037
21 0.4029902 0.2984146 0.0276220 0.0161037
10 0.7545427 0.5303076 0.0276221 0.0161037
29 0.7545427 0.2984146 0.0276221 0.0161037
7 0.7545427 0.4723344 0.0276221 0.0161037
4 0.6126661 0.3563879 0.0276220 0.0161037
24 0.4733007 0.4723344 0.0276220 0.0161037
16 0.8248532 0.4723344 0.0276220 0.0161037
1 0.6126661 0.4723344 0.0276220 0.0161037
24 0.6126661 0.2404414 0.0276220 0.0161037
7 0.6126661 0.5303076 0.0276220 0.0161037
31 0.5436112 0.5303076 0.0276220 0.0161037
16 0.4029902 0.5303076 0.0276220 0.0161037
20 0.7545427 0.4143611 0.0276221 0.0161037
31 0.5436112 0.4143611 0.0276220 0.0161037
21 0.6842322 0.3563879 0.0276220 0.0161037
11 0.5436112 0.4723344 0.0276220 0.0161037
9 0.7545427 0.2404414 0.0276221 0.0161037
22 0.6842322 0.4723344 0.0276220 0.0161037
10 0.4029902 0.2404414 0.0276220 0.0161037
