4 0.3517763 0.5320462 0.0266034 0.0165942
30 0.6226476 0.6515247 0.0266034 0.0165942
32 0.5567436 0.4772853 0.4897449 0.4248121
33 0.5555343 0.2936426 0.4437934 0.0154879
34 0.4188895 0.3522755 0.0616716 0.0597392
23 0.4194941 0.3528286 0.0266034 0.0165942
16 0.5537205 0.4125678 0.0266034 0.0165942
13 0.6226476 0.4723070 0.0266034 0.0165942
1 0.4194941 0.5320462 0.0266034 0.0165942
24 0.4194941 0.5917854 0.0266034 0.0165942
18 0.4194941 0.6515247 0.0266034 0.0165942
28 0.3517763 0.3528286 0.0266034 0.0165942
29 0.6226476 0.5917854 0.0266034 0.0165942
9 0.6903653 0.6515247 0.0266034 0.0165942
22 0.6903653 0.4125678 0.0266034 0.0165942
25 0.6226476 0.3528286 0.0266034 0.0165942
5 0.5537205 0.6515247 0.0266034 0.0165942
31 0.7580832 0.4125678 0.0266035 0.0165942
4 0.6903653 0.3528286 0.0266034 0.0165942
14 0.4872119 0.5320462 0.0266034 0.0165942
16 0.6226476 0.5320462 0.0266034 0.0165942
16 0.5537205 0.3528286 0.0266034 0.0165942
18 0.6903653 0.5917854 0.0266034 0.0165942
3 0.4872119 0.5917854 0.0266034 0.0165942
10 0.3517763 0.4723070 0.0266034 0.0165942
25 0.6903653 0.4723070 0.0266034 0.0165942
27 0.3517763 0.4125678 0.0266034 0.0165942
15 0.4872119 0.6515247 0.0266034 0.0165942
13 0.7580832 0.5917854 0.0266035 0.0165942
4 0.5537205 0.4723070 0.0266034 0.0165942
10 0.3517763 0.5917854 0.0266034 0.0165942
1 0.5537205 0.5917854 0.0266034 0.0165942
2 0.4872119 0.4723070 0.0266034 0.0165942
28 0.7580832 0.4723070 0.0266035 0.0165942
20 0.4872119 0.3528286 0.0266034 0.0165942
20 0.5537205 0.5320462 0.0266034 0.0165942
30 0.6903653 0.5320462 0.0266034 0.0165942
1 0.3517763 0.6515247 0.0266034 0.0165942
18 0.7580832 0.6515247 0.0266035 0.0165942
22 0.7580832 0.3528286 0.0266035 0.0165942
18 0.4194941 0.4125678 0.0266034 0.0165942
14 0.6226476 0.4125678 0.0266034 0.0165942
4 0.7580832 0.5320462 0.0266035 0.0165942
9 0.4872119 0.4125678 0.0266034 0.0165942
6 0.4194941 0.4723070 0.0266034 0.0165942
