19 0.5234352 0.5478251 0.0288301 0.0159437
22 0.4500495 0.4904277 0.0288301 0.0159437
32 0.5987866 0.3804161 0.5307358 0.4081592
33 0.5974761 0.2039722 0.4809384 0.0148808
34 0.7429371 0.2603067 0.0668333 0.0573974
6 0.7435923 0.2608381 0.0288301 0.0159437
2 0.8169780 0.4330303 0.0288300 0.0159437
13 0.5234352 0.4904277 0.0288301 0.0159437
10 0.5955105 0.4904277 0.0288301 0.0159437
31 0.5955105 0.5478251 0.0288301 0.0159437
26 0.5955105 0.4330303 0.0288301 0.0159437
10 0.5234352 0.2608381 0.0288301 0.0159437
25 0.7435923 0.3182355 0.0288301 0.0159437
7 0.7435923 0.3756329 0.0288301 0.0159437
14 0.5955105 0.2608381 0.0288301 0.0159437
27 0.5955105 0.3182355 0.0288301 0.0159437
2 0.3766638 0.2608381 0.0288301 0.0159437
10 0.5234352 0.3756329 0.0288301 0.0159437
2 0.6702066 0.3182355 0.0288301 0.0159437
17 0.6702066 0.4330303 0.0288301 0.0159437
9 0.6702066 0.3756329 0.0288301 0.0159437
25 0.8169780 0.4904277 0.0288300 0.0159437
28 0.3766638 0.3756329 0.0288301 0.0159437
10 0.7435923 0.5478251 0.0288301 0.0159437
2 0.4500495 0.5478251 0.0288301 0.0159437
28 0.4500495 0.4330303 0.0288301 0.0159437
27 0.4500495 0.2608381 0.0288301 0.0159437
17 0.7435923 0.4904277 0.0288301 0.0159437
21 0.6702066 0.5478251 0.0288301 0.0159437
3 0.7435923 0.4330303 0.0288301 0.0159437
6 0.6702066 0.2608381 0.0288301 0.0159437
19 0.8169780 0.3182355 0.0288300 0.0159437
10 0.3766638 0.4904277 0.0288301 0.0159437
7 0.5955105 0.3756329 0.0288301 0.0159437
22 0.3766638 0.3182355 0.0288301 0.0159437
31 0.5234352 0.4330303 0.0288301 0.0159437
12 0.3766638 0.5478251 0.0288301 0.0159437
17 0.8169780 0.3756329 0.0288300 0.0159437
1 0.3766638 0.4330303 0.0288301 0.0159437
8 0.4500495 0.3756329 0.0288301 0.0159437
26 0.5234352 0.3182355 0.0288301 0.0159437
11 0.8169780 0.2608381 0.0288300 0.0159437
11 0.6702066 0.4904277 0.0288301 0.0159437
27 0.8169780 0.5478251 0.0288300 0.0159437
5 0.4500495 0.3182355 0.0288301 0.0159437
