10 0.0808556 0.3651986 0.0264939 0.0169217
6 0.1482944 0.5479527 0.0264938 0.0169217
32 0.2849787 0.3702752 0.4877278 0.4331946
33 0.2837744 0.1830087 0.4419657 0.0157936
34 0.4854890 0.2427986 0.0626218 0.0609180
2 0.4854890 0.2433627 0.0264938 0.0169217
23 0.1482944 0.3042807 0.0264938 0.0169217
12 0.4854890 0.3042807 0.0264938 0.0169217
3 0.4854890 0.4261167 0.0264938 0.0169217
29 0.1482944 0.4870346 0.0264938 0.0169217
21 0.4854890 0.5479527 0.0264938 0.0169217
4 0.2819680 0.2433627 0.0264939 0.0169217
28 0.0808556 0.3042807 0.0264939 0.0169217
17 0.0808556 0.4870346 0.0264939 0.0169217
17 0.4854890 0.3651986 0.0264938 0.0169217
28 0.2819680 0.4261167 0.0264939 0.0169217
16 0.3506112 0.5479527 0.0264938 0.0169217
8 0.1482944 0.2433627 0.0264938 0.0169217
20 0.3506112 0.4261167 0.0264938 0.0169217
11 0.2157333 0.4870346 0.0264939 0.0169217
18 0.4180501 0.3651986 0.0264939 0.0169217
17 0.2819680 0.4870346 0.0264939 0.0169217
18 0.3506112 0.3651986 0.0264938 0.0169217
26 0.4854890 0.4870346 0.0264938 0.0169217
27 0.4180501 0.5479527 0.0264939 0.0169217
13 0.2157333 0.3042807 0.0264939 0.0169217
25 0.2819680 0.5479527 0.0264939 0.0169217
2 0.4180501 0.2433627 0.0264939 0.0169217
11 0.2157333 0.2433627 0.0264939 0.0169217
21 0.2819680 0.3651986 0.0264939 0.0169217
10 0.1482944 0.4261167 0.0264938 0.0169217
13 0.4180501 0.3042807 0.0264939 0.0169217
8 0.4180501 0.4261167 0.0264939 0.0169217
25 0.0808556 0.2433627 0.0264939 0.0169217
7 0.2819680 0.3042807 0.0264939 0.0169217
4 0.1482944 0.3651986 0.0264938 0.0169217
24 0.4180501 0.4870346 0.0264939 0.0169217
19 0.0808556 0.4261167 0.0264939 0.0169217
18 0.0808556 0.5479527 0.0264939 0.0169217
10 0.2157333 0.5479527 0.0264939 0.0169217
9 0.2157333 0.4261167 0.0264939 0.0169217
3 0.2157333 0.3651986 0.0264939 0.0169217
20 0.3506112 0.4870346 0.0264938 0.0169217
24 0.3506112 0.3042807 0.0264938 0.0169217
21 0.3506112 0.2433627 0.0264938 0.0169217
