7 0.5233224 0.5656611 0.0261276 0.0158774
26 0.1907895 0.6799784 0.0261276 0.0158774
32 0.3920907 0.5132657 0.4809852 0.4064615
33 0.3909031 0.3375557 0.4358557 0.0148189
16 0.5233224 0.3941851 0.0261276 0.0158774
34 0.3238026 0.4508145 0.0617561 0.0571586
10 0.3238026 0.4513438 0.0261276 0.0158774
2 0.3891216 0.4513438 0.0261276 0.0158774
22 0.3891216 0.6228197 0.0261276 0.0158773
3 0.5898290 0.6799784 0.0261276 0.0158774
21 0.3891216 0.6799784 0.0261276 0.0158774
16 0.5233224 0.4513438 0.0261276 0.0158774
1 0.5898290 0.6228197 0.0261276 0.0158773
25 0.2572961 0.5085024 0.0261276 0.0158774
5 0.1907895 0.5085024 0.0261276 0.0158774
7 0.2572961 0.5656611 0.0261276 0.0158774
3 0.5898290 0.3941851 0.0261276 0.0158774
21 0.1907895 0.5656611 0.0261276 0.0158774
13 0.2572961 0.3941851 0.0261276 0.0158774
19 0.5233224 0.5085024 0.0261276 0.0158774
28 0.3238026 0.5085024 0.0261276 0.0158774
29 0.2572961 0.4513438 0.0261276 0.0158774
13 0.3891216 0.3941851 0.0261276 0.0158774
27 0.2572961 0.6799784 0.0261276 0.0158774
9 0.1907895 0.4513438 0.0261276 0.0158774
7 0.1907895 0.3941851 0.0261276 0.0158774
6 0.4568159 0.6228197 0.0261276 0.0158773
12 0.3891216 0.5085024 0.0261276 0.0158774
9 0.3238026 0.6228197 0.0261276 0.0158773
15 0.3238026 0.3941851 0.0261276 0.0158774
19 0.4568159 0.5085024 0.0261276 0.0158774
22 0.4568159 0.3941851 0.0261276 0.0158774
22 0.3238026 0.5656611 0.0261276 0.0158774
31 0.4568159 0.4513438 0.0261276 0.0158774
12 0.3238026 0.6799784 0.0261276 0.0158774
2 0.5233224 0.6228197 0.0261276 0.0158773
11 0.4568159 0.5656611 0.0261276 0.0158774
1 0.1907895 0.6228197 0.0261276 0.0158773
11 0.3891216 0.5656611 0.0261276 0.0158774
12 0.4568159 0.6799784 0.0261276 0.0158774
11 0.5233224 0.6799784 0.0261276 0.0158774
12 0.5898290 0.5085024 0.0261276 0.0158774
18 0.5898290 0.5656611 0.0261276 0.0158774
11 0.2572961 0.6228197 0.0261276 0.0158773
14 0.5898290 0.4513438 0.0261276 0.0158774
