8 0.6024500 0.3440994 0.0275473 0.0173834
28 0.1817281 0.5944196 0.0275473 0.0173834
32 0.3939673 0.4744745 0.5071201 0.4450136
33 0.3927151 0.2820988 0.4595384 0.0162244
29 0.6024500 0.4692595 0.0275473 0.0173834
18 0.4622093 0.5318395 0.0275473 0.0173834
8 0.6024500 0.5318395 0.0275473 0.0173834
12 0.2518484 0.5944196 0.0275473 0.0173834
34 0.5317036 0.5938401 0.0638596 0.0625800
14 0.5323296 0.5944196 0.0275473 0.0173834
9 0.3219687 0.5944196 0.0275472 0.0173834
19 0.6024500 0.5944196 0.0275473 0.0173834
7 0.5323296 0.6569996 0.0275473 0.0173834
1 0.3219687 0.3440994 0.0275472 0.0173834
1 0.2518484 0.4066795 0.0275473 0.0173834
7 0.1817281 0.6569996 0.0275473 0.0173834
30 0.3219687 0.4692595 0.0275472 0.0173834
4 0.4622093 0.4066795 0.0275473 0.0173834
12 0.3908369 0.5318395 0.0275473 0.0173834
28 0.5323296 0.4692595 0.0275473 0.0173834
22 0.3908369 0.4692595 0.0275473 0.0173834
13 0.2518484 0.3440994 0.0275473 0.0173834
12 0.4622093 0.4692595 0.0275473 0.0173834
8 0.1817281 0.3440994 0.0275473 0.0173834
21 0.4622093 0.6569996 0.0275473 0.0173834
3 0.3908369 0.4066795 0.0275473 0.0173834
17 0.5323296 0.5318395 0.0275473 0.0173834
24 0.1817281 0.4066795 0.0275473 0.0173834
9 0.5323296 0.4066795 0.0275473 0.0173834
17 0.1817281 0.5318395 0.0275473 0.0173834
5 0.3219687 0.5318395 0.0275472 0.0173834
1 0.6024500 0.4066795 0.0275473 0.0173834
9 0.4622093 0.3440994 0.0275473 0.0173834
8 0.2518484 0.6569996 0.0275473 0.0173834
30 0.3219687 0.4066795 0.0275472 0.0173834
2 0.6024500 0.6569996 0.0275473 0.0173834
28 0.1817281 0.4692595 0.0275473 0.0173834
24 0.2518484 0.4692595 0.0275473 0.0173834
26 0.3908369 0.5944196 0.0275473 0.0173834
4 0.4622093 0.5944196 0.0275473 0.0173834
8 0.5323296 0.3440994 0.0275473 0.0173834
2 0.3219687 0.6569996 0.0275472 0.0173834
9 0.3908369 0.6569996 0.0275473 0.0173834
16 0.3908369 0.3440994 0.0275473 0.0173834
12 0.2518484 0.5318395 0.0275473 0.0173834
