28 0.4313817 0.2367957 0.0268086 0.0169963
4 0.8408219 0.2367957 0.0268086 0.0169963
32 0.6379297 0.3642676 0.4935218 0.4351042
33 0.6367111 0.1761757 0.4472160 0.0158632
34 0.4313817 0.3586022 0.0633657 0.0611865
29 0.4313817 0.3591687 0.0268086 0.0169963
18 0.4996217 0.3591687 0.0268086 0.0169963
20 0.4996217 0.4203552 0.0268086 0.0169963
10 0.4996217 0.4815417 0.0268086 0.0169963
30 0.5678618 0.4815417 0.0268086 0.0169963
14 0.8408219 0.5427283 0.0268086 0.0169963
17 0.7043419 0.4815417 0.0268085 0.0169963
30 0.6348832 0.4203552 0.0268085 0.0169963
3 0.7043419 0.3591687 0.0268085 0.0169963
27 0.8408219 0.4203552 0.0268086 0.0169963
4 0.7043419 0.2979822 0.0268085 0.0169963
1 0.7725819 0.4815417 0.0268086 0.0169963
31 0.4313817 0.4815417 0.0268086 0.0169963
3 0.4996217 0.2979822 0.0268086 0.0169963
1 0.7725819 0.3591687 0.0268086 0.0169963
17 0.5678618 0.5427283 0.0268086 0.0169963
26 0.4996217 0.2367957 0.0268086 0.0169963
25 0.7043419 0.4203552 0.0268085 0.0169963
31 0.5678618 0.4203552 0.0268086 0.0169963
3 0.7725819 0.2367957 0.0268086 0.0169963
17 0.7725819 0.2979822 0.0268086 0.0169963
9 0.8408219 0.3591687 0.0268086 0.0169963
24 0.5678618 0.2979822 0.0268086 0.0169963
8 0.5678618 0.2367957 0.0268086 0.0169963
15 0.8408219 0.2979822 0.0268086 0.0169963
26 0.4313817 0.5427283 0.0268086 0.0169963
17 0.6348832 0.4815417 0.0268085 0.0169963
27 0.7725819 0.5427283 0.0268086 0.0169963
10 0.6348832 0.2979822 0.0268085 0.0169963
19 0.7725819 0.4203552 0.0268086 0.0169963
31 0.6348832 0.3591687 0.0268085 0.0169963
17 0.6348832 0.2367957 0.0268085 0.0169963
25 0.6348832 0.5427283 0.0268085 0.0169963
27 0.5678618 0.3591687 0.0268086 0.0169963
31 0.8408219 0.4815417 0.0268086 0.0169963
5 0.7043419 0.2367957 0.0268085 0.0169963
25 0.4313817 0.2979822 0.0268086 0.0169963
16 0.4313817 0.4203552 0.0268086 0.0169963
28 0.4996217 0.5427283 0.0268086 0.0169963
6 0.7043419 0.5427283 0.0268085 0.0169963
