13 0.4914008 0.5379114 0.0285021 0.0161663
26 0.2737486 0.5379114 0.0285021 0.0161663
32 0.4207934 0.3681651 0.5246971 0.4138575
33 0.4194978 0.1892580 0.4754663 0.0150885
34 0.4175546 0.2463789 0.0673685 0.0581987
23 0.4175546 0.2469178 0.0285021 0.0161663
4 0.4914008 0.3051165 0.0285021 0.0161663
30 0.6365022 0.3051165 0.0285020 0.0161663
23 0.3462994 0.3633152 0.0285020 0.0161663
8 0.3462994 0.5379114 0.0285020 0.0161663
1 0.2011979 0.4797127 0.0285021 0.0161663
14 0.5639515 0.5379114 0.0285021 0.0161663
20 0.5639515 0.3051165 0.0285021 0.0161663
29 0.6365022 0.4215139 0.0285020 0.0161663
31 0.4175546 0.4215139 0.0285021 0.0161663
19 0.2011979 0.3051165 0.0285021 0.0161663
17 0.2737486 0.3633152 0.0285021 0.0161663
22 0.4175546 0.3051165 0.0285021 0.0161663
1 0.2737486 0.2469178 0.0285021 0.0161663
5 0.5639515 0.3633152 0.0285021 0.0161663
24 0.6365022 0.3633152 0.0285020 0.0161663
24 0.5639515 0.4215139 0.0285021 0.0161663
1 0.4914008 0.2469178 0.0285021 0.0161663
25 0.3462994 0.4215139 0.0285020 0.0161663
31 0.3462994 0.2469178 0.0285020 0.0161663
21 0.6365022 0.4797127 0.0285020 0.0161663
20 0.4175546 0.3633152 0.0285021 0.0161663
18 0.6365022 0.2469178 0.0285020 0.0161663
19 0.5639515 0.2469178 0.0285021 0.0161663
20 0.2011979 0.5379114 0.0285021 0.0161663
22 0.4175546 0.4797127 0.0285021 0.0161663
7 0.4175546 0.5379114 0.0285021 0.0161663
14 0.2011979 0.2469178 0.0285021 0.0161663
9 0.2737486 0.4215139 0.0285021 0.0161663
5 0.2011979 0.4215139 0.0285021 0.0161663
8 0.3462994 0.4797127 0.0285020 0.0161663
3 0.3462994 0.3051165 0.0285020 0.0161663
14 0.5639515 0.4797127 0.0285021 0.0161663
11 0.2737486 0.3051165 0.0285021 0.0161663
10 0.2011979 0.3633152 0.0285021 0.0161663
19 0.4914008 0.4797127 0.0285021 0.0161663
19 0.4914008 0.3633152 0.0285021 0.0161663
18 0.4914008 0.4215139 0.0285021 0.0161663
9 0.2737486 0.4797127 0.0285021 0.0161663
2 0.6365022 0.5379114 0.0285020 0.0161663
