19 0.1281114 0.4806578 0.0266992 0.0158686
7 0.2628207 0.3664037 0.0266991 0.0158686
32 0.2658547 0.4282914 0.4915070 0.4062366
33 0.2646411 0.2526787 0.4453904 0.0148107
34 0.1275046 0.3658748 0.0618935 0.0571270
3 0.1281114 0.3664037 0.0266992 0.0158686
9 0.4679187 0.4235308 0.0266991 0.0158687
10 0.2628207 0.5377848 0.0266991 0.0158686
25 0.1281114 0.5949118 0.0266992 0.0158686
31 0.4679187 0.5949118 0.0266991 0.0158686
1 0.3999572 0.3664037 0.0266991 0.0158686
31 0.3319958 0.3092767 0.0266992 0.0158686
6 0.1960728 0.3664037 0.0266991 0.0158686
25 0.2628207 0.4235308 0.0266991 0.0158687
29 0.3319958 0.4235308 0.0266992 0.0158687
3 0.4679187 0.4806578 0.0266991 0.0158686
25 0.3319958 0.4806578 0.0266992 0.0158686
11 0.3999572 0.5949118 0.0266991 0.0158686
1 0.0601499 0.4235308 0.0266991 0.0158687
5 0.0601499 0.3664037 0.0266991 0.0158686
3 0.3999572 0.5377848 0.0266991 0.0158686
27 0.2628207 0.5949118 0.0266991 0.0158686
22 0.4679187 0.3664037 0.0266991 0.0158686
29 0.1960728 0.5949118 0.0266991 0.0158686
28 0.0601499 0.4806578 0.0266991 0.0158686
31 0.1281114 0.3092767 0.0266992 0.0158686
2 0.3999572 0.3092767 0.0266991 0.0158686
11 0.3319958 0.5949118 0.0266992 0.0158686
26 0.1281114 0.5377848 0.0266992 0.0158686
1 0.2628207 0.3092767 0.0266991 0.0158686
7 0.0601499 0.3092767 0.0266991 0.0158686
29 0.3999572 0.4235308 0.0266991 0.0158687
27 0.2628207 0.4806578 0.0266991 0.0158686
26 0.1960728 0.4235308 0.0266991 0.0158687
20 0.4679187 0.5377848 0.0266991 0.0158686
6 0.1281114 0.4235308 0.0266992 0.0158687
18 0.3319958 0.3664037 0.0266992 0.0158686
22 0.3999572 0.4806578 0.0266991 0.0158686
17 0.0601499 0.5949118 0.0266991 0.0158686
27 0.3319958 0.5377848 0.0266992 0.0158686
21 0.4679187 0.3092767 0.0266991 0.0158686
18 0.1960728 0.4806578 0.0266991 0.0158686
14 0.1960728 0.5377848 0.0266991 0.0158686
18 0.1960728 0.3092767 0.0266991 0.0158686
11 0.0601499 0.5377848 0.0266991 0.0158686
