9 0.4448526 0.5412988 0.0262622 0.0171086
18 0.5117017 0.6644801 0.0262622 0.0171085
32 0.5803415 0.5464313 0.4834626 0.4379781
33 0.5791477 0.3570970 0.4381006 0.0159679
20 0.4448526 0.4797081 0.0262622 0.0171085
11 0.5773571 0.4797081 0.0262622 0.0171085
13 0.7122491 0.4797081 0.0262622 0.0171085
1 0.3780035 0.6028894 0.0262622 0.0171085
34 0.7790983 0.6639098 0.0620741 0.0615906
6 0.7790982 0.6644801 0.0262621 0.0171085
5 0.5117017 0.6028894 0.0262622 0.0171085
14 0.7790982 0.4797081 0.0262621 0.0171085
1 0.6453999 0.4181174 0.0262621 0.0171085
31 0.3780035 0.5412988 0.0262622 0.0171086
21 0.3780035 0.6644801 0.0262622 0.0171085
26 0.5773571 0.7260708 0.0262622 0.0171086
22 0.7122491 0.4181174 0.0262622 0.0171085
13 0.5773571 0.6644801 0.0262622 0.0171085
25 0.5773571 0.6028894 0.0262622 0.0171085
7 0.5773571 0.4181174 0.0262622 0.0171085
13 0.3780035 0.7260708 0.0262622 0.0171086
28 0.6453999 0.5412988 0.0262621 0.0171086
10 0.5117017 0.4181174 0.0262622 0.0171085
13 0.7790982 0.6028894 0.0262621 0.0171085
12 0.7790982 0.5412988 0.0262621 0.0171086
3 0.7122491 0.6644801 0.0262622 0.0171085
20 0.3780035 0.4797081 0.0262622 0.0171085
4 0.5773571 0.5412988 0.0262622 0.0171086
21 0.3780035 0.4181174 0.0262622 0.0171085
20 0.5117017 0.4797081 0.0262622 0.0171085
12 0.5117017 0.7260708 0.0262622 0.0171086
20 0.6453999 0.4797081 0.0262621 0.0171085
5 0.7790982 0.4181174 0.0262621 0.0171085
10 0.7790982 0.7260708 0.0262621 0.0171086
10 0.7122491 0.7260708 0.0262622 0.0171086
19 0.4448526 0.7260708 0.0262622 0.0171086
26 0.6453999 0.7260708 0.0262621 0.0171086
6 0.5117017 0.5412988 0.0262622 0.0171086
17 0.4448526 0.6028894 0.0262622 0.0171085
5 0.7122491 0.5412988 0.0262622 0.0171086
3 0.6453999 0.6644801 0.0262621 0.0171085
25 0.6453999 0.6028894 0.0262621 0.0171085
31 0.4448526 0.6644801 0.0262622 0.0171085
29 0.4448526 0.4181174 0.0262622 0.0171085
14 0.7122491 0.6028894 0.0262622 0.0171085
