13 0.3493022 0.6899431 0.0286705 0.0174792
6 0.4939582 0.6270180 0.0286706 0.0174792
32 0.4972163 0.5064114 0.5277990 0.4474677
33 0.4959130 0.3129749 0.4782771 0.0163139
1 0.6412207 0.3753174 0.0286705 0.0174792
27 0.3493022 0.5011677 0.0286705 0.0174792
9 0.5682411 0.5011677 0.0286706 0.0174792
2 0.6412207 0.6270180 0.0286705 0.0174792
34 0.4222818 0.6893605 0.0677668 0.0629251
12 0.4222818 0.6899431 0.0286706 0.0174792
21 0.2763226 0.6270180 0.0286706 0.0174792
7 0.4222818 0.5011677 0.0286706 0.0174792
5 0.7142003 0.6270180 0.0286706 0.0174792
20 0.4939582 0.5011677 0.0286706 0.0174792
15 0.3493022 0.6270180 0.0286705 0.0174792
19 0.4939582 0.4382425 0.0286706 0.0174792
12 0.2763226 0.3753174 0.0286706 0.0174792
27 0.7142003 0.6899431 0.0286706 0.0174792
19 0.7142003 0.3753174 0.0286706 0.0174792
28 0.7142003 0.5011677 0.0286706 0.0174792
5 0.2763226 0.5640928 0.0286706 0.0174792
6 0.7142003 0.5640928 0.0286706 0.0174792
22 0.3493022 0.4382425 0.0286705 0.0174792
24 0.4939582 0.5640928 0.0286706 0.0174792
14 0.4939582 0.6899431 0.0286706 0.0174792
27 0.6412207 0.6899431 0.0286705 0.0174792
22 0.7142003 0.4382425 0.0286706 0.0174792
5 0.5682411 0.6270180 0.0286706 0.0174792
4 0.4222818 0.6270180 0.0286706 0.0174792
30 0.5682411 0.3753174 0.0286706 0.0174792
27 0.4222818 0.5640928 0.0286706 0.0174792
28 0.3493022 0.3753174 0.0286705 0.0174792
18 0.6412207 0.4382425 0.0286705 0.0174792
6 0.3493022 0.5640928 0.0286705 0.0174792
5 0.5682411 0.4382425 0.0286706 0.0174792
11 0.4222818 0.3753174 0.0286706 0.0174792
15 0.5682411 0.6899431 0.0286706 0.0174792
7 0.5682411 0.5640928 0.0286706 0.0174792
24 0.4939582 0.3753174 0.0286706 0.0174792
24 0.6412207 0.5011677 0.0286705 0.0174792
18 0.2763226 0.6899431 0.0286706 0.0174792
25 0.6412207 0.5640928 0.0286705 0.0174792
17 0.4222818 0.4382425 0.0286706 0.0174792
15 0.2763226 0.4382425 0.0286706 0.0174792
29 0.2763226 0.5011677 0.0286706 0.0174792
