11 0.2646816 0.4152181 0.0265485 0.0159598
3 0.3322597 0.3577628 0.0265485 0.0159598
32 0.4016479 0.3625508 0.4887344 0.4085709
33 0.4004412 0.1859290 0.4428778 0.0148958
13 0.2646816 0.2428523 0.0265485 0.0159598
34 0.5343906 0.2423203 0.0615443 0.0574553
15 0.5349940 0.2428523 0.0265485 0.0159598
15 0.5349940 0.4152181 0.0265485 0.0159598
19 0.1971035 0.4726734 0.0265485 0.0159597
22 0.2646816 0.5301287 0.0265485 0.0159598
26 0.6025721 0.3577628 0.0265485 0.0159598
19 0.6025721 0.4726734 0.0265485 0.0159597
26 0.3986311 0.3577628 0.0265485 0.0159598
12 0.4674159 0.5301287 0.0265485 0.0159598
30 0.4674159 0.3003075 0.0265485 0.0159598
6 0.4674159 0.2428523 0.0265485 0.0159598
10 0.3322597 0.5301287 0.0265485 0.0159598
7 0.6025721 0.5301287 0.0265485 0.0159598
17 0.5349940 0.5301287 0.0265485 0.0159598
4 0.6025721 0.3003075 0.0265485 0.0159598
22 0.4674159 0.4152181 0.0265485 0.0159598
29 0.5349940 0.3003075 0.0265485 0.0159598
19 0.3986311 0.3003075 0.0265485 0.0159598
24 0.1971035 0.4152181 0.0265485 0.0159598
4 0.3322597 0.4726734 0.0265485 0.0159597
4 0.6025721 0.2428523 0.0265485 0.0159598
24 0.5349940 0.3577628 0.0265485 0.0159598
3 0.1971035 0.3577628 0.0265485 0.0159598
22 0.6025721 0.4152181 0.0265485 0.0159598
26 0.3986311 0.5301287 0.0265485 0.0159598
17 0.1971035 0.3003075 0.0265485 0.0159598
2 0.2646816 0.3003075 0.0265485 0.0159598
19 0.1971035 0.5301287 0.0265485 0.0159598
17 0.3986311 0.4726734 0.0265485 0.0159597
27 0.4674159 0.3577628 0.0265485 0.0159598
5 0.5349940 0.4726734 0.0265485 0.0159597
1 0.3322597 0.2428523 0.0265485 0.0159598
28 0.3986311 0.4152181 0.0265485 0.0159598
30 0.3322597 0.4152181 0.0265485 0.0159598
30 0.2646816 0.3577628 0.0265485 0.0159598
26 0.3322597 0.3003075 0.0265485 0.0159598
29 0.3986311 0.2428523 0.0265485 0.0159598
2 0.2646816 0.4726734 0.0265485 0.0159597
31 0.1971035 0.2428523 0.0265485 0.0159598
19 0.4674159 0.4726734 0.0265485 0.0159597
