22 0.6498518 0.6075526 0.0271756 0.0169663
17 0.7190260 0.5464739 0.0271755 0.0169663
32 0.5825305 0.6126424 0.5002778 0.4343373
33 0.5812952 0.4248820 0.4533381 0.0158352
27 0.4423292 0.4853952 0.0271756 0.0169663
24 0.7190260 0.4853952 0.0271755 0.0169663
34 0.5115034 0.6069870 0.0642332 0.0610787
7 0.5115034 0.6075526 0.0271756 0.0169663
17 0.7882002 0.6075526 0.0271756 0.0169663
14 0.4423292 0.7907886 0.0271756 0.0169663
31 0.5794423 0.7907886 0.0271756 0.0169663
29 0.4423292 0.5464739 0.0271756 0.0169663
8 0.7190260 0.7297099 0.0271755 0.0169663
11 0.3731550 0.4853952 0.0271756 0.0169663
14 0.5794423 0.6075526 0.0271756 0.0169663
30 0.3731550 0.7907886 0.0271756 0.0169663
27 0.7190260 0.6075526 0.0271755 0.0169663
6 0.7190260 0.7907886 0.0271755 0.0169663
9 0.5115034 0.7907886 0.0271756 0.0169663
28 0.5115034 0.7297099 0.0271756 0.0169663
20 0.6498518 0.4853952 0.0271756 0.0169663
15 0.7190260 0.6686312 0.0271755 0.0169663
19 0.6498518 0.5464739 0.0271756 0.0169663
4 0.3731550 0.6686312 0.0271756 0.0169663
15 0.7882002 0.4853952 0.0271756 0.0169663
31 0.4423292 0.6075526 0.0271756 0.0169663
24 0.5794423 0.6686312 0.0271756 0.0169663
9 0.5794423 0.4853952 0.0271756 0.0169663
11 0.4423292 0.7297099 0.0271756 0.0169663
7 0.7882002 0.7297099 0.0271756 0.0169663
21 0.5115034 0.4853952 0.0271756 0.0169663
16 0.7882002 0.6686312 0.0271756 0.0169663
11 0.3731550 0.6075526 0.0271756 0.0169663
8 0.7882002 0.7907886 0.0271756 0.0169663
21 0.5115034 0.5464739 0.0271756 0.0169663
7 0.6498518 0.6686312 0.0271756 0.0169663
9 0.3731550 0.5464739 0.0271756 0.0169663
17 0.6498518 0.7297099 0.0271756 0.0169663
16 0.5794423 0.7297099 0.0271756 0.0169663
7 0.5115034 0.6686312 0.0271756 0.0169663
27 0.3731550 0.7297099 0.0271756 0.0169663
15 0.4423292 0.6686312 0.0271756 0.0169663
16 0.5794423 0.5464739 0.0271756 0.0169663
5 0.6498518 0.7907886 0.0271756 0.0169663
14 0.7882002 0.5464739 0.0271756 0.0169663
