9 0.6480725 0.7330110 0.0265079 0.0172373
2 0.5131229 0.4847955 0.0265079 0.0172372
32 0.4474555 0.6140744 0.4879872 0.4412719
33 0.4462506 0.4233163 0.4422007 0.0160881
17 0.2432239 0.4847955 0.0265079 0.0172372
34 0.4444433 0.4842210 0.0626552 0.0620538
4 0.4444433 0.4847955 0.0265079 0.0172372
26 0.3106987 0.5468494 0.0265080 0.0172372
2 0.3781734 0.5468494 0.0265079 0.0172372
25 0.4444433 0.7950648 0.0265079 0.0172371
6 0.4444433 0.5468494 0.0265079 0.0172372
29 0.5805977 0.7950648 0.0265079 0.0172371
14 0.3781734 0.6089033 0.0265079 0.0172371
28 0.3781734 0.4847955 0.0265079 0.0172372
18 0.6480725 0.6709572 0.0265079 0.0172371
22 0.3106987 0.7330110 0.0265080 0.0172373
16 0.3106987 0.6089033 0.0265080 0.0172371
30 0.3781734 0.7330110 0.0265079 0.0172373
22 0.6480725 0.6089033 0.0265079 0.0172371
7 0.2432239 0.6709572 0.0265079 0.0172371
5 0.4444433 0.7330110 0.0265079 0.0172373
11 0.2432239 0.7330110 0.0265079 0.0172373
4 0.5131229 0.6709572 0.0265079 0.0172371
20 0.5805977 0.4847955 0.0265079 0.0172372
4 0.6480725 0.5468494 0.0265079 0.0172372
11 0.3106987 0.7950648 0.0265080 0.0172371
3 0.2432239 0.7950648 0.0265079 0.0172371
10 0.6480725 0.4847955 0.0265079 0.0172372
13 0.5805977 0.6089033 0.0265079 0.0172371
7 0.3781734 0.6709572 0.0265079 0.0172371
25 0.5805977 0.5468494 0.0265079 0.0172372
8 0.5131229 0.5468494 0.0265079 0.0172372
13 0.5805977 0.6709572 0.0265079 0.0172371
11 0.5131229 0.7330110 0.0265079 0.0172373
1 0.5131229 0.6089033 0.0265079 0.0172371
17 0.3781734 0.7950648 0.0265079 0.0172371
18 0.3106987 0.6709572 0.0265080 0.0172371
4 0.4444433 0.6709572 0.0265079 0.0172371
3 0.2432239 0.6089033 0.0265079 0.0172371
20 0.3106987 0.4847955 0.0265080 0.0172372
30 0.5805977 0.7330110 0.0265079 0.0172373
16 0.5131229 0.7950648 0.0265079 0.0172371
4 0.2432239 0.5468494 0.0265079 0.0172372
19 0.4444433 0.6089033 0.0265079 0.0172371
24 0.6480725 0.7950648 0.0265079 0.0172371
