22 0.4884392 0.6504191 0.0282491 0.0174594
10 0.4165324 0.4618570 0.0282491 0.0174594
32 0.5622720 0.4670949 0.5200400 0.4469620
33 0.5609880 0.2738770 0.4712461 0.0162955
27 0.3446256 0.3361490 0.0282491 0.0174594
10 0.7760663 0.3361490 0.0282491 0.0174594
34 0.6316107 0.3984211 0.0680546 0.0628541
30 0.6322527 0.3990030 0.0282491 0.0174594
14 0.4884392 0.4618570 0.0282491 0.0174594
6 0.7041595 0.4618570 0.0282491 0.0174594
5 0.6322527 0.5247111 0.0282491 0.0174594
10 0.7760663 0.6504191 0.0282491 0.0174594
22 0.7760663 0.3990030 0.0282491 0.0174594
29 0.6322527 0.4618570 0.0282491 0.0174594
14 0.3446256 0.6504191 0.0282491 0.0174594
22 0.4884392 0.5875651 0.0282491 0.0174594
14 0.7041595 0.5875651 0.0282491 0.0174594
20 0.7760663 0.5247111 0.0282491 0.0174594
30 0.7760663 0.4618570 0.0282491 0.0174594
19 0.4165324 0.3990030 0.0282491 0.0174594
21 0.4165324 0.5247111 0.0282491 0.0174594
16 0.3446256 0.4618570 0.0282491 0.0174594
11 0.5590619 0.5247111 0.0282491 0.0174594
10 0.7041595 0.5247111 0.0282491 0.0174594
14 0.5590619 0.3361490 0.0282491 0.0174594
20 0.6322527 0.6504191 0.0282491 0.0174594
9 0.6322527 0.5875651 0.0282491 0.0174594
4 0.4884392 0.3361490 0.0282491 0.0174594
10 0.7041595 0.3990030 0.0282491 0.0174594
16 0.7041595 0.3361490 0.0282491 0.0174594
9 0.4884392 0.3990030 0.0282491 0.0174594
5 0.3446256 0.5875651 0.0282491 0.0174594
24 0.4165324 0.5875651 0.0282491 0.0174594
30 0.5590619 0.3990030 0.0282491 0.0174594
20 0.3446256 0.5247111 0.0282491 0.0174594
13 0.5590619 0.6504191 0.0282491 0.0174594
14 0.5590619 0.4618570 0.0282491 0.0174594
3 0.7041595 0.6504191 0.0282491 0.0174594
27 0.7760663 0.5875651 0.0282491 0.0174594
19 0.6322527 0.3361490 0.0282491 0.0174594
16 0.5590619 0.5875651 0.0282491 0.0174594
13 0.4884392 0.5247111 0.0282491 0.0174594
28 0.3446256 0.3990030 0.0282491 0.0174594
2 0.4165324 0.6504191 0.0282491 0.0174594
12 0.4165324 0.3361490 0.0282491 0.0174594
