18 0.6108234 0.7738944 0.0283490 0.0172329
5 0.3956288 0.7118561 0.0283490 0.0172329
32 0.6140450 0.5929495 0.5218793 0.4411611
33 0.6127563 0.4022392 0.4729129 0.0160840
26 0.4677899 0.4637031 0.0283490 0.0172328
16 0.6842731 0.4637031 0.0283490 0.0172328
15 0.7564342 0.5877797 0.0283490 0.0172329
1 0.4677899 0.7118561 0.0283490 0.0172329
34 0.8285953 0.7733200 0.0670068 0.0620383
8 0.8285953 0.7738944 0.0283490 0.0172329
5 0.4677899 0.6498180 0.0283490 0.0172329
8 0.3956288 0.4637031 0.0283490 0.0172328
1 0.6842731 0.7118561 0.0283490 0.0172329
19 0.5399509 0.7738944 0.0283490 0.0172329
31 0.8285953 0.6498180 0.0283490 0.0172329
1 0.8285953 0.7118561 0.0283490 0.0172329
31 0.6108234 0.4637031 0.0283490 0.0172328
7 0.4677899 0.5257413 0.0283490 0.0172329
31 0.5399509 0.4637031 0.0283490 0.0172328
7 0.3956288 0.5257413 0.0283490 0.0172329
30 0.6108234 0.5877797 0.0283490 0.0172329
1 0.6108234 0.6498180 0.0283490 0.0172329
26 0.8285953 0.5877797 0.0283490 0.0172329
30 0.6108234 0.5257413 0.0283490 0.0172329
11 0.5399509 0.5877797 0.0283490 0.0172329
6 0.5399509 0.6498180 0.0283490 0.0172329
20 0.4677899 0.5877797 0.0283490 0.0172329
7 0.6842731 0.6498180 0.0283490 0.0172329
30 0.3956288 0.7738944 0.0283490 0.0172329
12 0.6842731 0.7738944 0.0283490 0.0172329
1 0.4677899 0.7738944 0.0283490 0.0172329
16 0.6108234 0.7118561 0.0283490 0.0172329
17 0.7564342 0.6498180 0.0283490 0.0172329
1 0.7564342 0.7118561 0.0283490 0.0172329
28 0.5399509 0.5257413 0.0283490 0.0172329
24 0.8285953 0.4637031 0.0283490 0.0172328
26 0.3956288 0.6498180 0.0283490 0.0172329
12 0.7564342 0.5257413 0.0283490 0.0172329
26 0.6842731 0.5877797 0.0283490 0.0172329
17 0.3956288 0.5877797 0.0283490 0.0172329
2 0.5399509 0.7118561 0.0283490 0.0172329
20 0.6842731 0.5257413 0.0283490 0.0172329
16 0.7564342 0.7738944 0.0283490 0.0172329
29 0.7564342 0.4637031 0.0283490 0.0172328
18 0.8285953 0.5257413 0.0283490 0.0172329
