6 0.6811818 0.4674746 0.0276630 0.0166763
7 0.2586918 0.3474056 0.0276630 0.0166763
32 0.4718229 0.4724775 0.5092514 0.4269121
33 0.4705655 0.2879270 0.4614697 0.0155645
20 0.3995218 0.3474056 0.0276630 0.0166763
14 0.2586918 0.4074401 0.0276630 0.0166763
6 0.3291068 0.4074401 0.0276630 0.0166763
34 0.3995218 0.4669188 0.0653854 0.0600345
16 0.3995218 0.4674746 0.0276630 0.0166763
27 0.3291068 0.5875437 0.0276630 0.0166762
29 0.3995218 0.6475781 0.0276630 0.0166762
29 0.5403518 0.6475781 0.0276630 0.0166762
12 0.2586918 0.5875437 0.0276630 0.0166762
13 0.2586918 0.5275092 0.0276630 0.0166763
31 0.6811818 0.4074401 0.0276630 0.0166763
30 0.2586918 0.6475781 0.0276630 0.0166762
2 0.4686794 0.3474056 0.0276630 0.0166763
20 0.6107668 0.5275092 0.0276630 0.0166763
19 0.3291068 0.3474056 0.0276630 0.0166763
29 0.3995218 0.5275092 0.0276630 0.0166763
10 0.4686794 0.6475781 0.0276630 0.0166762
18 0.5403518 0.4074401 0.0276630 0.0166763
24 0.6107668 0.3474056 0.0276630 0.0166763
25 0.5403518 0.4674746 0.0276630 0.0166763
9 0.4686794 0.5875437 0.0276630 0.0166762
1 0.6107668 0.6475781 0.0276630 0.0166762
21 0.4686794 0.5275092 0.0276630 0.0166763
18 0.5403518 0.5275092 0.0276630 0.0166763
25 0.2586918 0.4674746 0.0276630 0.0166763
18 0.6811818 0.5275092 0.0276630 0.0166763
16 0.3995218 0.5875437 0.0276630 0.0166762
22 0.6811818 0.5875437 0.0276630 0.0166762
19 0.5403518 0.5875437 0.0276630 0.0166762
15 0.4686794 0.4674746 0.0276630 0.0166763
15 0.6811818 0.6475781 0.0276630 0.0166762
14 0.3995218 0.4074401 0.0276630 0.0166763
2 0.4686794 0.4074401 0.0276630 0.0166763
31 0.6107668 0.4674746 0.0276630 0.0166763
6 0.6107668 0.4074401 0.0276630 0.0166763
16 0.3291068 0.4674746 0.0276630 0.0166763
30 0.3291068 0.6475781 0.0276630 0.0166762
10 0.3291068 0.5275092 0.0276630 0.0166763
4 0.6811818 0.3474056 0.0276630 0.0166763
11 0.6107668 0.5875437 0.0276630 0.0166762
2 0.5403518 0.3474056 0.0276630 0.0166763
