20 0.2340854 0.5599867 0.0284958 0.0164656
30 0.0890159 0.5007106 0.0284958 0.0164656
32 0.3085630 0.5649264 0.5245816 0.4215192
33 0.3072678 0.3827072 0.4753616 0.0153679
2 0.3053249 0.5007106 0.0284958 0.0164656
34 0.5242244 0.5001617 0.0673537 0.0592761
15 0.5242244 0.5007106 0.0284958 0.0164656
26 0.0890159 0.6192628 0.0284958 0.0164657
7 0.5242244 0.6192628 0.0284958 0.0164657
15 0.5242244 0.7378151 0.0284958 0.0164655
24 0.4516896 0.7378151 0.0284958 0.0164655
27 0.2340854 0.6192628 0.0284958 0.0164657
11 0.5242244 0.6785390 0.0284958 0.0164655
29 0.3791549 0.7378151 0.0284958 0.0164655
21 0.4516896 0.6192628 0.0284958 0.0164657
19 0.0890159 0.5599867 0.0284958 0.0164656
8 0.1615506 0.4414345 0.0284958 0.0164656
12 0.5242244 0.4414345 0.0284958 0.0164656
21 0.4516896 0.4414345 0.0284958 0.0164656
30 0.2340854 0.4414345 0.0284958 0.0164656
25 0.3053249 0.6785390 0.0284958 0.0164655
9 0.2340854 0.6785390 0.0284958 0.0164655
15 0.3053249 0.4414345 0.0284958 0.0164656
9 0.1615506 0.6785390 0.0284958 0.0164655
2 0.2340854 0.7378151 0.0284958 0.0164655
12 0.3791549 0.5599867 0.0284958 0.0164656
4 0.3791549 0.6192628 0.0284958 0.0164657
27 0.0890159 0.7378151 0.0284958 0.0164655
2 0.3791549 0.4414345 0.0284958 0.0164656
17 0.2340854 0.5007106 0.0284958 0.0164656
7 0.3053249 0.5599867 0.0284958 0.0164656
25 0.4516896 0.5007106 0.0284958 0.0164656
30 0.3791549 0.5007106 0.0284958 0.0164656
17 0.3053249 0.7378151 0.0284958 0.0164655
12 0.5242244 0.5599867 0.0284958 0.0164656
31 0.0890159 0.4414345 0.0284958 0.0164656
19 0.4516896 0.5599867 0.0284958 0.0164656
11 0.0890159 0.6785390 0.0284958 0.0164655
3 0.1615506 0.6192628 0.0284958 0.0164657
19 0.3053249 0.6192628 0.0284958 0.0164657
3 0.1615506 0.5007106 0.0284958 0.0164656
3 0.1615506 0.5599867 0.0284958 0.0164656
2 0.4516896 0.6785390 0.0284958 0.0164655
29 0.3791549 0.6785390 0.0284958 0.0164655
29 0.1615506 0.7378151 0.0284958 0.0164655
