14 0.2593566 0.4907534 0.0273419 0.0159062
5 0.3301969 0.6052782 0.0273419 0.0159062
32 0.2624636 0.6100501 0.5033388 0.4071993
33 0.2612208 0.4340212 0.4561119 0.0148458
7 0.4693918 0.5480158 0.0273418 0.0159062
34 0.1207831 0.6620105 0.0633834 0.0572624
15 0.1214045 0.6625407 0.0273419 0.0159062
21 0.1214045 0.7198031 0.0273419 0.0159062
20 0.1910020 0.7198031 0.0273419 0.0159062
29 0.4693918 0.7198031 0.0273418 0.0159062
5 0.4693918 0.7770654 0.0273418 0.0159062
24 0.3997944 0.4907534 0.0273419 0.0159062
29 0.1214045 0.4907534 0.0273419 0.0159062
3 0.3301969 0.6625407 0.0273419 0.0159062
20 0.1910020 0.6625407 0.0273419 0.0159062
16 0.3301969 0.7770654 0.0273419 0.0159062
18 0.2593566 0.5480158 0.0273419 0.0159062
29 0.1910020 0.4907534 0.0273419 0.0159062
19 0.0518070 0.5480158 0.0273419 0.0159062
4 0.1910020 0.7770654 0.0273419 0.0159062
3 0.1214045 0.5480158 0.0273419 0.0159062
25 0.3997944 0.7770654 0.0273419 0.0159062
18 0.0518070 0.4907534 0.0273419 0.0159062
6 0.0518070 0.7770654 0.0273419 0.0159062
12 0.3997944 0.7198031 0.0273419 0.0159062
1 0.3301969 0.4907534 0.0273419 0.0159062
24 0.0518070 0.7198031 0.0273419 0.0159062
3 0.0518070 0.6052782 0.0273419 0.0159062
27 0.1910020 0.6052782 0.0273419 0.0159062
8 0.4693918 0.6625407 0.0273418 0.0159062
11 0.3997944 0.6625407 0.0273419 0.0159062
3 0.0518070 0.6625407 0.0273419 0.0159062
26 0.1910020 0.5480158 0.0273419 0.0159062
25 0.4693918 0.6052782 0.0273418 0.0159062
2 0.1214045 0.6052782 0.0273419 0.0159062
29 0.2593566 0.7198031 0.0273419 0.0159062
31 0.3997944 0.5480158 0.0273419 0.0159062
29 0.2593566 0.6052782 0.0273419 0.0159062
6 0.1214045 0.7770654 0.0273419 0.0159062
4 0.3997944 0.6052782 0.0273419 0.0159062
9 0.4693918 0.4907534 0.0273418 0.0159062
13 0.2593566 0.6625407 0.0273419 0.0159062
25 0.3301969 0.7198031 0.0273419 0.0159062
28 0.3301969 0.5480158 0.0273419 0.0159062
6 0.2593566 0.7770654 0.0273419 0.0159062
