8 0.2149624 0.5068285 0.0267747 0.0167485
17 0.3512702 0.5671230 0.0267747 0.0167485
32 0.2849418 0.5118530 0.4928986 0.4287605
33 0.2837248 0.3265034 0.4466514 0.0156319
3 0.1468085 0.3862396 0.0267747 0.0167485
16 0.2149624 0.5671230 0.0267747 0.0167485
25 0.4875779 0.5671230 0.0267747 0.0167485
22 0.2149624 0.6274174 0.0267747 0.0167485
34 0.3506617 0.6871536 0.0645028 0.0602945
19 0.3512702 0.6877119 0.0267747 0.0167485
30 0.1468085 0.4465341 0.0267747 0.0167485
3 0.2818993 0.5671230 0.0267747 0.0167485
28 0.0786546 0.6274174 0.0267747 0.0167485
17 0.2818993 0.3862396 0.0267747 0.0167485
9 0.1468085 0.6877119 0.0267747 0.0167485
9 0.4194241 0.3862396 0.0267747 0.0167485
12 0.3512702 0.5068285 0.0267747 0.0167485
18 0.4875779 0.3862396 0.0267747 0.0167485
2 0.4194241 0.4465341 0.0267747 0.0167485
31 0.1468085 0.6274174 0.0267747 0.0167485
26 0.2149624 0.4465341 0.0267747 0.0167485
2 0.4194241 0.6274174 0.0267747 0.0167485
6 0.4194241 0.5671230 0.0267747 0.0167485
19 0.1468085 0.5068285 0.0267747 0.0167485
14 0.4875779 0.6274174 0.0267747 0.0167485
3 0.0786546 0.5671230 0.0267747 0.0167485
14 0.0786546 0.3862396 0.0267747 0.0167485
7 0.0786546 0.4465341 0.0267747 0.0167485
1 0.2818993 0.6877119 0.0267747 0.0167485
29 0.2818993 0.6274174 0.0267747 0.0167485
14 0.2818993 0.4465341 0.0267747 0.0167485
15 0.1468085 0.5671230 0.0267747 0.0167485
28 0.0786546 0.6877119 0.0267747 0.0167485
6 0.3512702 0.4465341 0.0267747 0.0167485
19 0.2149624 0.3862396 0.0267747 0.0167485
22 0.3512702 0.3862396 0.0267747 0.0167485
15 0.0786546 0.5068285 0.0267747 0.0167485
28 0.2149624 0.6877119 0.0267747 0.0167485
19 0.4875779 0.6877119 0.0267747 0.0167485
15 0.4194241 0.6877119 0.0267747 0.0167485
4 0.4194241 0.5068285 0.0267747 0.0167485
11 0.2818993 0.5068285 0.0267747 0.0167485
20 0.4875779 0.4465341 0.0267747 0.0167485
2 0.3512702 0.6274174 0.0267747 0.0167485
25 0.4875779 0.5068285 0.0267747 0.0167485
