9 0.3445565 0.4909023 0.0264243 0.0172708
4 0.4790802 0.4287271 0.0264243 0.0172709
32 0.5481437 0.4960835 0.4864471 0.4421343
33 0.5469426 0.3049526 0.4408052 0.0161195
30 0.6136039 0.4287271 0.0264243 0.0172709
7 0.6136039 0.4909023 0.0264243 0.0172708
34 0.6802651 0.6146768 0.0612563 0.0621751
14 0.6808656 0.6152525 0.0264243 0.0172708
2 0.7481275 0.6152525 0.0264243 0.0172708
17 0.7481275 0.3665520 0.0264243 0.0172709
16 0.5451409 0.5530774 0.0264243 0.0172709
6 0.4790802 0.5530774 0.0264243 0.0172709
16 0.4118184 0.6152525 0.0264243 0.0172708
13 0.5451409 0.3665520 0.0264243 0.0172709
1 0.4118184 0.4287271 0.0264243 0.0172709
1 0.6808656 0.5530774 0.0264243 0.0172709
27 0.5451409 0.4287271 0.0264243 0.0172709
24 0.6808656 0.4287271 0.0264243 0.0172709
13 0.3445565 0.3665520 0.0264243 0.0172709
26 0.6136039 0.6774277 0.0264243 0.0172708
19 0.4790802 0.4909023 0.0264243 0.0172708
27 0.4118184 0.3665520 0.0264243 0.0172709
30 0.4790802 0.6774277 0.0264243 0.0172708
30 0.7481275 0.5530774 0.0264243 0.0172709
15 0.6808656 0.6774277 0.0264243 0.0172708
11 0.4790802 0.6152525 0.0264243 0.0172708
4 0.3445565 0.5530774 0.0264243 0.0172709
6 0.6808656 0.3665520 0.0264243 0.0172709
29 0.4790802 0.3665520 0.0264243 0.0172709
17 0.5451409 0.6774277 0.0264243 0.0172708
11 0.6136039 0.3665520 0.0264243 0.0172709
6 0.4118184 0.6774277 0.0264243 0.0172708
21 0.3445565 0.6774277 0.0264243 0.0172708
30 0.6136039 0.6152525 0.0264243 0.0172708
4 0.5451409 0.4909023 0.0264243 0.0172708
8 0.4118184 0.5530774 0.0264243 0.0172709
8 0.7481275 0.6774277 0.0264243 0.0172708
12 0.6136039 0.5530774 0.0264243 0.0172709
16 0.6808656 0.4909023 0.0264243 0.0172708
8 0.5451409 0.6152525 0.0264243 0.0172708
17 0.7481275 0.4909023 0.0264243 0.0172708
6 0.3445565 0.4287271 0.0264243 0.0172709
28 0.3445565 0.6152525 0.0264243 0.0172708
18 0.4118184 0.4909023 0.0264243 0.0172708
31 0.7481275 0.4287271 0.0264243 0.0172709
