31 0.4844637 0.4321245 0.0286830 0.0173565
15 0.6317902 0.6820577 0.0286830 0.0173564
32 0.4877231 0.4998148 0.5280286 0.4443257
33 0.4864193 0.3077365 0.4784852 0.0161994
12 0.2667333 0.4321245 0.0286831 0.0173565
19 0.4844637 0.5570911 0.0286830 0.0173565
34 0.4127561 0.6189959 0.0677962 0.0624832
13 0.4127560 0.6195744 0.0286831 0.0173564
15 0.7048016 0.6195744 0.0286830 0.0173564
11 0.3397447 0.4321245 0.0286831 0.0173565
1 0.3397447 0.5570911 0.0286831 0.0173565
30 0.7048016 0.6820577 0.0286830 0.0173564
14 0.7048016 0.4946078 0.0286830 0.0173565
15 0.2667333 0.3696412 0.0286831 0.0173565
30 0.4127560 0.4946078 0.0286831 0.0173565
19 0.5587788 0.6195744 0.0286831 0.0173564
2 0.5587788 0.4946078 0.0286831 0.0173565
5 0.2667333 0.4946078 0.0286831 0.0173565
29 0.3397447 0.6820577 0.0286831 0.0173564
27 0.5587788 0.5570911 0.0286831 0.0173565
7 0.6317902 0.3696412 0.0286830 0.0173565
11 0.2667333 0.6195744 0.0286831 0.0173564
28 0.6317902 0.4946078 0.0286830 0.0173565
8 0.2667333 0.6820577 0.0286831 0.0173564
27 0.3397447 0.3696412 0.0286831 0.0173565
19 0.4844637 0.6195744 0.0286830 0.0173564
5 0.4127560 0.4321245 0.0286831 0.0173565
11 0.6317902 0.5570911 0.0286830 0.0173565
29 0.3397447 0.4946078 0.0286831 0.0173565
14 0.3397447 0.6195744 0.0286831 0.0173564
11 0.7048016 0.5570911 0.0286830 0.0173565
31 0.6317902 0.6195744 0.0286830 0.0173564
16 0.4844637 0.3696412 0.0286830 0.0173565
27 0.4127560 0.5570911 0.0286831 0.0173565
27 0.5587788 0.6820577 0.0286831 0.0173564
27 0.4127560 0.3696412 0.0286831 0.0173565
24 0.4127560 0.6820577 0.0286831 0.0173564
1 0.6317902 0.4321245 0.0286830 0.0173565
13 0.4844637 0.4946078 0.0286830 0.0173565
17 0.7048016 0.4321245 0.0286830 0.0173565
9 0.5587788 0.4321245 0.0286831 0.0173565
15 0.2667333 0.5570911 0.0286831 0.0173565
27 0.4844637 0.6820577 0.0286830 0.0173564
31 0.5587788 0.3696412 0.0286831 0.0173565
16 0.7048016 0.3696412 0.0286830 0.0173565
