26 0.5744914 0.6492175 0.0276670 0.0165171
27 0.2223657 0.5302939 0.0276670 0.0165172
32 0.4355275 0.4757873 0.5093246 0.4228394
33 0.4342699 0.2929974 0.4615362 0.0154160
7 0.5744914 0.4113703 0.0276670 0.0165171
34 0.3632160 0.5892051 0.0653948 0.0594618
26 0.3632160 0.5897557 0.0276670 0.0165171
27 0.4323835 0.5897557 0.0276670 0.0165171
9 0.5744914 0.5897557 0.0276670 0.0165171
6 0.2927909 0.6492175 0.0276670 0.0165171
4 0.2223657 0.5897557 0.0276670 0.0165171
16 0.6449165 0.4113703 0.0276670 0.0165171
30 0.5040663 0.4113703 0.0276670 0.0165171
25 0.3632160 0.5302939 0.0276670 0.0165172
28 0.5744914 0.3519086 0.0276670 0.0165172
15 0.2223657 0.4708321 0.0276670 0.0165171
20 0.2927909 0.5302939 0.0276670 0.0165172
31 0.3632160 0.3519086 0.0276670 0.0165172
17 0.2927909 0.4708321 0.0276670 0.0165171
2 0.3632160 0.4113703 0.0276670 0.0165171
31 0.4323835 0.6492175 0.0276670 0.0165171
14 0.6449165 0.5897557 0.0276670 0.0165171
24 0.4323835 0.5302939 0.0276670 0.0165172
24 0.6449165 0.4708321 0.0276670 0.0165171
1 0.2223657 0.4113703 0.0276670 0.0165171
17 0.4323835 0.4708321 0.0276670 0.0165171
1 0.5040663 0.5897557 0.0276670 0.0165171
1 0.2223657 0.3519086 0.0276670 0.0165172
3 0.6449165 0.5302939 0.0276670 0.0165172
27 0.3632160 0.6492175 0.0276670 0.0165171
28 0.2223657 0.6492175 0.0276670 0.0165171
20 0.5040663 0.5302939 0.0276670 0.0165172
28 0.5040663 0.6492175 0.0276670 0.0165171
21 0.5744914 0.5302939 0.0276670 0.0165172
6 0.2927909 0.3519086 0.0276670 0.0165172
18 0.2927909 0.4113703 0.0276670 0.0165171
22 0.5744914 0.4708321 0.0276670 0.0165171
9 0.4323835 0.4113703 0.0276670 0.0165171
10 0.4323835 0.3519086 0.0276670 0.0165172
14 0.5040663 0.4708321 0.0276670 0.0165171
2 0.2927909 0.5897557 0.0276670 0.0165171
6 0.6449165 0.6492175 0.0276670 0.0165171
3 0.3632160 0.4708321 0.0276670 0.0165171
31 0.6449165 0.3519086 0.0276670 0.0165172
18 0.5040663 0.3519086 0.0276670 0.0165172
