17 0.1424794 0.4326358 0.0264251 0.0161185
19 0.5460626 0.4326358 0.0264251 0.0161185
32 0.3460727 0.5535246 0.4864619 0.4126338
33 0.3448716 0.3751465 0.4408186 0.0150439
21 0.4115349 0.4326358 0.0264251 0.0161185
13 0.5460626 0.6067158 0.0264251 0.0161185
11 0.4115349 0.6647424 0.0264251 0.0161185
34 0.4109343 0.7222317 0.0636604 0.0580266
2 0.4115349 0.7227691 0.0264251 0.0161185
3 0.2770071 0.4326358 0.0264251 0.0161185
30 0.2770071 0.5486891 0.0264251 0.0161185
3 0.2097433 0.6067158 0.0264251 0.0161185
14 0.2097433 0.6647424 0.0264251 0.0161185
12 0.2770071 0.6067158 0.0264251 0.0161185
4 0.1424794 0.6647424 0.0264251 0.0161185
27 0.3430699 0.6647424 0.0264251 0.0161185
13 0.5460626 0.6647424 0.0264251 0.0161185
2 0.4787988 0.7227691 0.0264251 0.0161185
16 0.3430699 0.4906625 0.0264251 0.0161185
31 0.1424794 0.4906625 0.0264251 0.0161185
7 0.2097433 0.5486891 0.0264251 0.0161185
26 0.2097433 0.4326358 0.0264251 0.0161185
29 0.3430699 0.6067158 0.0264251 0.0161185
27 0.2770071 0.6647424 0.0264251 0.0161185
18 0.5460626 0.4906625 0.0264251 0.0161185
17 0.3430699 0.4326358 0.0264251 0.0161185
22 0.4787988 0.4326358 0.0264251 0.0161185
20 0.4787988 0.6647424 0.0264251 0.0161185
22 0.1424794 0.6067158 0.0264251 0.0161185
14 0.2770071 0.7227691 0.0264251 0.0161185
5 0.3430699 0.7227691 0.0264251 0.0161185
28 0.5460626 0.7227691 0.0264251 0.0161185
24 0.4115349 0.4906625 0.0264251 0.0161185
15 0.4787988 0.6067158 0.0264251 0.0161185
31 0.3430699 0.5486891 0.0264251 0.0161185
17 0.4115349 0.5486891 0.0264251 0.0161185
22 0.1424794 0.5486891 0.0264251 0.0161185
29 0.2097433 0.4906625 0.0264251 0.0161185
13 0.1424794 0.7227691 0.0264251 0.0161185
16 0.5460626 0.5486891 0.0264251 0.0161185
14 0.2770071 0.4906625 0.0264251 0.0161185
7 0.4787988 0.4906625 0.0264251 0.0161185
2 0.2097433 0.7227691 0.0264251 0.0161185
31 0.4115349 0.6067158 0.0264251 0.0161185
15 0.4787988 0.5486891 0.0264251 0.0161185
