2 0.6356797 0.2286152 0.0273309 0.0162290
2 0.4965406 0.4038883 0.0273309 0.0162290
32 0.5679736 0.3503326 0.5031366 0.4154623
33 0.5667313 0.1707318 0.4559288 0.0151471
3 0.7748187 0.3454639 0.0273309 0.0162290
34 0.3574016 0.4033474 0.0646003 0.0584243
4 0.3574016 0.4038883 0.0273309 0.0162290
13 0.4269711 0.4623127 0.0273309 0.0162290
6 0.6356797 0.5207371 0.0273309 0.0162290
25 0.4269711 0.2870396 0.0273309 0.0162290
2 0.5648679 0.2286152 0.0273309 0.0162290
27 0.4269711 0.4038883 0.0273309 0.0162290
21 0.5648679 0.5207371 0.0273309 0.0162290
15 0.5648679 0.4623127 0.0273309 0.0162290
10 0.3574016 0.3454639 0.0273309 0.0162290
14 0.5648679 0.4038883 0.0273309 0.0162290
5 0.4965406 0.4623127 0.0273309 0.0162290
11 0.4965406 0.2870396 0.0273309 0.0162290
31 0.6356797 0.4623127 0.0273309 0.0162290
4 0.7748187 0.4038883 0.0273309 0.0162290
26 0.4965406 0.2286152 0.0273309 0.0162290
10 0.4269711 0.2286152 0.0273309 0.0162290
30 0.4269711 0.5207371 0.0273309 0.0162290
22 0.7748187 0.5207371 0.0273309 0.0162290
7 0.6356797 0.3454639 0.0273309 0.0162290
19 0.7052492 0.3454639 0.0273309 0.0162290
14 0.7052492 0.2286152 0.0273309 0.0162290
1 0.5648679 0.3454639 0.0273309 0.0162290
17 0.4965406 0.3454639 0.0273309 0.0162290
22 0.7052492 0.4038883 0.0273309 0.0162290
19 0.6356797 0.4038883 0.0273309 0.0162290
4 0.3574016 0.2870396 0.0273309 0.0162290
7 0.7052492 0.2870396 0.0273309 0.0162290
13 0.7052492 0.5207371 0.0273309 0.0162290
31 0.7748187 0.2870396 0.0273309 0.0162290
9 0.3574016 0.5207371 0.0273309 0.0162290
13 0.7052492 0.4623127 0.0273309 0.0162290
10 0.5648679 0.2870396 0.0273309 0.0162290
28 0.3574016 0.4623127 0.0273309 0.0162290
29 0.7748187 0.4623127 0.0273309 0.0162290
10 0.4965406 0.5207371 0.0273309 0.0162290
3 0.3574016 0.2286152 0.0273309 0.0162290
18 0.7748187 0.2286152 0.0273309 0.0162290
11 0.6356797 0.2870396 0.0273309 0.0162290
3 0.4269711 0.3454639 0.0273309 0.0162290
