30 0.2486134 0.5903470 0.0263442 0.0161092
30 0.5168450 0.5323538 0.0263442 0.0161092
32 0.3845254 0.4212003 0.4849724 0.4123957
33 0.3833279 0.2429251 0.4394688 0.0150352
24 0.3815318 0.3003813 0.0263442 0.0161092
17 0.1815555 0.4163675 0.0263442 0.0161092
34 0.3156713 0.4738237 0.0622681 0.0579932
17 0.3156713 0.4743607 0.0263442 0.0161092
14 0.5168450 0.5903470 0.0263442 0.0161092
18 0.4497871 0.5903470 0.0263442 0.0161092
6 0.3815318 0.3583744 0.0263442 0.0161092
17 0.3815318 0.4743607 0.0263442 0.0161092
20 0.5168450 0.3003813 0.0263442 0.0161092
21 0.2486134 0.4743607 0.0263442 0.0161092
18 0.2486134 0.5323538 0.0263442 0.0161092
26 0.3156713 0.3583744 0.0263442 0.0161092
31 0.1815555 0.4743607 0.0263442 0.0161092
1 0.5839030 0.5323538 0.0263442 0.0161092
17 0.2486134 0.3583744 0.0263442 0.0161092
22 0.4497871 0.5323538 0.0263442 0.0161092
24 0.5839030 0.3583744 0.0263442 0.0161092
30 0.4497871 0.4743607 0.0263442 0.0161092
29 0.5839030 0.5903470 0.0263442 0.0161092
26 0.2486134 0.4163675 0.0263442 0.0161092
12 0.5168450 0.4163675 0.0263442 0.0161092
26 0.1815555 0.3003813 0.0263442 0.0161092
4 0.3815318 0.5903470 0.0263442 0.0161092
13 0.5839030 0.3003813 0.0263442 0.0161092
4 0.5168450 0.4743607 0.0263442 0.0161092
16 0.4497871 0.4163675 0.0263442 0.0161092
1 0.3815318 0.5323538 0.0263442 0.0161092
20 0.3156713 0.3003813 0.0263442 0.0161092
3 0.1815555 0.5903470 0.0263442 0.0161092
6 0.3156713 0.5323538 0.0263442 0.0161092
16 0.5839030 0.4163675 0.0263442 0.0161092
14 0.3156713 0.4163675 0.0263442 0.0161092
18 0.1815555 0.3583744 0.0263442 0.0161092
19 0.5168450 0.3583744 0.0263442 0.0161092
20 0.4497871 0.3003813 0.0263442 0.0161092
22 0.2486134 0.3003813 0.0263442 0.0161092
13 0.3815318 0.4163675 0.0263442 0.0161092
21 0.1815555 0.5323538 0.0263442 0.0161092
28 0.4497871 0.3583744 0.0263442 0.0161092
11 0.3156713 0.5903470 0.0263442 0.0161092
2 0.5839030 0.4743607 0.0263442 0.0161092
