4 0.6047174 0.5219342 0.0267728 0.0171057
17 0.4684196 0.5835147 0.0267728 0.0171057
32 0.5383939 0.4039049 0.4928628 0.4379058
33 0.5371770 0.2146019 0.4466189 0.0159653
14 0.4684196 0.3371927 0.0267728 0.0171056
13 0.3321217 0.4603537 0.0267728 0.0171057
11 0.7410153 0.5219342 0.0267728 0.0171057
34 0.3996622 0.5829445 0.0620642 0.0615805
1 0.4002706 0.5835147 0.0267728 0.0171057
5 0.6047174 0.4603537 0.0267728 0.0171057
9 0.6047174 0.2756122 0.0267728 0.0171057
19 0.4684196 0.3987732 0.0267728 0.0171057
11 0.5353516 0.5835147 0.0267728 0.0171057
10 0.3321217 0.3987732 0.0267728 0.0171057
9 0.6728664 0.5835147 0.0267728 0.0171057
3 0.6728664 0.2756122 0.0267728 0.0171057
4 0.5353516 0.3371927 0.0267728 0.0171056
7 0.6728664 0.3371927 0.0267728 0.0171056
31 0.6047174 0.3371927 0.0267728 0.0171056
30 0.5353516 0.3987732 0.0267728 0.0171057
25 0.6047174 0.3987732 0.0267728 0.0171057
25 0.4002706 0.2756122 0.0267728 0.0171057
11 0.3321217 0.2756122 0.0267728 0.0171057
16 0.7410153 0.4603537 0.0267728 0.0171057
8 0.4684196 0.2756122 0.0267728 0.0171057
2 0.5353516 0.4603537 0.0267728 0.0171057
18 0.4002706 0.4603537 0.0267728 0.0171057
13 0.4684196 0.5219342 0.0267728 0.0171057
4 0.3321217 0.3371927 0.0267728 0.0171056
15 0.7410153 0.3371927 0.0267728 0.0171056
12 0.5353516 0.2756122 0.0267728 0.0171057
26 0.7410153 0.5835147 0.0267728 0.0171057
20 0.6728664 0.4603537 0.0267728 0.0171057
13 0.3321217 0.5219342 0.0267728 0.0171057
30 0.6728664 0.5219342 0.0267728 0.0171057
11 0.6047174 0.5835147 0.0267728 0.0171057
2 0.4002706 0.5219342 0.0267728 0.0171057
2 0.6728664 0.3987732 0.0267728 0.0171057
18 0.4002706 0.3371927 0.0267728 0.0171056
8 0.4684196 0.4603537 0.0267728 0.0171057
7 0.5353516 0.5219342 0.0267728 0.0171057
10 0.3321217 0.5835147 0.0267728 0.0171057
8 0.7410153 0.2756122 0.0267728 0.0171057
6 0.7410153 0.3987732 0.0267728 0.0171057
17 0.4002706 0.3987732 0.0267728 0.0171057
