3 0.2232837 0.4333693 0.0266429 0.0167094
24 0.2232837 0.2529083 0.0266429 0.0167094
32 0.4285550 0.3782285 0.4904714 0.4277595
33 0.4273440 0.1933116 0.4444519 0.0155954
13 0.2232837 0.3130620 0.0266429 0.0167094
19 0.3589202 0.3732157 0.0266429 0.0167094
34 0.5617695 0.4929660 0.0617631 0.0601537
4 0.5623750 0.4935230 0.0266429 0.0167094
27 0.4255274 0.5536767 0.0266429 0.0167094
26 0.6301933 0.3130620 0.0266428 0.0167094
14 0.4255274 0.3732157 0.0266429 0.0167094
16 0.3589202 0.5536767 0.0266429 0.0167094
22 0.2232837 0.4935230 0.0266429 0.0167094
28 0.2911019 0.2529083 0.0266429 0.0167094
20 0.4255274 0.4333693 0.0266429 0.0167094
27 0.4945567 0.5536767 0.0266429 0.0167094
13 0.4945567 0.3130620 0.0266429 0.0167094
4 0.2911019 0.3130620 0.0266429 0.0167094
21 0.5623750 0.3130620 0.0266429 0.0167094
3 0.2911019 0.4333693 0.0266429 0.0167094
13 0.2911019 0.3732157 0.0266429 0.0167094
1 0.2232837 0.5536767 0.0266429 0.0167094
5 0.4255274 0.4935230 0.0266429 0.0167094
31 0.3589202 0.3130620 0.0266429 0.0167094
14 0.3589202 0.2529083 0.0266429 0.0167094
19 0.2911019 0.5536767 0.0266429 0.0167094
27 0.5623750 0.5536767 0.0266429 0.0167094
22 0.2232837 0.3732157 0.0266429 0.0167094
2 0.5623750 0.2529083 0.0266429 0.0167094
9 0.6301933 0.4935230 0.0266428 0.0167094
1 0.4945567 0.3732157 0.0266429 0.0167094
5 0.3589202 0.4935230 0.0266429 0.0167094
30 0.6301933 0.5536767 0.0266428 0.0167094
27 0.6301933 0.3732157 0.0266428 0.0167094
29 0.2911019 0.4935230 0.0266429 0.0167094
8 0.4945567 0.4333693 0.0266429 0.0167094
22 0.3589202 0.4333693 0.0266429 0.0167094
12 0.6301933 0.4333693 0.0266428 0.0167094
17 0.4255274 0.3130620 0.0266429 0.0167094
2 0.6301933 0.2529083 0.0266428 0.0167094
7 0.4255274 0.2529083 0.0266429 0.0167094
4 0.4945567 0.4935230 0.0266429 0.0167094
12 0.5623750 0.3732157 0.0266429 0.0167094
24 0.4945567 0.2529083 0.0266429 0.0167094
24 0.5623750 0.4333693 0.0266429 0.0167094
