19 0.6261650 0.6557853 0.0274729 0.0166715
16 0.6960962 0.4757331 0.0274730 0.0166715
32 0.5581071 0.4807346 0.5057519 0.4267903
33 0.5568583 0.2962367 0.4582986 0.0155601
27 0.7660273 0.4157157 0.0274730 0.0166715
34 0.6255407 0.4751774 0.0661848 0.0600174
3 0.6261650 0.4757331 0.0274729 0.0166715
26 0.4163717 0.5957680 0.0274730 0.0166715
1 0.6960962 0.5957680 0.0274730 0.0166715
11 0.4163717 0.4157157 0.0274730 0.0166715
12 0.6960962 0.3556984 0.0274730 0.0166715
27 0.6261650 0.5957680 0.0274729 0.0166715
14 0.4863028 0.5357505 0.0274730 0.0166715
24 0.5549852 0.5957680 0.0274729 0.0166715
9 0.4163717 0.4757331 0.0274730 0.0166715
12 0.3464406 0.3556984 0.0274730 0.0166715
28 0.4863028 0.3556984 0.0274730 0.0166715
16 0.5549852 0.4757331 0.0274729 0.0166715
10 0.6960962 0.5357505 0.0274730 0.0166715
13 0.4163717 0.5357505 0.0274730 0.0166715
31 0.7660273 0.3556984 0.0274730 0.0166715
16 0.6960962 0.6557853 0.0274730 0.0166715
1 0.5549852 0.5357505 0.0274729 0.0166715
28 0.4163717 0.6557853 0.0274730 0.0166715
16 0.3464406 0.5957680 0.0274730 0.0166715
7 0.3464406 0.6557853 0.0274730 0.0166715
13 0.4863028 0.6557853 0.0274730 0.0166715
20 0.4863028 0.4757331 0.0274730 0.0166715
13 0.6261650 0.4157157 0.0274729 0.0166715
1 0.6261650 0.3556984 0.0274729 0.0166715
25 0.5549852 0.4157157 0.0274729 0.0166715
3 0.6261650 0.5357505 0.0274729 0.0166715
9 0.4163717 0.3556984 0.0274730 0.0166715
4 0.4863028 0.5957680 0.0274730 0.0166715
8 0.7660273 0.5357505 0.0274730 0.0166715
20 0.7660273 0.5957680 0.0274730 0.0166715
20 0.3464406 0.5357505 0.0274730 0.0166715
21 0.3464406 0.4757331 0.0274730 0.0166715
29 0.5549852 0.6557853 0.0274729 0.0166715
10 0.5549852 0.3556984 0.0274729 0.0166715
19 0.3464406 0.4157157 0.0274730 0.0166715
3 0.7660273 0.6557853 0.0274730 0.0166715
22 0.7660273 0.4757331 0.0274730 0.0166715
10 0.4863028 0.4157157 0.0274730 0.0166715
17 0.6960962 0.4157157 0.0274730 0.0166715
