30 0.5013680 0.6244040 0.0267113 0.0162446
1 0.2293984 0.3320018 0.0267113 0.0162445
32 0.3672044 0.4538361 0.4917306 0.4158610
33 0.3659903 0.2740628 0.4455929 0.0151616
34 0.2287914 0.4484212 0.0619216 0.0584805
6 0.2293984 0.4489627 0.0267113 0.0162446
25 0.1614061 0.5074432 0.0267113 0.0162446
10 0.5013680 0.5074432 0.0267113 0.0162446
20 0.1614061 0.5659236 0.0267113 0.0162446
25 0.3641690 0.3904822 0.0267113 0.0162446
19 0.3641690 0.5659236 0.0267113 0.0162446
29 0.1614061 0.3320018 0.0267113 0.0162445
11 0.2973908 0.3904822 0.0267113 0.0162446
28 0.2293984 0.5659236 0.0267113 0.0162446
6 0.4333755 0.3320018 0.0267113 0.0162445
29 0.5693603 0.3320018 0.0267113 0.0162445
9 0.5693603 0.6244040 0.0267113 0.0162446
9 0.4333755 0.5074432 0.0267113 0.0162446
30 0.5693603 0.5074432 0.0267113 0.0162446
16 0.3641690 0.4489627 0.0267113 0.0162446
17 0.5693603 0.4489627 0.0267113 0.0162446
27 0.4333755 0.4489627 0.0267113 0.0162446
5 0.4333755 0.5659236 0.0267113 0.0162446
22 0.2973908 0.4489627 0.0267113 0.0162446
2 0.2293984 0.3904822 0.0267113 0.0162446
9 0.1614061 0.4489627 0.0267113 0.0162446
15 0.2293984 0.6244040 0.0267113 0.0162446
20 0.3641690 0.5074432 0.0267113 0.0162446
15 0.5013680 0.4489627 0.0267113 0.0162446
29 0.4333755 0.3904822 0.0267113 0.0162446
13 0.2973908 0.5659236 0.0267113 0.0162446
29 0.5013680 0.3904822 0.0267113 0.0162446
5 0.4333755 0.6244040 0.0267113 0.0162446
25 0.1614061 0.6244040 0.0267113 0.0162446
13 0.2293984 0.5074432 0.0267113 0.0162446
8 0.2973908 0.6244040 0.0267113 0.0162446
31 0.2973908 0.3320018 0.0267113 0.0162445
3 0.5693603 0.5659236 0.0267113 0.0162446
14 0.2973908 0.5074432 0.0267113 0.0162446
19 0.5013680 0.3320018 0.0267113 0.0162445
31 0.3641690 0.6244040 0.0267113 0.0162446
2 0.5013680 0.5659236 0.0267113 0.0162446
18 0.5693603 0.3904822 0.0267113 0.0162446
7 0.3641690 0.3320018 0.0267113 0.0162445
15 0.1614061 0.3904822 0.0267113 0.0162446
