31 0.4115350 0.5628598 0.0281360 0.0166492
22 0.6251125 0.6227968 0.0281359 0.0166492
32 0.6283098 0.4479805 0.5179575 0.4262188
33 0.6270309 0.2637296 0.4693591 0.0155392
26 0.8412479 0.3830487 0.0281359 0.0166492
34 0.4825143 0.4424307 0.0652243 0.0599370
24 0.4831538 0.4429857 0.0281359 0.0166492
5 0.8412479 0.4429857 0.0281359 0.0166492
20 0.4831538 0.6227968 0.0281359 0.0166492
17 0.4115350 0.4429857 0.0281360 0.0166492
20 0.4115350 0.3231117 0.0281360 0.0166492
26 0.5547726 0.5628598 0.0281360 0.0166492
29 0.7696291 0.6227968 0.0281360 0.0166492
24 0.6980103 0.4429857 0.0281360 0.0166492
4 0.4115350 0.5029227 0.0281360 0.0166492
19 0.7696291 0.5628598 0.0281360 0.0166492
18 0.5547726 0.5029227 0.0281360 0.0166492
18 0.6980103 0.6227968 0.0281360 0.0166492
7 0.5547726 0.4429857 0.0281360 0.0166492
30 0.4831538 0.5029227 0.0281359 0.0166492
29 0.6980103 0.3830487 0.0281360 0.0166492
15 0.8412479 0.3231117 0.0281359 0.0166492
5 0.4831538 0.5628598 0.0281359 0.0166492
8 0.7696291 0.3231117 0.0281360 0.0166492
21 0.4831538 0.3830487 0.0281359 0.0166492
14 0.6251125 0.5628598 0.0281359 0.0166492
30 0.5547726 0.3231117 0.0281360 0.0166492
20 0.7696291 0.3830487 0.0281360 0.0166492
8 0.6251125 0.4429857 0.0281359 0.0166492
21 0.6251125 0.5029227 0.0281359 0.0166492
31 0.8412479 0.5628598 0.0281359 0.0166492
28 0.7696291 0.5029227 0.0281360 0.0166492
17 0.8412479 0.5029227 0.0281359 0.0166492
13 0.4115350 0.6227968 0.0281360 0.0166492
16 0.5547726 0.6227968 0.0281360 0.0166492
24 0.8412479 0.6227968 0.0281359 0.0166492
30 0.6980103 0.5029227 0.0281360 0.0166492
16 0.4115350 0.3830487 0.0281360 0.0166492
10 0.4831538 0.3231117 0.0281359 0.0166492
14 0.5547726 0.3830487 0.0281360 0.0166492
15 0.6980103 0.5628598 0.0281360 0.0166492
15 0.6251125 0.3231117 0.0281359 0.0166492
16 0.7696291 0.4429857 0.0281360 0.0166492
5 0.6980103 0.3231117 0.0281360 0.0166492
8 0.6251125 0.3830487 0.0281359 0.0166492
