29 0.2580017 0.3561058 0.0271055 0.0166044
9 0.4662209 0.4756577 0.0271054 0.0166045
32 0.2610818 0.4208630 0.4989870 0.4250736
33 0.2598498 0.2371073 0.4521685 0.0154975
30 0.1212423 0.2963298 0.0271055 0.0166044
7 0.1902380 0.2963298 0.0271055 0.0166044
34 0.1206262 0.5348802 0.0628354 0.0597760
18 0.1212423 0.5354337 0.0271055 0.0166044
5 0.1212423 0.5952097 0.0271055 0.0166044
31 0.2580017 0.2963298 0.0271055 0.0166044
8 0.1902380 0.5354337 0.0271055 0.0166044
8 0.2580017 0.4756577 0.0271055 0.0166045
22 0.3972252 0.4756577 0.0271055 0.0166045
26 0.3282295 0.5952097 0.0271055 0.0166044
16 0.1902380 0.4756577 0.0271055 0.0166045
13 0.1902380 0.3561058 0.0271055 0.0166044
18 0.0522465 0.2963298 0.0271055 0.0166044
26 0.4662209 0.4158817 0.0271054 0.0166045
5 0.0522465 0.3561058 0.0271055 0.0166044
2 0.0522465 0.4158817 0.0271055 0.0166045
1 0.1212423 0.4756577 0.0271055 0.0166045
17 0.4662209 0.3561058 0.0271054 0.0166044
12 0.3972252 0.5354337 0.0271055 0.0166044
11 0.3282295 0.4158817 0.0271055 0.0166045
1 0.3282295 0.2963298 0.0271055 0.0166044
26 0.3282295 0.4756577 0.0271055 0.0166045
22 0.2580017 0.4158817 0.0271055 0.0166045
10 0.2580017 0.5354337 0.0271055 0.0166044
27 0.2580017 0.5952097 0.0271055 0.0166044
11 0.3972252 0.5952097 0.0271055 0.0166044
24 0.3282295 0.5354337 0.0271055 0.0166044
3 0.3282295 0.3561058 0.0271055 0.0166044
26 0.1902380 0.5952097 0.0271055 0.0166044
31 0.3972252 0.3561058 0.0271055 0.0166044
7 0.0522465 0.5952097 0.0271055 0.0166044
12 0.4662209 0.5354337 0.0271054 0.0166044
1 0.1212423 0.3561058 0.0271055 0.0166044
19 0.3972252 0.4158817 0.0271055 0.0166045
6 0.4662209 0.2963298 0.0271054 0.0166044
22 0.0522465 0.4756577 0.0271055 0.0166045
22 0.1902380 0.4158817 0.0271055 0.0166045
9 0.3972252 0.2963298 0.0271055 0.0166044
28 0.4662209 0.5952097 0.0271054 0.0166044
16 0.0522465 0.5354337 0.0271055 0.0166044
3 0.1212423 0.4158817 0.0271055 0.0166045
