8 0.5658257 0.5770946 0.0281015 0.0170117
30 0.8519501 0.7608204 0.0281015 0.0170116
32 0.6392728 0.5821981 0.5173232 0.4354983
33 0.6379955 0.3939359 0.4687841 0.0158775
30 0.5658257 0.4546107 0.0281015 0.0170117
12 0.7804190 0.5770946 0.0281015 0.0170117
2 0.8519501 0.5770946 0.0281015 0.0170117
34 0.4936559 0.6990114 0.0651444 0.0612420
12 0.4942946 0.6995785 0.0281015 0.0170117
13 0.7804190 0.6383365 0.0281015 0.0170116
20 0.8519501 0.4546107 0.0281015 0.0170117
26 0.7804190 0.4546107 0.0281015 0.0170117
22 0.5658257 0.7608204 0.0281015 0.0170116
25 0.4942946 0.5770946 0.0281015 0.0170117
3 0.8519501 0.6383365 0.0281015 0.0170116
3 0.7804190 0.5158527 0.0281015 0.0170117
12 0.4942946 0.5158527 0.0281015 0.0170117
29 0.7088879 0.4546107 0.0281015 0.0170117
31 0.5658257 0.6995785 0.0281015 0.0170117
16 0.7804190 0.6995785 0.0281015 0.0170117
10 0.4227635 0.7608204 0.0281015 0.0170116
4 0.5658257 0.5158527 0.0281015 0.0170117
31 0.4942946 0.4546107 0.0281015 0.0170117
1 0.7088879 0.6383365 0.0281015 0.0170116
14 0.4227635 0.5158527 0.0281015 0.0170117
10 0.7804190 0.7608204 0.0281015 0.0170116
6 0.4227635 0.4546107 0.0281015 0.0170117
29 0.6360795 0.5770946 0.0281015 0.0170117
28 0.6360795 0.6995785 0.0281015 0.0170117
16 0.7088879 0.6995785 0.0281015 0.0170117
3 0.4227635 0.6383365 0.0281015 0.0170116
3 0.8519501 0.6995785 0.0281015 0.0170117
27 0.7088879 0.7608204 0.0281015 0.0170116
30 0.4227635 0.6995785 0.0281015 0.0170117
10 0.6360795 0.5158527 0.0281015 0.0170117
3 0.8519501 0.5158527 0.0281015 0.0170117
1 0.7088879 0.5770946 0.0281015 0.0170117
24 0.6360795 0.6383365 0.0281015 0.0170116
16 0.6360795 0.4546107 0.0281015 0.0170117
30 0.6360795 0.7608204 0.0281015 0.0170116
19 0.7088879 0.5158527 0.0281015 0.0170117
30 0.4942946 0.7608204 0.0281015 0.0170116
12 0.4227635 0.5770946 0.0281015 0.0170117
5 0.5658257 0.6383365 0.0281015 0.0170116
17 0.4942946 0.6383365 0.0281015 0.0170116
