27 0.6075684 0.8020732 0.0275724 0.0164102
10 0.6777527 0.8020732 0.0275724 0.0164102
32 0.5392640 0.6297658 0.5075832 0.4201019
33 0.5380107 0.4481592 0.4599581 0.0153162
7 0.6075684 0.5657659 0.0275724 0.0164103
11 0.3970153 0.6248427 0.0275724 0.0164102
34 0.7479370 0.6242958 0.0651712 0.0590769
25 0.7479370 0.6248427 0.0275724 0.0164102
26 0.6075684 0.6839196 0.0275724 0.0164102
14 0.7479370 0.7429964 0.0275724 0.0164103
20 0.3268310 0.6839196 0.0275724 0.0164102
26 0.6777527 0.5066891 0.0275724 0.0164103
29 0.4671997 0.5066891 0.0275724 0.0164103
5 0.7479370 0.5657659 0.0275724 0.0164103
27 0.3970153 0.5657659 0.0275724 0.0164103
21 0.5361308 0.8020732 0.0275724 0.0164102
15 0.4671997 0.8020732 0.0275724 0.0164102
25 0.6777527 0.5657659 0.0275724 0.0164103
12 0.6075684 0.7429964 0.0275724 0.0164103
5 0.5361308 0.5066891 0.0275724 0.0164103
29 0.7479370 0.5066891 0.0275724 0.0164103
10 0.7479370 0.8020732 0.0275724 0.0164102
28 0.6777527 0.7429964 0.0275724 0.0164103
16 0.3268310 0.7429964 0.0275724 0.0164103
21 0.6777527 0.6839196 0.0275724 0.0164102
3 0.4671997 0.6248427 0.0275724 0.0164102
13 0.6075684 0.5066891 0.0275724 0.0164103
16 0.7479370 0.6839196 0.0275724 0.0164102
27 0.3268310 0.5066891 0.0275724 0.0164103
10 0.3970153 0.8020732 0.0275724 0.0164102
6 0.4671997 0.5657659 0.0275724 0.0164103
27 0.3970153 0.7429964 0.0275724 0.0164103
16 0.3970153 0.6839196 0.0275724 0.0164102
16 0.3970153 0.5066891 0.0275724 0.0164103
26 0.6075684 0.6248427 0.0275724 0.0164102
10 0.3268310 0.6248427 0.0275724 0.0164102
29 0.5361308 0.6839196 0.0275724 0.0164102
7 0.5361308 0.7429964 0.0275724 0.0164103
19 0.4671997 0.7429964 0.0275724 0.0164103
30 0.5361308 0.5657659 0.0275724 0.0164103
18 0.4671997 0.6839196 0.0275724 0.0164102
18 0.5361308 0.6248427 0.0275724 0.0164102
1 0.3268310 0.5657659 0.0275724 0.0164103
19 0.6777527 0.6248427 0.0275724 0.0164102
20 0.3268310 0.8020732 0.0275724 0.0164102
