20 0.1942603 0.4756579 0.0286871 0.0174819
31 0.1942603 0.3497887 0.0286871 0.0174818
32 0.4152810 0.4809025 0.5281025 0.4475350
33 0.4139770 0.2874368 0.4785521 0.0163164
8 0.5593682 0.4127233 0.0286871 0.0174818
34 0.5587162 0.5380098 0.0665018 0.0629346
20 0.5593682 0.5385925 0.0286871 0.0174818
13 0.6323898 0.5385925 0.0286870 0.0174818
25 0.5593682 0.6644617 0.0286871 0.0174818
15 0.5593682 0.3497887 0.0286871 0.0174818
22 0.3403035 0.4127233 0.0286871 0.0174818
14 0.3403035 0.6644617 0.0286871 0.0174818
31 0.3403035 0.5385925 0.0286871 0.0174818
11 0.2672819 0.5385925 0.0286870 0.0174818
24 0.2672819 0.3497887 0.0286870 0.0174818
22 0.4120211 0.6644617 0.0286871 0.0174818
10 0.4120211 0.5385925 0.0286871 0.0174818
22 0.4120211 0.4756579 0.0286871 0.0174819
16 0.4863466 0.6015272 0.0286870 0.0174818
9 0.3403035 0.6015272 0.0286871 0.0174818
4 0.6323898 0.6644617 0.0286870 0.0174818
28 0.4863466 0.5385925 0.0286870 0.0174818
5 0.4120211 0.6015272 0.0286871 0.0174818
4 0.6323898 0.3497887 0.0286870 0.0174818
6 0.3403035 0.3497887 0.0286871 0.0174818
29 0.6323898 0.4127233 0.0286870 0.0174818
25 0.5593682 0.4756579 0.0286871 0.0174819
22 0.4120211 0.3497887 0.0286871 0.0174818
26 0.2672819 0.6015272 0.0286870 0.0174818
2 0.4863466 0.3497887 0.0286870 0.0174818
1 0.4863466 0.4756579 0.0286870 0.0174819
7 0.3403035 0.4756579 0.0286871 0.0174819
10 0.6323898 0.6015272 0.0286870 0.0174818
11 0.1942603 0.4127233 0.0286871 0.0174818
18 0.6323898 0.4756579 0.0286870 0.0174819
6 0.1942603 0.6015272 0.0286871 0.0174818
6 0.2672819 0.6644617 0.0286870 0.0174818
29 0.1942603 0.6644617 0.0286871 0.0174818
26 0.4863466 0.4127233 0.0286870 0.0174818
21 0.4863466 0.6644617 0.0286870 0.0174818
12 0.2672819 0.4756579 0.0286870 0.0174819
19 0.4120211 0.4127233 0.0286871 0.0174818
9 0.1942603 0.5385925 0.0286871 0.0174818
12 0.5593682 0.6015272 0.0286871 0.0174818
24 0.2672819 0.4127233 0.0286870 0.0174818
