12 0.1741186 0.3408764 0.0264438 0.0160162
1 0.2414302 0.3985350 0.0264438 0.0160162
32 0.3105448 0.3456813 0.4868070 0.4100168
33 0.3093428 0.1684344 0.4411313 0.0149485
31 0.4433649 0.2255592 0.0264438 0.0160163
25 0.2414302 0.3408764 0.0264438 0.0160162
13 0.5106766 0.3985350 0.0264438 0.0160162
34 0.5106766 0.4556597 0.0625036 0.0576586
3 0.5106766 0.4561936 0.0264438 0.0160163
20 0.1741186 0.2832178 0.0264438 0.0160163
12 0.3760534 0.5138522 0.0264438 0.0160163
1 0.3075398 0.4561936 0.0264438 0.0160163
4 0.2414302 0.2832178 0.0264438 0.0160163
27 0.2414302 0.5138522 0.0264438 0.0160163
26 0.3075398 0.3408764 0.0264438 0.0160162
25 0.5106766 0.3408764 0.0264438 0.0160162
18 0.3075398 0.5138522 0.0264438 0.0160163
7 0.3760534 0.3985350 0.0264438 0.0160162
18 0.3760534 0.2255592 0.0264438 0.0160163
5 0.3075398 0.2832178 0.0264438 0.0160163
28 0.4433649 0.3985350 0.0264438 0.0160162
27 0.3760534 0.3408764 0.0264438 0.0160162
1 0.4433649 0.3408764 0.0264438 0.0160162
5 0.1068070 0.2255592 0.0264438 0.0160163
15 0.4433649 0.2832178 0.0264438 0.0160163
10 0.1068070 0.3985350 0.0264438 0.0160162
2 0.2414302 0.2255592 0.0264438 0.0160163
3 0.1068070 0.5138522 0.0264438 0.0160163
4 0.5106766 0.2255592 0.0264438 0.0160163
4 0.1068070 0.4561936 0.0264438 0.0160163
2 0.3075398 0.2255592 0.0264438 0.0160163
31 0.3760534 0.2832178 0.0264438 0.0160163
1 0.1741186 0.2255592 0.0264438 0.0160163
14 0.2414302 0.4561936 0.0264438 0.0160163
30 0.1741186 0.5138522 0.0264438 0.0160163
9 0.1741186 0.4561936 0.0264438 0.0160163
18 0.3760534 0.4561936 0.0264438 0.0160163
29 0.5106766 0.2832178 0.0264438 0.0160163
30 0.4433649 0.4561936 0.0264438 0.0160163
25 0.1741186 0.3985350 0.0264438 0.0160162
25 0.4433649 0.5138522 0.0264438 0.0160163
1 0.5106766 0.5138522 0.0264438 0.0160163
16 0.1068070 0.2832178 0.0264438 0.0160163
21 0.1068070 0.3408764 0.0264438 0.0160162
20 0.3075398 0.3985350 0.0264438 0.0160162
