2 0.4625732 0.3637041 0.0272062 0.0164853
5 0.5998410 0.3637041 0.0272062 0.0164853
32 0.6029326 0.4279964 0.5008417 0.4220218
33 0.6016959 0.2455599 0.4538492 0.0153862
2 0.5318254 0.3043572 0.0272062 0.0164852
34 0.6697115 0.3038077 0.0655422 0.0593468
16 0.6703298 0.3043572 0.0272063 0.0164852
31 0.4625732 0.4230508 0.0272062 0.0164853
20 0.5318254 0.6010913 0.0272062 0.0164853
8 0.6703298 0.4230508 0.0272063 0.0164853
17 0.7395820 0.3043572 0.0272063 0.0164852
10 0.4625732 0.4823977 0.0272062 0.0164852
30 0.6703298 0.4823977 0.0272063 0.0164852
11 0.7395820 0.4230508 0.0272063 0.0164853
16 0.7395820 0.6010913 0.0272063 0.0164853
20 0.5998410 0.6010913 0.0272062 0.0164853
29 0.3933210 0.4230508 0.0272062 0.0164853
1 0.8088342 0.3637041 0.0272062 0.0164853
20 0.5998410 0.5417445 0.0272062 0.0164853
20 0.8088342 0.4230508 0.0272062 0.0164853
29 0.3933210 0.6010913 0.0272062 0.0164853
1 0.8088342 0.3043572 0.0272062 0.0164852
15 0.6703298 0.6010913 0.0272063 0.0164853
6 0.7395820 0.4823977 0.0272063 0.0164852
22 0.5318254 0.5417445 0.0272062 0.0164853
5 0.4625732 0.6010913 0.0272062 0.0164853
4 0.8088342 0.5417445 0.0272062 0.0164853
12 0.8088342 0.4823977 0.0272062 0.0164852
25 0.4625732 0.5417445 0.0272062 0.0164853
25 0.5318254 0.4823977 0.0272062 0.0164852
9 0.4625732 0.3043572 0.0272062 0.0164852
25 0.3933210 0.3637041 0.0272062 0.0164853
14 0.5998410 0.4230508 0.0272062 0.0164853
24 0.5998410 0.4823977 0.0272062 0.0164852
25 0.5318254 0.3637041 0.0272062 0.0164853
1 0.5318254 0.4230508 0.0272062 0.0164853
4 0.3933210 0.5417445 0.0272062 0.0164853
18 0.7395820 0.3637041 0.0272063 0.0164853
19 0.8088342 0.6010913 0.0272062 0.0164853
18 0.6703298 0.3637041 0.0272063 0.0164853
13 0.3933210 0.3043572 0.0272062 0.0164852
31 0.3933210 0.4823977 0.0272062 0.0164852
12 0.6703298 0.5417445 0.0272063 0.0164853
8 0.5998410 0.3043572 0.0272062 0.0164852
14 0.7395820 0.5417445 0.0272063 0.0164853
