3 0.7161414 0.5602356 0.0270671 0.0163907
20 0.7161414 0.4422226 0.0270671 0.0163907
32 0.5112930 0.3881333 0.4982800 0.4196019
33 0.5100626 0.2067428 0.4515278 0.0152980
8 0.5082172 0.3832160 0.0270671 0.0163907
2 0.3716515 0.5012291 0.0270671 0.0163907
23 0.5783455 0.5012291 0.0270671 0.0163907
34 0.6466283 0.5006827 0.0627464 0.0590066
16 0.6472435 0.5012291 0.0270670 0.0163907
21 0.4405495 0.3832160 0.0270670 0.0163907
28 0.3716515 0.5602356 0.0270671 0.0163907
21 0.6472435 0.3832160 0.0270670 0.0163907
25 0.3027536 0.2652030 0.0270671 0.0163907
27 0.7161414 0.2652030 0.0270671 0.0163907
2 0.5082172 0.3242095 0.0270671 0.0163907
16 0.6472435 0.2652030 0.0270670 0.0163907
27 0.3027536 0.4422226 0.0270671 0.0163907
19 0.5082172 0.5012291 0.0270671 0.0163907
19 0.3716515 0.2652030 0.0270671 0.0163907
15 0.5783455 0.3242095 0.0270671 0.0163907
31 0.6472435 0.4422226 0.0270670 0.0163907
11 0.7161414 0.3242095 0.0270671 0.0163907
14 0.5082172 0.5602356 0.0270671 0.0163907
10 0.4405495 0.5602356 0.0270670 0.0163907
20 0.3716515 0.3242095 0.0270671 0.0163907
3 0.7161414 0.5012291 0.0270671 0.0163907
3 0.6472435 0.5602356 0.0270670 0.0163907
15 0.4405495 0.4422226 0.0270670 0.0163907
14 0.4405495 0.2652030 0.0270670 0.0163907
3 0.5783455 0.5602356 0.0270671 0.0163907
14 0.5082172 0.2652030 0.0270671 0.0163907
30 0.3716515 0.4422226 0.0270671 0.0163907
21 0.4405495 0.3242095 0.0270670 0.0163907
8 0.5783455 0.3832160 0.0270671 0.0163907
31 0.3027536 0.3242095 0.0270671 0.0163907
9 0.5783455 0.4422226 0.0270671 0.0163907
19 0.3027536 0.5012291 0.0270671 0.0163907
24 0.6472435 0.3242095 0.0270670 0.0163907
1 0.5783455 0.2652030 0.0270671 0.0163907
14 0.3716515 0.3832160 0.0270671 0.0163907
29 0.3027536 0.5602356 0.0270671 0.0163907
12 0.3027536 0.3832160 0.0270671 0.0163907
12 0.4405495 0.5012291 0.0270670 0.0163907
21 0.7161414 0.3832160 0.0270671 0.0163907
31 0.5082172 0.4422226 0.0270671 0.0163907
