18 0.5588427 0.5172642 0.0281970 0.0172428
7 0.2717460 0.3310430 0.0281970 0.0172427
32 0.4889911 0.4603632 0.5190810 0.4414133
33 0.4877094 0.2695440 0.4703771 0.0160932
1 0.3435202 0.3310430 0.0281970 0.0172427
6 0.5588427 0.4551904 0.0281970 0.0172427
34 0.3428794 0.5787632 0.0653658 0.0620737
27 0.3435202 0.5793379 0.0281970 0.0172427
19 0.5588427 0.5793379 0.0281970 0.0172427
6 0.2717460 0.5793379 0.0281970 0.0172427
2 0.4857868 0.6414117 0.0281970 0.0172427
4 0.7023911 0.4551904 0.0281969 0.0172427
18 0.6306169 0.5172642 0.0281969 0.0172428
4 0.7023911 0.5172642 0.0281969 0.0172428
11 0.6306169 0.3931167 0.0281969 0.0172427
11 0.5588427 0.6414117 0.0281970 0.0172427
21 0.4152943 0.4551904 0.0281970 0.0172427
13 0.4857868 0.3310430 0.0281970 0.0172427
19 0.3435202 0.5172642 0.0281970 0.0172428
10 0.7023911 0.3931167 0.0281969 0.0172427
15 0.6306169 0.3310430 0.0281969 0.0172427
13 0.7023911 0.5793379 0.0281969 0.0172427
15 0.4857868 0.5172642 0.0281970 0.0172428
18 0.6306169 0.4551904 0.0281969 0.0172427
27 0.6306169 0.6414117 0.0281969 0.0172427
2 0.3435202 0.6414117 0.0281970 0.0172427
24 0.2717460 0.6414117 0.0281970 0.0172427
19 0.5588427 0.3931167 0.0281970 0.0172427
31 0.2717460 0.4551904 0.0281970 0.0172427
28 0.4152943 0.5793379 0.0281970 0.0172427
26 0.4857868 0.5793379 0.0281970 0.0172427
4 0.5588427 0.3310430 0.0281970 0.0172427
8 0.4152943 0.3310430 0.0281970 0.0172427
30 0.3435202 0.4551904 0.0281970 0.0172427
25 0.4152943 0.5172642 0.0281970 0.0172428
21 0.7023911 0.3310430 0.0281969 0.0172427
8 0.4857868 0.3931167 0.0281970 0.0172427
3 0.2717460 0.3931167 0.0281970 0.0172427
5 0.7023911 0.6414117 0.0281969 0.0172427
5 0.4152943 0.3931167 0.0281970 0.0172427
22 0.6306169 0.5793379 0.0281969 0.0172427
6 0.4857868 0.4551904 0.0281970 0.0172427
15 0.3435202 0.3931167 0.0281970 0.0172427
25 0.2717460 0.5172642 0.0281970 0.0172428
31 0.4152943 0.6414117 0.0281970 0.0172427
