28 0.4313533 0.7032907 0.0269056 0.0163619
13 0.2271150 0.4676790 0.0269057 0.0163619
32 0.4344107 0.5314905 0.4953083 0.4188651
33 0.4331878 0.3504186 0.4488349 0.0152711
21 0.2956021 0.4087761 0.0269056 0.0163619
11 0.6380375 0.4676790 0.0269056 0.0163619
6 0.2956021 0.5265819 0.0269056 0.0163620
34 0.4313533 0.5260365 0.0635951 0.0589029
2 0.4313533 0.5265819 0.0269056 0.0163620
30 0.4313533 0.5854848 0.0269056 0.0163619
12 0.2271150 0.7032907 0.0269057 0.0163619
13 0.3640892 0.7032907 0.0269056 0.0163619
22 0.3640892 0.5854848 0.0269056 0.0163619
9 0.6380375 0.4087761 0.0269056 0.0163619
30 0.2271150 0.5265819 0.0269057 0.0163620
12 0.4313533 0.4676790 0.0269056 0.0163619
31 0.5695504 0.4087761 0.0269057 0.0163619
10 0.5695504 0.4676790 0.0269057 0.0163619
24 0.4313533 0.4087761 0.0269056 0.0163619
18 0.4313533 0.6443877 0.0269056 0.0163619
20 0.3640892 0.6443877 0.0269056 0.0163619
20 0.5695504 0.7032907 0.0269057 0.0163619
12 0.2956021 0.7032907 0.0269056 0.0163619
28 0.6380375 0.6443877 0.0269056 0.0163619
24 0.6380375 0.7032907 0.0269056 0.0163619
25 0.2956021 0.4676790 0.0269056 0.0163619
15 0.3640892 0.4676790 0.0269056 0.0163619
5 0.5010633 0.5854848 0.0269057 0.0163619
26 0.3640892 0.5265819 0.0269056 0.0163620
19 0.5695504 0.5265819 0.0269057 0.0163620
1 0.5010633 0.4676790 0.0269057 0.0163619
7 0.5695504 0.5854848 0.0269057 0.0163619
28 0.3640892 0.4087761 0.0269056 0.0163619
17 0.6380375 0.5265819 0.0269056 0.0163620
2 0.5010633 0.7032907 0.0269057 0.0163619
8 0.2271150 0.5854848 0.0269057 0.0163619
18 0.5010633 0.6443877 0.0269057 0.0163619
9 0.2956021 0.5854848 0.0269056 0.0163619
22 0.2271150 0.6443877 0.0269057 0.0163619
8 0.6380375 0.5854848 0.0269056 0.0163619
9 0.5010633 0.4087761 0.0269057 0.0163619
15 0.2271150 0.4087761 0.0269057 0.0163619
27 0.5695504 0.6443877 0.0269057 0.0163619
9 0.2956021 0.6443877 0.0269056 0.0163619
24 0.5010633 0.5265819 0.0269057 0.0163620
