17 0.4028785 0.5103281 0.0270250 0.0161251
27 0.6092508 0.2781279 0.0270250 0.0161250
32 0.5423027 0.3990655 0.4975047 0.4128004
33 0.5410742 0.2206153 0.4508252 0.0150500
8 0.7468324 0.2781279 0.0270250 0.0161250
5 0.6780415 0.3361779 0.0270249 0.0161250
1 0.5392316 0.3942280 0.0270250 0.0161250
34 0.6774274 0.4517406 0.0626488 0.0580501
17 0.6780415 0.4522781 0.0270249 0.0161250
30 0.7468324 0.3361779 0.0270250 0.0161250
24 0.6092508 0.3942280 0.0270250 0.0161250
5 0.4028785 0.3942280 0.0270250 0.0161250
8 0.4716693 0.5103281 0.0270249 0.0161251
6 0.7468324 0.3942280 0.0270250 0.0161250
13 0.4716693 0.3361779 0.0270249 0.0161250
13 0.3340878 0.4522781 0.0270250 0.0161250
21 0.4028785 0.5683781 0.0270250 0.0161250
7 0.6092508 0.3361779 0.0270250 0.0161250
18 0.4028785 0.3361779 0.0270250 0.0161250
25 0.6092508 0.5683781 0.0270250 0.0161250
14 0.7468324 0.5103281 0.0270250 0.0161251
7 0.3340878 0.5683781 0.0270250 0.0161250
10 0.4028785 0.2781279 0.0270250 0.0161250
25 0.5392316 0.5103281 0.0270250 0.0161251
6 0.4028785 0.4522781 0.0270250 0.0161250
24 0.6092508 0.4522781 0.0270250 0.0161250
15 0.4716693 0.4522781 0.0270249 0.0161250
26 0.5392316 0.5683781 0.0270250 0.0161250
13 0.5392316 0.4522781 0.0270250 0.0161250
28 0.7468324 0.4522781 0.0270250 0.0161250
11 0.4716693 0.3942280 0.0270249 0.0161250
18 0.3340878 0.5103281 0.0270250 0.0161251
12 0.6780415 0.2781279 0.0270249 0.0161250
19 0.7468324 0.5683781 0.0270250 0.0161250
6 0.3340878 0.3361779 0.0270250 0.0161250
19 0.4716693 0.5683781 0.0270249 0.0161250
1 0.4716693 0.2781279 0.0270249 0.0161250
4 0.5392316 0.2781279 0.0270250 0.0161250
7 0.6780415 0.5103281 0.0270249 0.0161251
2 0.3340878 0.3942280 0.0270250 0.0161250
11 0.5392316 0.3361779 0.0270250 0.0161250
4 0.6780415 0.3942280 0.0270249 0.0161250
12 0.6092508 0.5103281 0.0270250 0.0161251
17 0.6780415 0.5683781 0.0270249 0.0161250
28 0.3340878 0.2781279 0.0270250 0.0161250
