8 0.6406928 0.6640962 0.0281061 0.0165903
31 0.5678725 0.6043711 0.0281061 0.0165903
32 0.5710664 0.6093482 0.5174076 0.4247113
33 0.5697889 0.4257491 0.4688607 0.0154843
24 0.6406928 0.4849211 0.0281061 0.0165903
30 0.7837784 0.6640962 0.0281061 0.0165903
34 0.4976073 0.7232682 0.0664326 0.0597250
5 0.4976073 0.7238212 0.0281061 0.0165903
9 0.4260645 0.7835463 0.0281061 0.0165902
5 0.5678725 0.5446461 0.0281061 0.0165903
11 0.7837784 0.5446461 0.0281061 0.0165903
21 0.6406928 0.5446461 0.0281061 0.0165903
1 0.4976073 0.7835463 0.0281061 0.0165902
6 0.3545218 0.6640962 0.0281061 0.0165903
24 0.4260645 0.6640962 0.0281061 0.0165903
3 0.7122356 0.4849211 0.0281061 0.0165903
31 0.4976073 0.4849211 0.0281061 0.0165903
9 0.3545218 0.7835463 0.0281061 0.0165902
29 0.5678725 0.7835463 0.0281061 0.0165902
21 0.7122356 0.7835463 0.0281061 0.0165902
25 0.6406928 0.7835463 0.0281061 0.0165902
4 0.5678725 0.7238212 0.0281061 0.0165903
5 0.4260645 0.6043711 0.0281061 0.0165903
5 0.7837784 0.6043711 0.0281061 0.0165903
12 0.4976073 0.6640962 0.0281061 0.0165903
30 0.3545218 0.7238212 0.0281061 0.0165903
27 0.7837784 0.4849211 0.0281061 0.0165903
24 0.4260645 0.7238212 0.0281061 0.0165903
3 0.4260645 0.4849211 0.0281061 0.0165903
4 0.3545218 0.5446461 0.0281061 0.0165903
27 0.6406928 0.7238212 0.0281061 0.0165903
4 0.7122356 0.7238212 0.0281061 0.0165903
11 0.6406928 0.6043711 0.0281061 0.0165903
20 0.3545218 0.4849211 0.0281061 0.0165903
12 0.4260645 0.5446461 0.0281061 0.0165903
16 0.3545218 0.6043711 0.0281061 0.0165903
14 0.4976073 0.5446461 0.0281061 0.0165903
2 0.7122356 0.6043711 0.0281061 0.0165903
30 0.7122356 0.5446461 0.0281061 0.0165903
11 0.7837784 0.7238212 0.0281061 0.0165903
8 0.5678725 0.4849211 0.0281061 0.0165903
29 0.4976073 0.6043711 0.0281061 0.0165903
4 0.5678725 0.6640962 0.0281061 0.0165903
30 0.7122356 0.6640962 0.0281061 0.0165903
28 0.7837784 0.7835463 0.0281061 0.0165902
