12 0.5984713 0.5491875 0.0282086 0.0159995
17 0.7433607 0.6067857 0.0282085 0.0159995
32 0.6016769 0.5539874 0.5192943 0.4095873
33 0.6003946 0.3769262 0.4705703 0.0149329
15 0.5984713 0.4339911 0.0282086 0.0159995
34 0.3843426 0.4910560 0.0666748 0.0575982
10 0.3843426 0.4915893 0.0282086 0.0159995
13 0.8151645 0.4915893 0.0282086 0.0159995
6 0.8151645 0.7219822 0.0282086 0.0159995
8 0.3843426 0.7219822 0.0282086 0.0159995
12 0.3843426 0.6067857 0.0282086 0.0159995
3 0.3843426 0.5491875 0.0282086 0.0159995
13 0.4561462 0.5491875 0.0282086 0.0159995
14 0.4561462 0.7219822 0.0282086 0.0159995
1 0.6715572 0.7219822 0.0282086 0.0159995
18 0.5279499 0.6067857 0.0282086 0.0159995
14 0.7433607 0.4339911 0.0282085 0.0159995
20 0.8151645 0.5491875 0.0282086 0.0159995
13 0.5984713 0.6067857 0.0282086 0.0159995
20 0.5279499 0.5491875 0.0282086 0.0159995
19 0.4561462 0.6643840 0.0282086 0.0159996
12 0.7433607 0.5491875 0.0282085 0.0159995
15 0.5984713 0.7219822 0.0282086 0.0159995
16 0.6715572 0.6067857 0.0282086 0.0159995
13 0.5279499 0.6643840 0.0282086 0.0159996
30 0.5984713 0.6643840 0.0282086 0.0159996
10 0.7433607 0.6643840 0.0282085 0.0159996
30 0.6715572 0.4915893 0.0282086 0.0159995
12 0.7433607 0.4915893 0.0282085 0.0159995
16 0.4561462 0.4339911 0.0282086 0.0159995
21 0.6715572 0.4339911 0.0282086 0.0159995
1 0.4561462 0.6067857 0.0282086 0.0159995
14 0.8151645 0.4339911 0.0282086 0.0159995
13 0.3843426 0.4339911 0.0282086 0.0159995
15 0.8151645 0.6067857 0.0282086 0.0159995
4 0.6715572 0.6643840 0.0282086 0.0159996
5 0.5279499 0.4339911 0.0282086 0.0159995
17 0.4561462 0.4915893 0.0282086 0.0159995
9 0.5279499 0.4915893 0.0282086 0.0159995
9 0.7433607 0.7219822 0.0282085 0.0159995
15 0.8151645 0.6643840 0.0282086 0.0159996
12 0.5279499 0.7219822 0.0282086 0.0159995
22 0.5984713 0.4915893 0.0282086 0.0159995
20 0.3843426 0.6643840 0.0282086 0.0159996
31 0.6715572 0.5491875 0.0282086 0.0159995
