6 0.6951478 0.4030252 0.0283086 0.0165167
11 0.3348574 0.4030252 0.0283085 0.0165167
32 0.5529617 0.4674405 0.5211343 0.4228284
33 0.5516750 0.2846553 0.4722378 0.0154156
1 0.4789735 0.3435650 0.0283086 0.0165167
23 0.6230897 0.4624855 0.0283085 0.0165167
34 0.4062721 0.5808553 0.0656243 0.0594602
31 0.4069154 0.5814059 0.0283085 0.0165168
9 0.6951478 0.6408662 0.0283086 0.0165167
3 0.5497449 0.4030252 0.0283086 0.0165167
18 0.5497449 0.5814059 0.0283086 0.0165168
22 0.4789735 0.5219457 0.0283086 0.0165167
11 0.3348574 0.6408662 0.0283085 0.0165167
11 0.7672058 0.6408662 0.0283085 0.0165167
6 0.5497449 0.6408662 0.0283086 0.0165167
1 0.6951478 0.5814059 0.0283086 0.0165168
31 0.6951478 0.4624855 0.0283086 0.0165167
25 0.5497449 0.3435650 0.0283086 0.0165167
3 0.3348574 0.3435650 0.0283085 0.0165167
2 0.4789735 0.5814059 0.0283086 0.0165168
24 0.7672058 0.4030252 0.0283085 0.0165167
19 0.4069154 0.4030252 0.0283085 0.0165167
31 0.7672058 0.5219457 0.0283085 0.0165167
4 0.4069154 0.3435650 0.0283085 0.0165167
1 0.6230897 0.4030252 0.0283085 0.0165167
10 0.7672058 0.5814059 0.0283085 0.0165168
9 0.4069154 0.5219457 0.0283085 0.0165167
10 0.4789735 0.4030252 0.0283086 0.0165167
2 0.6951478 0.3435650 0.0283086 0.0165167
17 0.4069154 0.4624855 0.0283085 0.0165167
20 0.6230897 0.5219457 0.0283085 0.0165167
31 0.5497449 0.5219457 0.0283086 0.0165167
17 0.4069154 0.6408662 0.0283085 0.0165167
8 0.4789735 0.6408662 0.0283086 0.0165167
15 0.4789735 0.4624855 0.0283086 0.0165167
1 0.6951478 0.5219457 0.0283086 0.0165167
7 0.3348574 0.5814059 0.0283085 0.0165168
16 0.6230897 0.5814059 0.0283085 0.0165168
11 0.7672058 0.4624855 0.0283085 0.0165167
5 0.6230897 0.3435650 0.0283085 0.0165167
18 0.6230897 0.6408662 0.0283085 0.0165167
28 0.3348574 0.4624855 0.0283085 0.0165167
21 0.5497449 0.4624855 0.0283086 0.0165167
10 0.3348574 0.5219457 0.0283085 0.0165167
31 0.7672058 0.3435650 0.0283085 0.0165167
