29 0.5212807 0.5577829 0.0274448 0.0158921
7 0.3815622 0.5577829 0.0274447 0.0158921
32 0.4532927 0.5053392 0.5052324 0.4068361
33 0.4520452 0.3294674 0.4578279 0.0148326
11 0.2418436 0.3861490 0.0274447 0.0158921
34 0.3110791 0.3856192 0.0636219 0.0572113
19 0.3117029 0.3861490 0.0274447 0.0158921
25 0.3117029 0.5005716 0.0274447 0.0158920
4 0.2418436 0.6722055 0.0274447 0.0158920
14 0.6609993 0.5005716 0.0274447 0.0158920
16 0.5212807 0.5005716 0.0274448 0.0158920
29 0.4501740 0.6722055 0.0274447 0.0158920
19 0.6609993 0.6149942 0.0274447 0.0158921
26 0.2418436 0.5005716 0.0274447 0.0158920
21 0.4501740 0.4433603 0.0274447 0.0158920
8 0.5212807 0.6722055 0.0274448 0.0158920
21 0.4501740 0.5577829 0.0274447 0.0158921
12 0.2418436 0.6149942 0.0274447 0.0158921
31 0.4501740 0.3861490 0.0274447 0.0158921
19 0.6609993 0.4433603 0.0274447 0.0158920
17 0.2418436 0.4433603 0.0274447 0.0158920
24 0.3815622 0.4433603 0.0274447 0.0158920
1 0.3815622 0.6722055 0.0274447 0.0158920
31 0.3117029 0.6722055 0.0274447 0.0158920
27 0.5911401 0.6722055 0.0274448 0.0158920
2 0.5911401 0.3861490 0.0274448 0.0158921
10 0.5911401 0.4433603 0.0274448 0.0158920
15 0.5212807 0.4433603 0.0274448 0.0158920
22 0.3815622 0.6149942 0.0274447 0.0158921
30 0.3117029 0.6149942 0.0274447 0.0158921
24 0.5212807 0.3861490 0.0274448 0.0158921
3 0.3117029 0.5577829 0.0274447 0.0158921
5 0.6609993 0.5577829 0.0274447 0.0158921
31 0.4501740 0.5005716 0.0274447 0.0158920
27 0.5911401 0.5005716 0.0274448 0.0158920
25 0.5911401 0.5577829 0.0274448 0.0158921
3 0.4501740 0.6149942 0.0274447 0.0158921
2 0.3117029 0.4433603 0.0274447 0.0158920
8 0.6609993 0.3861490 0.0274447 0.0158921
10 0.5212807 0.6149942 0.0274448 0.0158921
17 0.2418436 0.5577829 0.0274447 0.0158921
4 0.3815622 0.3861490 0.0274447 0.0158921
7 0.6609993 0.6722055 0.0274447 0.0158920
25 0.3815622 0.5005716 0.0274447 0.0158920
29 0.5911401 0.6149942 0.0274448 0.0158921
