22 0.6746420 0.4287653 0.0275512 0.0170242
25 0.4629991 0.5513395 0.0275512 0.0170242
32 0.4661299 0.4338725 0.5071918 0.4358197
33 0.4648775 0.2454713 0.4596034 0.0158893
26 0.6746420 0.3674781 0.0275512 0.0170242
34 0.3233648 0.4894849 0.0638686 0.0612872
7 0.3239909 0.4900524 0.0275512 0.0170242
20 0.6045118 0.5513395 0.0275512 0.0170242
19 0.6045118 0.6126267 0.0275512 0.0170242
22 0.3941212 0.4287653 0.0275512 0.0170242
30 0.3239909 0.4287653 0.0275512 0.0170242
9 0.2538607 0.3061910 0.0275512 0.0170242
14 0.4629991 0.6126267 0.0275512 0.0170242
31 0.6045118 0.3674781 0.0275512 0.0170242
16 0.5343816 0.3674781 0.0275512 0.0170242
8 0.3239909 0.3061910 0.0275512 0.0170242
26 0.6045118 0.4287653 0.0275512 0.0170242
29 0.3941212 0.3674781 0.0275512 0.0170242
13 0.4629991 0.4287653 0.0275512 0.0170242
16 0.2538607 0.4287653 0.0275512 0.0170242
10 0.4629991 0.3061910 0.0275512 0.0170242
5 0.5343816 0.3061910 0.0275512 0.0170242
27 0.2538607 0.4900524 0.0275512 0.0170242
16 0.5343816 0.4900524 0.0275512 0.0170242
31 0.6746420 0.6126267 0.0275512 0.0170242
10 0.4629991 0.4900524 0.0275512 0.0170242
28 0.6746420 0.4900524 0.0275512 0.0170242
15 0.6045118 0.4900524 0.0275512 0.0170242
22 0.3941212 0.4900524 0.0275512 0.0170242
7 0.3941212 0.3061910 0.0275512 0.0170242
11 0.2538607 0.6126267 0.0275512 0.0170242
7 0.5343816 0.4287653 0.0275512 0.0170242
4 0.6045118 0.3061910 0.0275512 0.0170242
4 0.3941212 0.6126267 0.0275512 0.0170242
3 0.3941212 0.5513395 0.0275512 0.0170242
27 0.4629991 0.3674781 0.0275512 0.0170242
10 0.3239909 0.5513395 0.0275512 0.0170242
6 0.6746420 0.5513395 0.0275512 0.0170242
7 0.5343816 0.6126267 0.0275512 0.0170242
27 0.6746420 0.3061910 0.0275512 0.0170242
24 0.2538607 0.3674781 0.0275512 0.0170242
4 0.5343816 0.5513395 0.0275512 0.0170242
6 0.3239909 0.6126267 0.0275512 0.0170242
9 0.3239909 0.3674781 0.0275512 0.0170242
29 0.2538607 0.5513395 0.0275512 0.0170242
