7 0.3499623 0.4598139 0.0268801 0.0166841
26 0.5552289 0.3997511 0.0268801 0.0166841
32 0.4202172 0.3446935 0.4948392 0.4271131
33 0.4189954 0.1600561 0.4484098 0.0155718
18 0.6236511 0.2195627 0.0268801 0.0166841
34 0.2131179 0.3391321 0.0635349 0.0600628
30 0.2131178 0.3396883 0.0268801 0.0166841
6 0.4868067 0.3396883 0.0268801 0.0166841
11 0.4171627 0.5198766 0.0268801 0.0166842
21 0.3499623 0.2796255 0.0268801 0.0166841
20 0.5552289 0.2796255 0.0268801 0.0166841
13 0.2815401 0.3997511 0.0268802 0.0166841
21 0.4171627 0.4598139 0.0268801 0.0166841
6 0.5552289 0.4598139 0.0268801 0.0166841
22 0.2131178 0.2195627 0.0268801 0.0166841
21 0.2131178 0.5198766 0.0268801 0.0166842
20 0.5552289 0.3396883 0.0268801 0.0166841
17 0.6236511 0.5198766 0.0268801 0.0166842
13 0.4868067 0.2796255 0.0268801 0.0166841
21 0.2815401 0.2195627 0.0268802 0.0166841
31 0.5552289 0.2195627 0.0268801 0.0166841
21 0.4171627 0.3396883 0.0268801 0.0166841
19 0.3499623 0.2195627 0.0268801 0.0166841
12 0.4868067 0.3997511 0.0268801 0.0166841
8 0.5552289 0.5198766 0.0268801 0.0166842
4 0.2815401 0.2796255 0.0268802 0.0166841
16 0.2815401 0.3396883 0.0268802 0.0166841
25 0.6236511 0.4598139 0.0268801 0.0166841
11 0.4868067 0.5198766 0.0268801 0.0166842
3 0.4868067 0.4598139 0.0268801 0.0166841
24 0.6236511 0.2796255 0.0268801 0.0166841
28 0.2131178 0.3997511 0.0268801 0.0166841
22 0.4171627 0.3997511 0.0268801 0.0166841
5 0.4171627 0.2195627 0.0268801 0.0166841
24 0.2131178 0.4598139 0.0268801 0.0166841
17 0.2815401 0.5198766 0.0268802 0.0166842
17 0.4868067 0.2195627 0.0268801 0.0166841
3 0.3499623 0.3997511 0.0268801 0.0166841
21 0.6236511 0.3396883 0.0268801 0.0166841
7 0.2815401 0.4598139 0.0268802 0.0166841
13 0.4171627 0.2796255 0.0268801 0.0166841
28 0.2131178 0.2796255 0.0268801 0.0166841
24 0.3499623 0.3396883 0.0268801 0.0166841
3 0.6236511 0.3997511 0.0268801 0.0166841
3 0.3499623 0.5198766 0.0268801 0.0166842
