8 0.0581766 0.7067944 0.0277975 0.0170335
4 0.1996909 0.6454738 0.0277975 0.0170336
32 0.2723434 0.5892632 0.5117260 0.4360579
33 0.2710798 0.4007590 0.4637122 0.0158979
7 0.1289337 0.5228325 0.0277975 0.0170336
34 0.3405735 0.7062266 0.0669666 0.0613207
24 0.3412053 0.7067944 0.0277975 0.0170335
19 0.4827196 0.7681150 0.0277975 0.0170336
20 0.3412053 0.6454738 0.0277975 0.0170336
13 0.1289337 0.4615118 0.0277975 0.0170335
5 0.3412053 0.5841531 0.0277975 0.0170335
14 0.4827196 0.5841531 0.0277975 0.0170335
26 0.1996909 0.5841531 0.0277975 0.0170335
12 0.2691846 0.7067944 0.0277975 0.0170335
19 0.2691846 0.5228325 0.0277975 0.0170336
3 0.1996909 0.7681150 0.0277975 0.0170336
4 0.1289337 0.5841531 0.0277975 0.0170335
5 0.1289337 0.7681150 0.0277975 0.0170336
27 0.4827196 0.4615118 0.0277975 0.0170335
22 0.3412053 0.5228325 0.0277975 0.0170336
15 0.4119624 0.5228325 0.0277975 0.0170336
24 0.4827196 0.7067944 0.0277975 0.0170335
29 0.4119624 0.4615118 0.0277975 0.0170335
6 0.1996909 0.7067944 0.0277975 0.0170335
14 0.0581766 0.5841531 0.0277975 0.0170335
11 0.4119624 0.7067944 0.0277975 0.0170335
27 0.1996909 0.5228325 0.0277975 0.0170336
9 0.2691846 0.4615118 0.0277975 0.0170335
3 0.1289337 0.7067944 0.0277975 0.0170335
17 0.2691846 0.5841531 0.0277975 0.0170335
2 0.4119624 0.5841531 0.0277975 0.0170335
13 0.4119624 0.7681150 0.0277975 0.0170336
10 0.3412053 0.7681150 0.0277975 0.0170336
18 0.0581766 0.4615118 0.0277975 0.0170335
27 0.4119624 0.6454738 0.0277975 0.0170336
5 0.2691846 0.7681150 0.0277975 0.0170336
25 0.1996909 0.4615118 0.0277975 0.0170335
7 0.0581766 0.5228325 0.0277975 0.0170336
21 0.3412053 0.4615118 0.0277975 0.0170335
10 0.4827196 0.6454738 0.0277975 0.0170336
10 0.1289337 0.6454738 0.0277975 0.0170336
7 0.2691846 0.6454738 0.0277975 0.0170336
31 0.4827196 0.5228325 0.0277975 0.0170336
2 0.0581766 0.6454738 0.0277975 0.0170336
9 0.0581766 0.7681150 0.0277975 0.0170336
