30 0.3670164 0.5408273 0.0264504 0.0166745
16 0.3670164 0.3007152 0.0264504 0.0166745
32 0.5708048 0.3657455 0.4869280 0.4268660
33 0.5696025 0.1812149 0.4412410 0.0155628
34 0.5016730 0.2401313 0.0625191 0.0600280
4 0.5016730 0.2406871 0.0264504 0.0166745
16 0.5677991 0.3007152 0.0264504 0.0166745
8 0.5677991 0.5408273 0.0264504 0.0166745
17 0.7036580 0.3607432 0.0264504 0.0166745
25 0.3670164 0.4207712 0.0264504 0.0166745
6 0.7709863 0.4207712 0.0264504 0.0166745
7 0.3670164 0.2406871 0.0264504 0.0166745
3 0.7036580 0.2406871 0.0264504 0.0166745
29 0.4343447 0.3607432 0.0264504 0.0166745
6 0.5677991 0.4807993 0.0264504 0.0166745
26 0.6363297 0.4207712 0.0264504 0.0166745
31 0.7036580 0.4207712 0.0264504 0.0166745
8 0.4343447 0.4807993 0.0264504 0.0166745
25 0.5016730 0.3607432 0.0264504 0.0166745
18 0.3670164 0.4807993 0.0264504 0.0166745
14 0.5016730 0.3007152 0.0264504 0.0166745
31 0.5677991 0.2406871 0.0264504 0.0166745
30 0.6363297 0.4807993 0.0264504 0.0166745
24 0.7709863 0.3007152 0.0264504 0.0166745
4 0.5016730 0.4807993 0.0264504 0.0166745
15 0.4343447 0.3007152 0.0264504 0.0166745
1 0.6363297 0.3007152 0.0264504 0.0166745
1 0.6363297 0.2406871 0.0264504 0.0166745
28 0.6363297 0.5408273 0.0264504 0.0166745
1 0.5677991 0.4207712 0.0264504 0.0166745
31 0.7036580 0.3007152 0.0264504 0.0166745
3 0.5016730 0.4207712 0.0264504 0.0166745
5 0.7709863 0.3607432 0.0264504 0.0166745
1 0.7036580 0.4807993 0.0264504 0.0166745
15 0.4343447 0.5408273 0.0264504 0.0166745
26 0.4343447 0.2406871 0.0264504 0.0166745
19 0.3670164 0.3607432 0.0264504 0.0166745
1 0.5677991 0.3607432 0.0264504 0.0166745
2 0.7036580 0.5408273 0.0264504 0.0166745
29 0.7709863 0.4807993 0.0264504 0.0166745
21 0.4343447 0.4207712 0.0264504 0.0166745
3 0.5016730 0.5408273 0.0264504 0.0166745
16 0.6363297 0.3607432 0.0264504 0.0166745
14 0.7709863 0.2406871 0.0264504 0.0166745
17 0.7709863 0.5408273 0.0264504 0.0166745
