19 0.2040532 0.5341747 0.0282188 0.0163148
18 0.4913717 0.5341747 0.0282188 0.0163148
32 0.4214661 0.5978022 0.5194821 0.4176575
33 0.4201834 0.4172523 0.4707407 0.0152271
30 0.3477124 0.4754416 0.0282188 0.0163148
34 0.5625600 0.5336308 0.0654163 0.0587330
3 0.5632013 0.5341747 0.0282188 0.0163148
12 0.4182594 0.7103739 0.0282188 0.0163148
8 0.4182594 0.5341747 0.0282188 0.0163148
28 0.2040532 0.4754416 0.0282188 0.0163148
2 0.3477124 0.7103739 0.0282188 0.0163148
9 0.2758828 0.5929077 0.0282188 0.0163148
13 0.5632013 0.5929077 0.0282188 0.0163148
31 0.4913717 0.5929077 0.0282188 0.0163148
5 0.4913717 0.7691070 0.0282188 0.0163148
21 0.5632013 0.6516408 0.0282188 0.0163147
13 0.6350310 0.4754416 0.0282187 0.0163148
29 0.2758828 0.4754416 0.0282188 0.0163148
21 0.5632013 0.4754416 0.0282188 0.0163148
9 0.3477124 0.6516408 0.0282188 0.0163147
17 0.4913717 0.7103739 0.0282188 0.0163148
3 0.2040532 0.6516408 0.0282188 0.0163147
26 0.6350310 0.7691070 0.0282187 0.0163148
6 0.3477124 0.7691070 0.0282188 0.0163148
20 0.4182594 0.5929077 0.0282188 0.0163148
30 0.2758828 0.7691070 0.0282188 0.0163148
2 0.6350310 0.7103739 0.0282187 0.0163148
12 0.4913717 0.6516408 0.0282188 0.0163147
5 0.4182594 0.6516408 0.0282188 0.0163147
10 0.3477124 0.5929077 0.0282188 0.0163148
26 0.2758828 0.5341747 0.0282188 0.0163148
30 0.6350310 0.6516408 0.0282187 0.0163147
10 0.4182594 0.4754416 0.0282188 0.0163148
26 0.2758828 0.7103739 0.0282188 0.0163148
29 0.2758828 0.6516408 0.0282188 0.0163147
16 0.6350310 0.5929077 0.0282187 0.0163148
3 0.3477124 0.5341747 0.0282188 0.0163148
11 0.6350310 0.5341747 0.0282187 0.0163148
10 0.5632013 0.7103739 0.0282188 0.0163148
19 0.2040532 0.5929077 0.0282188 0.0163148
6 0.4182594 0.7691070 0.0282188 0.0163148
10 0.4913717 0.4754416 0.0282188 0.0163148
27 0.2040532 0.7103739 0.0282188 0.0163148
26 0.2040532 0.7691070 0.0282188 0.0163148
5 0.5632013 0.7691070 0.0282188 0.0163148
