29 0.5312673 0.5894851 0.0262482 0.0160545
14 0.3964470 0.7050774 0.0262482 0.0160545
32 0.3994297 0.5943015 0.4832053 0.4109949
33 0.3982367 0.4166318 0.4378676 0.0149842
19 0.5312673 0.4738929 0.0262482 0.0160545
8 0.3964470 0.5894851 0.0262482 0.0160545
34 0.1971994 0.6467461 0.0620412 0.0577962
12 0.1971994 0.6472814 0.0262482 0.0160545
1 0.5980809 0.5894851 0.0262482 0.0160545
21 0.3308265 0.6472814 0.0262482 0.0160545
7 0.2640129 0.5894851 0.0262482 0.0160545
15 0.5980809 0.4738929 0.0262482 0.0160545
25 0.4644537 0.7050774 0.0262482 0.0160545
22 0.5312673 0.7050774 0.0262482 0.0160545
27 0.2640129 0.6472814 0.0262482 0.0160545
8 0.1971994 0.7050774 0.0262482 0.0160545
24 0.5980809 0.7050774 0.0262482 0.0160545
10 0.4644537 0.5316890 0.0262482 0.0160545
14 0.4644537 0.4738929 0.0262482 0.0160545
14 0.5312673 0.6472814 0.0262482 0.0160545
30 0.5980809 0.6472814 0.0262482 0.0160545
29 0.3308265 0.5316890 0.0262482 0.0160545
1 0.3964470 0.5316890 0.0262482 0.0160545
6 0.5980809 0.7628737 0.0262482 0.0160545
18 0.3308265 0.5894851 0.0262482 0.0160545
9 0.3308265 0.7628737 0.0262482 0.0160545
4 0.3964470 0.4738929 0.0262482 0.0160545
16 0.5312673 0.7628737 0.0262482 0.0160545
11 0.5312673 0.5316890 0.0262482 0.0160545
16 0.2640129 0.7050774 0.0262482 0.0160545
3 0.2640129 0.4738929 0.0262482 0.0160545
13 0.4644537 0.7628737 0.0262482 0.0160545
28 0.2640129 0.5316890 0.0262482 0.0160545
5 0.5980809 0.5316890 0.0262482 0.0160545
2 0.3964470 0.6472814 0.0262482 0.0160545
26 0.3308265 0.4738929 0.0262482 0.0160545
1 0.3964470 0.7628737 0.0262482 0.0160545
2 0.4644537 0.6472814 0.0262482 0.0160545
4 0.3308265 0.7050774 0.0262482 0.0160545
25 0.1971994 0.5894851 0.0262482 0.0160545
15 0.4644537 0.5894851 0.0262482 0.0160545
29 0.1971994 0.4738929 0.0262482 0.0160545
10 0.2640129 0.7628737 0.0262482 0.0160545
31 0.1971994 0.5316890 0.0262482 0.0160545
12 0.1971994 0.7628737 0.0262482 0.0160545
