7 0.6041443 0.5165972 0.0283901 0.0174036
19 0.5318786 0.5792501 0.0283902 0.0174036
32 0.4615485 0.5218183 0.5226363 0.4455313
33 0.4602581 0.3292188 0.4735989 0.0162433
15 0.2428156 0.3912916 0.0283901 0.0174036
14 0.3150813 0.5792501 0.0283901 0.0174036
34 0.6764101 0.6413228 0.0671039 0.0626528
10 0.6764101 0.6419029 0.0283901 0.0174036
29 0.2428156 0.5792501 0.0283901 0.0174036
15 0.3150813 0.7045558 0.0283901 0.0174036
14 0.3150813 0.6419029 0.0283901 0.0174036
5 0.3150813 0.3912916 0.0283901 0.0174036
18 0.6041443 0.6419029 0.0283901 0.0174036
28 0.6041443 0.5792501 0.0283901 0.0174036
15 0.3150813 0.4539444 0.0283901 0.0174036
21 0.2428156 0.6419029 0.0283901 0.0174036
20 0.3873471 0.5165972 0.0283901 0.0174036
5 0.3150813 0.5165972 0.0283901 0.0174036
15 0.6764101 0.7045558 0.0283901 0.0174036
8 0.2428156 0.4539444 0.0283901 0.0174036
21 0.6041443 0.4539444 0.0283901 0.0174036
4 0.3873471 0.4539444 0.0283901 0.0174036
8 0.3873471 0.3912916 0.0283901 0.0174036
2 0.5318786 0.4539444 0.0283902 0.0174036
31 0.6041443 0.3912916 0.0283901 0.0174036
2 0.6041443 0.7045558 0.0283901 0.0174036
20 0.3873471 0.6419029 0.0283901 0.0174036
31 0.4583223 0.5165972 0.0283901 0.0174036
7 0.2428156 0.5165972 0.0283901 0.0174036
28 0.6764101 0.5792501 0.0283901 0.0174036
24 0.5318786 0.5165972 0.0283902 0.0174036
31 0.4583223 0.4539444 0.0283901 0.0174036
3 0.4583223 0.6419029 0.0283901 0.0174036
12 0.6764101 0.4539444 0.0283901 0.0174036
26 0.4583223 0.7045558 0.0283901 0.0174036
2 0.5318786 0.6419029 0.0283902 0.0174036
9 0.4583223 0.3912916 0.0283901 0.0174036
19 0.5318786 0.3912916 0.0283902 0.0174036
12 0.2428156 0.7045558 0.0283901 0.0174036
3 0.4583223 0.5792501 0.0283901 0.0174036
11 0.6764101 0.5165972 0.0283901 0.0174036
7 0.6764101 0.3912916 0.0283901 0.0174036
25 0.3873471 0.7045558 0.0283901 0.0174036
17 0.3873471 0.5792501 0.0283901 0.0174036
24 0.5318786 0.7045558 0.0283902 0.0174036
