18 0.3813459 0.2784498 0.0262020 0.0159910
26 0.3134591 0.2784498 0.0262020 0.0159910
32 0.3164366 0.3408148 0.4823540 0.4093704
33 0.3152456 0.1638475 0.4370961 0.0149250
18 0.4480418 0.2784498 0.0262019 0.0159910
34 0.3807504 0.4506199 0.0631229 0.0575677
6 0.3813459 0.4511529 0.0262020 0.0159910
4 0.2479542 0.5087206 0.0262019 0.0159911
29 0.1812584 0.2784498 0.0262019 0.0159910
27 0.2479542 0.2784498 0.0262019 0.0159910
12 0.1145625 0.2208821 0.0262019 0.0159910
29 0.5147376 0.2784498 0.0262020 0.0159910
8 0.1145625 0.5087206 0.0262019 0.0159911
12 0.1812584 0.5087206 0.0262019 0.0159911
3 0.2479542 0.3935852 0.0262019 0.0159910
28 0.5147376 0.4511529 0.0262020 0.0159910
12 0.5147376 0.3935852 0.0262020 0.0159910
22 0.4480418 0.5087206 0.0262019 0.0159911
20 0.1145625 0.4511529 0.0262019 0.0159910
22 0.4480418 0.4511529 0.0262019 0.0159910
15 0.3134591 0.3360175 0.0262020 0.0159911
1 0.2479542 0.3360175 0.0262019 0.0159911
24 0.1812584 0.3360175 0.0262019 0.0159911
12 0.4480418 0.3360175 0.0262019 0.0159911
6 0.1812584 0.4511529 0.0262019 0.0159910
14 0.1145625 0.3935852 0.0262019 0.0159910
7 0.4480418 0.2208821 0.0262019 0.0159910
14 0.3134591 0.3935852 0.0262020 0.0159910
26 0.3134591 0.5087206 0.0262020 0.0159911
1 0.1145625 0.2784498 0.0262019 0.0159910
13 0.2479542 0.2208821 0.0262019 0.0159910
27 0.3134591 0.2208821 0.0262020 0.0159910
20 0.4480418 0.3935852 0.0262019 0.0159910
4 0.5147376 0.2208821 0.0262020 0.0159910
21 0.3813459 0.2208821 0.0262020 0.0159910
4 0.3134591 0.4511529 0.0262020 0.0159910
24 0.1812584 0.3935852 0.0262019 0.0159910
25 0.1812584 0.2208821 0.0262019 0.0159910
11 0.3813459 0.5087206 0.0262020 0.0159911
31 0.1145625 0.3360175 0.0262019 0.0159911
9 0.3813459 0.3360175 0.0262020 0.0159911
25 0.5147376 0.5087206 0.0262020 0.0159911
30 0.3813459 0.3935852 0.0262020 0.0159910
11 0.2479542 0.4511529 0.0262019 0.0159910
3 0.5147376 0.3360175 0.0262020 0.0159911
