20 0.7660310 0.5873603 0.0282625 0.0166646
24 0.6940900 0.5273676 0.0282625 0.0166646
32 0.6240762 0.5323669 0.5202868 0.4266151
33 0.6227914 0.3479448 0.4714697 0.0155537
1 0.6208645 0.4673748 0.0282625 0.0166646
25 0.7660310 0.4673748 0.0282625 0.0166646
34 0.6208645 0.6467976 0.0668022 0.0599927
21 0.6208645 0.6473530 0.0282625 0.0166646
20 0.6940900 0.6473530 0.0282625 0.0166646
28 0.4782674 0.7073458 0.0282625 0.0166646
16 0.5502083 0.5273676 0.0282625 0.0166646
15 0.7660310 0.6473530 0.0282625 0.0166646
5 0.7660310 0.5273676 0.0282625 0.0166646
16 0.4782674 0.4073821 0.0282625 0.0166646
5 0.6208645 0.5873603 0.0282625 0.0166646
16 0.4063265 0.7073458 0.0282625 0.0166646
15 0.4782674 0.4673748 0.0282625 0.0166646
21 0.8379718 0.5273676 0.0282625 0.0166646
7 0.4063265 0.5273676 0.0282625 0.0166646
27 0.5502083 0.4073821 0.0282625 0.0166646
19 0.8379718 0.7073458 0.0282625 0.0166646
2 0.6940900 0.4673748 0.0282625 0.0166646
14 0.4063265 0.6473530 0.0282625 0.0166646
11 0.4063265 0.4073821 0.0282625 0.0166646
3 0.4782674 0.5273676 0.0282625 0.0166646
25 0.4782674 0.5873603 0.0282625 0.0166646
30 0.8379718 0.5873603 0.0282625 0.0166646
27 0.7660310 0.7073458 0.0282625 0.0166646
6 0.8379718 0.4073821 0.0282625 0.0166646
21 0.4063265 0.5873603 0.0282625 0.0166646
15 0.5502083 0.5873603 0.0282625 0.0166646
3 0.6940900 0.7073458 0.0282625 0.0166646
27 0.6208645 0.5273676 0.0282625 0.0166646
12 0.6208645 0.4073821 0.0282625 0.0166646
17 0.5502083 0.4673748 0.0282625 0.0166646
19 0.6208645 0.7073458 0.0282625 0.0166646
29 0.5502083 0.6473530 0.0282625 0.0166646
10 0.4782674 0.6473530 0.0282625 0.0166646
11 0.8379718 0.6473530 0.0282625 0.0166646
13 0.6940900 0.4073821 0.0282625 0.0166646
31 0.4063265 0.4673748 0.0282625 0.0166646
2 0.6940900 0.5873603 0.0282625 0.0166646
1 0.5502083 0.7073458 0.0282625 0.0166646
16 0.7660310 0.4073821 0.0282625 0.0166646
1 0.8379718 0.4673748 0.0282625 0.0166646
