8 0.4724426 0.6413090 0.0271721 0.0163636
3 0.4032773 0.6413090 0.0271721 0.0163636
32 0.5434606 0.5873092 0.5002137 0.4189082
33 0.5422256 0.4062186 0.4532802 0.0152727
2 0.3341119 0.4645821 0.0271721 0.0163636
34 0.6101558 0.4640367 0.0654601 0.0589090
22 0.6107734 0.4645821 0.0271721 0.0163636
18 0.6107734 0.6413090 0.0271721 0.0163636
25 0.4724426 0.4645821 0.0271721 0.0163636
25 0.3341119 0.7002180 0.0271721 0.0163636
18 0.5403729 0.7591269 0.0271721 0.0163636
18 0.4032773 0.4645821 0.0271721 0.0163636
18 0.4724426 0.5234911 0.0271721 0.0163636
16 0.7491041 0.7002180 0.0271721 0.0163636
15 0.4032773 0.5234911 0.0271721 0.0163636
27 0.5403729 0.5824000 0.0271721 0.0163636
20 0.3341119 0.5824000 0.0271721 0.0163636
28 0.5403729 0.7002180 0.0271721 0.0163636
25 0.4724426 0.5824000 0.0271721 0.0163636
15 0.4032773 0.7002180 0.0271721 0.0163636
15 0.4724426 0.7591269 0.0271721 0.0163636
14 0.6107734 0.7591269 0.0271721 0.0163636
10 0.6799387 0.7591269 0.0271721 0.0163636
31 0.6107734 0.7002180 0.0271721 0.0163636
9 0.7491041 0.7591269 0.0271721 0.0163636
25 0.7491041 0.5824000 0.0271721 0.0163636
19 0.6799387 0.5234911 0.0271721 0.0163636
8 0.3341119 0.5234911 0.0271721 0.0163636
2 0.6799387 0.7002180 0.0271721 0.0163636
4 0.7491041 0.6413090 0.0271721 0.0163636
4 0.6107734 0.5234911 0.0271721 0.0163636
24 0.5403729 0.5234911 0.0271721 0.0163636
9 0.5403729 0.4645821 0.0271721 0.0163636
15 0.6799387 0.5824000 0.0271721 0.0163636
17 0.3341119 0.6413090 0.0271721 0.0163636
7 0.7491041 0.5234911 0.0271721 0.0163636
13 0.5403729 0.6413090 0.0271721 0.0163636
6 0.6107734 0.5824000 0.0271721 0.0163636
8 0.6799387 0.6413090 0.0271721 0.0163636
26 0.4724426 0.7002180 0.0271721 0.0163636
9 0.6799387 0.4645821 0.0271721 0.0163636
10 0.7491041 0.4645821 0.0271721 0.0163636
17 0.3341119 0.7591269 0.0271721 0.0163636
20 0.4032773 0.7591269 0.0271721 0.0163636
20 0.4032773 0.5824000 0.0271721 0.0163636
