20 0.1794578 0.5562451 0.0278433 0.0169132
28 0.2490661 0.6171326 0.0278433 0.0169132
32 0.2548826 0.4395440 0.5072652 0.4329779
33 0.2509645 0.2523712 0.4644771 0.0157857
26 0.3920795 0.3126950 0.0278433 0.0169132
34 0.3914467 0.3730188 0.0645459 0.0608875
7 0.3920795 0.3735825 0.0278433 0.0169132
2 0.4629534 0.3735825 0.0278433 0.0169132
8 0.1085839 0.4344700 0.0278433 0.0169132
5 0.1085839 0.6171326 0.0278433 0.0169132
27 0.4629534 0.4344700 0.0278433 0.0169132
11 0.1085839 0.3735825 0.0278433 0.0169132
12 0.3920795 0.4344700 0.0278433 0.0169132
27 0.3920795 0.5562451 0.0278433 0.0169132
16 0.1085839 0.3126950 0.0278433 0.0169132
17 0.4629534 0.4953576 0.0278433 0.0169132
11 0.0377101 0.6171326 0.0278433 0.0169132
7 0.4629534 0.3126950 0.0278433 0.0169132
2 0.0377101 0.4344700 0.0278433 0.0169132
20 0.3920795 0.6171326 0.0278433 0.0169132
3 0.2490661 0.4953576 0.0278433 0.0169132
24 0.3212056 0.4344700 0.0278433 0.0169132
3 0.2490661 0.4344700 0.0278433 0.0169132
17 0.0377101 0.5562451 0.0278433 0.0169132
10 0.0377101 0.3735825 0.0278433 0.0169132
12 0.1794578 0.4953576 0.0278433 0.0169132
13 0.1085839 0.4953576 0.0278433 0.0169132
10 0.1085839 0.5562451 0.0278433 0.0169132
15 0.4629534 0.5562451 0.0278433 0.0169132
22 0.2490661 0.5562451 0.0278433 0.0169132
3 0.0377101 0.3126950 0.0278433 0.0169132
5 0.0377101 0.4953576 0.0278433 0.0169132
3 0.4629534 0.6171326 0.0278433 0.0169132
25 0.3212056 0.3126950 0.0278433 0.0169132
18 0.3920795 0.4953576 0.0278433 0.0169132
6 0.3212056 0.5562451 0.0278433 0.0169132
19 0.1794578 0.6171326 0.0278433 0.0169132
15 0.1794578 0.4344700 0.0278433 0.0169132
16 0.2490661 0.3735825 0.0278433 0.0169132
25 0.3212056 0.4953576 0.0278433 0.0169132
17 0.3212056 0.6171326 0.0278433 0.0169132
8 0.2490661 0.3126950 0.0278433 0.0169132
9 0.3212056 0.3735825 0.0278433 0.0169132
16 0.1794578 0.3126950 0.0278433 0.0169132
20 0.1794578 0.3735825 0.0278433 0.0169132
