20 0.5081924 0.2380969 0.0287237 0.0160640
21 0.0695035 0.4694193 0.0287237 0.0160640
32 0.2908064 0.3585773 0.5287767 0.4112398
33 0.2895008 0.1808017 0.4791631 0.0149931
34 0.2875423 0.2375614 0.0678923 0.0578306
17 0.2875423 0.2380969 0.0287237 0.0160640
13 0.2157332 0.2959275 0.0287237 0.0160640
21 0.1426184 0.5272499 0.0287237 0.0160640
26 0.2875423 0.3537581 0.0287237 0.0160640
30 0.5081924 0.2959275 0.0287237 0.0160640
27 0.2157332 0.4115887 0.0287237 0.0160640
16 0.2157332 0.3537581 0.0287237 0.0160640
4 0.5081924 0.5272499 0.0287237 0.0160640
21 0.1426184 0.2959275 0.0287237 0.0160640
7 0.1426184 0.3537581 0.0287237 0.0160640
30 0.3619628 0.5272499 0.0287237 0.0160640
11 0.5081924 0.4115887 0.0287237 0.0160640
14 0.2875423 0.2959275 0.0287237 0.0160640
18 0.4350776 0.4115887 0.0287237 0.0160640
22 0.2157332 0.4694193 0.0287237 0.0160640
14 0.1426184 0.2380969 0.0287237 0.0160640
25 0.4350776 0.5272499 0.0287237 0.0160640
18 0.4350776 0.3537581 0.0287237 0.0160640
14 0.0695035 0.2959275 0.0287237 0.0160640
29 0.2157332 0.5272499 0.0287237 0.0160640
29 0.2875423 0.4694193 0.0287237 0.0160640
2 0.2875423 0.4115887 0.0287237 0.0160640
25 0.1426184 0.4115887 0.0287237 0.0160640
14 0.2875423 0.5272499 0.0287237 0.0160640
6 0.4350776 0.2959275 0.0287237 0.0160640
22 0.3619628 0.4115887 0.0287237 0.0160640
13 0.1426184 0.4694193 0.0287237 0.0160640
20 0.5081924 0.4694193 0.0287237 0.0160640
4 0.0695035 0.4115887 0.0287237 0.0160640
5 0.2157332 0.2380969 0.0287237 0.0160640
16 0.0695035 0.5272499 0.0287237 0.0160640
26 0.4350776 0.4694193 0.0287237 0.0160640
26 0.3619628 0.3537581 0.0287237 0.0160640
20 0.3619628 0.2380969 0.0287237 0.0160640
18 0.0695035 0.3537581 0.0287237 0.0160640
14 0.0695035 0.2380969 0.0287237 0.0160640
30 0.3619628 0.2959275 0.0287237 0.0160640
11 0.3619628 0.4694193 0.0287237 0.0160640
25 0.5081924 0.3537581 0.0287237 0.0160640
28 0.4350776 0.2380969 0.0287237 0.0160640
