21 0.3209535 0.7872153 0.0261822 0.0174167
20 0.6541819 0.4737152 0.0261823 0.0174167
32 0.4560300 0.6043403 0.4819911 0.4458668
33 0.4548399 0.4115958 0.4367673 0.0162556
30 0.5208906 0.5364152 0.0261822 0.0174167
31 0.3875992 0.7872153 0.0261823 0.0174167
34 0.5869412 0.7866347 0.0606951 0.0627001
25 0.5875362 0.7872153 0.0261823 0.0174167
29 0.4530547 0.7245152 0.0261822 0.0174167
3 0.6541819 0.7245152 0.0261823 0.0174167
21 0.5875362 0.4737152 0.0261823 0.0174167
17 0.6541819 0.6618153 0.0261823 0.0174166
26 0.2543078 0.6618153 0.0261822 0.0174166
10 0.2543078 0.5364152 0.0261822 0.0174167
30 0.3209535 0.7245152 0.0261822 0.0174167
29 0.5875362 0.5991153 0.0261823 0.0174167
6 0.5208906 0.5991153 0.0261822 0.0174167
13 0.3209535 0.5991153 0.0261822 0.0174167
19 0.6541819 0.5991153 0.0261823 0.0174167
6 0.4530547 0.4737152 0.0261822 0.0174167
24 0.3875992 0.4737152 0.0261823 0.0174167
14 0.5208906 0.6618153 0.0261822 0.0174166
29 0.5875362 0.5364152 0.0261823 0.0174167
2 0.2543078 0.7872153 0.0261822 0.0174167
13 0.4530547 0.7872153 0.0261822 0.0174167
7 0.3875992 0.5991153 0.0261823 0.0174167
6 0.5875362 0.7245152 0.0261823 0.0174167
30 0.5208906 0.7872153 0.0261822 0.0174167
30 0.4530547 0.6618153 0.0261822 0.0174166
8 0.3209535 0.4737152 0.0261822 0.0174167
20 0.4530547 0.5991153 0.0261822 0.0174167
1 0.3875992 0.6618153 0.0261823 0.0174166
4 0.3875992 0.7245152 0.0261823 0.0174167
10 0.5208906 0.4737152 0.0261822 0.0174167
19 0.6541819 0.5364152 0.0261823 0.0174167
19 0.5875362 0.6618153 0.0261823 0.0174166
26 0.5208906 0.7245152 0.0261822 0.0174167
27 0.3209535 0.6618153 0.0261822 0.0174166
27 0.3209535 0.5364152 0.0261822 0.0174167
19 0.2543078 0.4737152 0.0261822 0.0174167
15 0.3875992 0.5364152 0.0261823 0.0174167
22 0.4530547 0.5364152 0.0261822 0.0174167
5 0.2543078 0.5991153 0.0261822 0.0174167
3 0.2543078 0.7245152 0.0261822 0.0174167
14 0.6541819 0.7872153 0.0261823 0.0174167
