12 0.2665927 0.6386414 0.0270042 0.0165356
17 0.4040688 0.5195853 0.0270042 0.0165356
32 0.4746481 0.5245459 0.4971235 0.4233106
33 0.4734206 0.3415523 0.4504799 0.0154332
34 0.4040688 0.3999780 0.0638282 0.0595281
7 0.4040688 0.4005292 0.0270042 0.0165355
27 0.6790211 0.5791134 0.0270042 0.0165356
22 0.3353308 0.6981695 0.0270042 0.0165356
15 0.4715794 0.6981695 0.0270042 0.0165356
16 0.2665927 0.6981695 0.0270042 0.0165356
28 0.4715794 0.4005292 0.0270042 0.0165355
19 0.5415450 0.4600572 0.0270042 0.0165356
20 0.4715794 0.4600572 0.0270042 0.0165356
14 0.6102831 0.5791134 0.0270042 0.0165356
11 0.5415450 0.6386414 0.0270042 0.0165356
19 0.2665927 0.5791134 0.0270042 0.0165356
13 0.4040688 0.4600572 0.0270042 0.0165356
13 0.6790211 0.6981695 0.0270042 0.0165356
19 0.6102831 0.5195853 0.0270042 0.0165356
24 0.6790211 0.4005292 0.0270042 0.0165355
17 0.3353308 0.6386414 0.0270042 0.0165356
20 0.3353308 0.4600572 0.0270042 0.0165356
31 0.5415450 0.5791134 0.0270042 0.0165356
2 0.6790211 0.5195853 0.0270042 0.0165356
14 0.5415450 0.6981695 0.0270042 0.0165356
12 0.3353308 0.5791134 0.0270042 0.0165356
30 0.6102831 0.6981695 0.0270042 0.0165356
6 0.6102831 0.4005292 0.0270042 0.0165355
28 0.6790211 0.6386414 0.0270042 0.0165356
21 0.2665927 0.4005292 0.0270042 0.0165355
8 0.3353308 0.4005292 0.0270042 0.0165355
14 0.2665927 0.4600572 0.0270042 0.0165356
29 0.2665927 0.5195853 0.0270042 0.0165356
6 0.4040688 0.6981695 0.0270042 0.0165356
24 0.4715794 0.5791134 0.0270042 0.0165356
21 0.6102831 0.6386414 0.0270042 0.0165356
16 0.5415450 0.5195853 0.0270042 0.0165356
25 0.5415450 0.4005292 0.0270042 0.0165355
10 0.4040688 0.5791134 0.0270042 0.0165356
31 0.4715794 0.6386414 0.0270042 0.0165356
15 0.6102831 0.4600572 0.0270042 0.0165356
20 0.4040688 0.6386414 0.0270042 0.0165356
29 0.4715794 0.5195853 0.0270042 0.0165356
10 0.6790211 0.4600572 0.0270042 0.0165356
6 0.3353308 0.5195853 0.0270042 0.0165356
