21 0.4888049 0.4611806 0.0275349 0.0170942
8 0.6277310 0.4611806 0.0275349 0.0170942
32 0.6308599 0.5893872 0.5068925 0.4376118
33 0.6296083 0.4002113 0.4593322 0.0159546
34 0.5588937 0.5836891 0.0650825 0.0615391
29 0.5588937 0.5842589 0.0275349 0.0170942
12 0.7691602 0.5842589 0.0275349 0.0170942
4 0.7691602 0.6457981 0.0275349 0.0170942
8 0.8392491 0.5842589 0.0275349 0.0170942
8 0.4187160 0.5227198 0.0275349 0.0170943
19 0.5588937 0.6457981 0.0275349 0.0170942
7 0.4888049 0.6457981 0.0275349 0.0170942
8 0.6990714 0.5842589 0.0275349 0.0170942
26 0.4187160 0.5842589 0.0275349 0.0170942
10 0.4187160 0.7688764 0.0275349 0.0170942
3 0.5588937 0.7688764 0.0275349 0.0170942
9 0.4888049 0.5227198 0.0275349 0.0170943
12 0.4888049 0.5842589 0.0275349 0.0170942
24 0.7691602 0.7688764 0.0275349 0.0170942
28 0.4888049 0.7073372 0.0275349 0.0170942
16 0.6277310 0.5227198 0.0275349 0.0170943
11 0.6277310 0.7688764 0.0275349 0.0170942
9 0.7691602 0.5227198 0.0275349 0.0170943
17 0.7691602 0.4611806 0.0275349 0.0170942
13 0.6990714 0.7688764 0.0275349 0.0170942
2 0.5588937 0.5227198 0.0275349 0.0170943
11 0.6990714 0.7073372 0.0275349 0.0170942
2 0.6990714 0.6457981 0.0275349 0.0170942
17 0.5588937 0.7073372 0.0275349 0.0170942
22 0.8392491 0.6457981 0.0275349 0.0170942
3 0.6990714 0.5227198 0.0275349 0.0170943
30 0.8392491 0.7073372 0.0275349 0.0170942
17 0.6277310 0.6457981 0.0275349 0.0170942
17 0.6277310 0.5842589 0.0275349 0.0170942
27 0.4187160 0.4611806 0.0275349 0.0170942
11 0.5588937 0.4611806 0.0275349 0.0170942
16 0.8392491 0.5227198 0.0275349 0.0170943
5 0.8392491 0.7688764 0.0275349 0.0170942
2 0.6990714 0.4611806 0.0275349 0.0170942
22 0.8392491 0.4611806 0.0275349 0.0170942
4 0.6277310 0.7073372 0.0275349 0.0170942
17 0.4888049 0.7688764 0.0275349 0.0170942
18 0.7691602 0.7073372 0.0275349 0.0170942
11 0.4187160 0.7073372 0.0275349 0.0170942
21 0.4187160 0.6457981 0.0275349 0.0170942
