4 0.4081474 0.3104685 0.0269323 0.0159466
4 0.7509226 0.3678762 0.0269324 0.0159466
32 0.6156488 0.4300680 0.4957999 0.4082329
33 0.6144246 0.2535923 0.4492804 0.0148835
34 0.6817555 0.3099370 0.0648824 0.0574078
13 0.6823676 0.3104685 0.0269324 0.0159466
1 0.5452575 0.4252840 0.0269323 0.0159466
20 0.6125883 0.4252840 0.0269323 0.0159466
6 0.6125883 0.3104685 0.0269323 0.0159466
25 0.6823676 0.5400995 0.0269324 0.0159466
12 0.8194777 0.5400995 0.0269324 0.0159466
20 0.8194777 0.4826918 0.0269324 0.0159466
10 0.8194777 0.4252840 0.0269324 0.0159466
22 0.4767024 0.3104685 0.0269324 0.0159466
20 0.5452575 0.4826918 0.0269323 0.0159466
28 0.8194777 0.3104685 0.0269324 0.0159466
1 0.7509226 0.5975073 0.0269324 0.0159466
28 0.6125883 0.5400995 0.0269323 0.0159466
31 0.7509226 0.4252840 0.0269324 0.0159466
16 0.4081474 0.3678762 0.0269323 0.0159466
13 0.6823676 0.5975073 0.0269324 0.0159466
29 0.6125883 0.5975073 0.0269323 0.0159466
1 0.7509226 0.5400995 0.0269324 0.0159466
13 0.4081474 0.4826918 0.0269323 0.0159466
28 0.4767024 0.4252840 0.0269324 0.0159466
19 0.7509226 0.4826918 0.0269324 0.0159466
28 0.6125883 0.3678762 0.0269323 0.0159466
4 0.4767024 0.4826918 0.0269324 0.0159466
22 0.6823676 0.3678762 0.0269324 0.0159466
29 0.5452575 0.5975073 0.0269323 0.0159466
25 0.4767024 0.5975073 0.0269324 0.0159466
9 0.6823676 0.4826918 0.0269324 0.0159466
31 0.4767024 0.3678762 0.0269324 0.0159466
28 0.5452575 0.3104685 0.0269323 0.0159466
16 0.4081474 0.4252840 0.0269323 0.0159466
30 0.6125883 0.4826918 0.0269323 0.0159466
2 0.4767024 0.5400995 0.0269324 0.0159466
19 0.4081474 0.5400995 0.0269323 0.0159466
26 0.7509226 0.3104685 0.0269324 0.0159466
10 0.4081474 0.5975073 0.0269323 0.0159466
18 0.6823676 0.4252840 0.0269324 0.0159466
16 0.5452575 0.3678762 0.0269323 0.0159466
26 0.8194777 0.3678762 0.0269324 0.0159466
15 0.5452575 0.5400995 0.0269323 0.0159466
22 0.8194777 0.5975073 0.0269324 0.0159466
