4 0.1512203 0.3698994 0.0286152 0.0172125
22 0.4425748 0.6177593 0.0286152 0.0172125
32 0.2988486 0.4370281 0.5267794 0.4406399
33 0.2975479 0.2465432 0.4773532 0.0160650
20 0.4425748 0.3698994 0.0286152 0.0172125
3 0.2955969 0.4938294 0.0286152 0.0172125
34 0.4419245 0.5552206 0.0663352 0.0619650
10 0.4425748 0.5557944 0.0286152 0.0172125
15 0.5154135 0.3698994 0.0286152 0.0172125
14 0.4425748 0.4318644 0.0286152 0.0172125
9 0.2240590 0.6177593 0.0286152 0.0172125
14 0.2955969 0.6177593 0.0286152 0.0172125
6 0.5154135 0.3079344 0.0286152 0.0172125
28 0.3697362 0.3698994 0.0286152 0.0172125
10 0.5154135 0.4938294 0.0286152 0.0172125
5 0.0783817 0.3079344 0.0286152 0.0172125
15 0.5154135 0.6177593 0.0286152 0.0172125
7 0.0783817 0.3698994 0.0286152 0.0172125
14 0.3697362 0.5557944 0.0286152 0.0172125
6 0.1512203 0.4318644 0.0286152 0.0172125
13 0.1512203 0.6177593 0.0286152 0.0172125
1 0.3697362 0.3079344 0.0286152 0.0172125
25 0.2240590 0.4318644 0.0286152 0.0172125
29 0.2955969 0.3079344 0.0286152 0.0172125
11 0.1512203 0.3079344 0.0286152 0.0172125
1 0.5154135 0.5557944 0.0286152 0.0172125
3 0.4425748 0.3079344 0.0286152 0.0172125
14 0.2240590 0.3079344 0.0286152 0.0172125
1 0.3697362 0.4318644 0.0286152 0.0172125
25 0.2955969 0.5557944 0.0286152 0.0172125
1 0.3697362 0.4938294 0.0286152 0.0172125
1 0.3697362 0.6177593 0.0286152 0.0172125
16 0.2240590 0.3698994 0.0286152 0.0172125
26 0.2240590 0.4938294 0.0286152 0.0172125
25 0.0783817 0.5557944 0.0286152 0.0172125
14 0.0783817 0.6177593 0.0286152 0.0172125
7 0.2240590 0.5557944 0.0286152 0.0172125
1 0.1512203 0.5557944 0.0286152 0.0172125
30 0.4425748 0.4938294 0.0286152 0.0172125
7 0.2955969 0.4318644 0.0286152 0.0172125
4 0.5154135 0.4318644 0.0286152 0.0172125
22 0.1512203 0.4938294 0.0286152 0.0172125
10 0.0783817 0.4938294 0.0286152 0.0172125
19 0.2955969 0.3698994 0.0286152 0.0172125
10 0.0783817 0.4318644 0.0286152 0.0172125
