1 0.2927131 0.4025266 0.0272460 0.0173803
25 0.4326582 0.5902340 0.0272460 0.0173804
32 0.2958092 0.4703098 0.5015735 0.4449363
33 0.2945707 0.2779676 0.4545123 0.0162217
34 0.4320390 0.3393781 0.0631611 0.0625691
8 0.4326582 0.3399574 0.0272460 0.0173803
4 0.2245981 0.4650957 0.0272460 0.0173803
18 0.5020116 0.5902340 0.0272460 0.0173804
6 0.2927131 0.3399574 0.0272460 0.0173803
26 0.2245981 0.6528031 0.0272460 0.0173803
12 0.3633049 0.4650957 0.0272460 0.0173803
26 0.0858914 0.5276649 0.0272460 0.0173804
26 0.1552448 0.5276649 0.0272460 0.0173804
14 0.5020116 0.4025266 0.0272460 0.0173803
24 0.4326582 0.4025266 0.0272460 0.0173803
5 0.1552448 0.6528031 0.0272460 0.0173803
24 0.2927131 0.6528031 0.0272460 0.0173803
28 0.1552448 0.4650957 0.0272460 0.0173803
9 0.0858914 0.6528031 0.0272460 0.0173803
5 0.0858914 0.3399574 0.0272460 0.0173803
15 0.2245981 0.4025266 0.0272460 0.0173803
8 0.3633049 0.6528031 0.0272460 0.0173803
13 0.5020116 0.6528031 0.0272460 0.0173803
10 0.1552448 0.4025266 0.0272460 0.0173803
30 0.2927131 0.5902340 0.0272460 0.0173804
21 0.0858914 0.4650957 0.0272460 0.0173803
10 0.3633049 0.3399574 0.0272460 0.0173803
3 0.0858914 0.4025266 0.0272460 0.0173803
25 0.2927131 0.5276649 0.0272460 0.0173804
24 0.2245981 0.5276649 0.0272460 0.0173804
31 0.4326582 0.5276649 0.0272460 0.0173804
13 0.1552448 0.5902340 0.0272460 0.0173804
19 0.5020116 0.5276649 0.0272460 0.0173804
22 0.0858914 0.5902340 0.0272460 0.0173804
12 0.2245981 0.3399574 0.0272460 0.0173803
28 0.4326582 0.4650957 0.0272460 0.0173803
14 0.5020116 0.3399574 0.0272460 0.0173803
7 0.3633049 0.5276649 0.0272460 0.0173804
25 0.4326582 0.6528031 0.0272460 0.0173803
7 0.1552448 0.3399574 0.0272460 0.0173803
13 0.3633049 0.5902340 0.0272460 0.0173804
22 0.2927131 0.4650957 0.0272460 0.0173803
21 0.3633049 0.4025266 0.0272460 0.0173803
14 0.2245981 0.5902340 0.0272460 0.0173804
1 0.5020116 0.4650957 0.0272460 0.0173803
