29 0.3386066 0.4572395 0.0266233 0.0173258
18 0.3386066 0.3324938 0.0266233 0.0173258
32 0.5437273 0.4624372 0.4901115 0.4435401
33 0.5425172 0.2706985 0.4441258 0.0161708
20 0.4063751 0.3948666 0.0266233 0.0173258
34 0.5407019 0.3942891 0.0629279 0.0623728
31 0.5407019 0.3948666 0.0266233 0.0173258
29 0.6096806 0.6443580 0.0266233 0.0173258
10 0.4741436 0.4572395 0.0266233 0.0173258
27 0.4741436 0.3948666 0.0266233 0.0173258
18 0.6774491 0.3324938 0.0266234 0.0173258
14 0.6774491 0.5819851 0.0266234 0.0173258
14 0.6774491 0.6443580 0.0266234 0.0173258
8 0.5407019 0.4572395 0.0266233 0.0173258
24 0.4063751 0.3324938 0.0266233 0.0173258
9 0.4063751 0.4572395 0.0266233 0.0173258
14 0.5407019 0.5819851 0.0266233 0.0173258
4 0.5407019 0.6443580 0.0266233 0.0173258
26 0.3386066 0.3948666 0.0266233 0.0173258
29 0.6096806 0.3324938 0.0266233 0.0173258
19 0.5407019 0.3324938 0.0266233 0.0173258
13 0.6096806 0.5196123 0.0266233 0.0173258
4 0.3386066 0.5196123 0.0266233 0.0173258
11 0.6774491 0.5196123 0.0266234 0.0173258
27 0.7452176 0.4572395 0.0266233 0.0173258
3 0.6774491 0.3948666 0.0266234 0.0173258
31 0.4741436 0.5196123 0.0266233 0.0173258
6 0.4063751 0.5196123 0.0266233 0.0173258
20 0.4063751 0.5819851 0.0266233 0.0173258
31 0.4741436 0.5819851 0.0266233 0.0173258
1 0.7452176 0.3948666 0.0266233 0.0173258
15 0.6096806 0.3948666 0.0266233 0.0173258
3 0.7452176 0.5196123 0.0266233 0.0173258
28 0.4741436 0.3324938 0.0266233 0.0173258
28 0.4741436 0.6443580 0.0266233 0.0173258
4 0.7452176 0.3324938 0.0266233 0.0173258
24 0.7452176 0.5819851 0.0266233 0.0173258
9 0.4063751 0.6443580 0.0266233 0.0173258
17 0.6774491 0.4572395 0.0266234 0.0173258
17 0.3386066 0.6443580 0.0266233 0.0173258
7 0.6096806 0.5819851 0.0266233 0.0173258
3 0.5407019 0.5196123 0.0266233 0.0173258
28 0.6096806 0.4572395 0.0266233 0.0173258
28 0.3386066 0.5819851 0.0266233 0.0173258
29 0.7452176 0.6443580 0.0266233 0.0173258
