9 0.3800166 0.3977499 0.0261681 0.0160900
17 0.7130653 0.5715219 0.0261681 0.0160900
32 0.5816300 0.5184249 0.4817312 0.4119040
33 0.5804405 0.3403622 0.4365317 0.0150173
34 0.3800166 0.4551375 0.0618519 0.0579240
18 0.3800166 0.4556739 0.0261681 0.0160900
30 0.5132360 0.4556739 0.0261681 0.0160900
29 0.5786563 0.5715219 0.0261681 0.0160900
29 0.5132360 0.3977499 0.0261681 0.0160900
9 0.5786563 0.6873699 0.0261681 0.0160900
10 0.5786563 0.3977499 0.0261681 0.0160900
1 0.7796750 0.6294459 0.0261681 0.0160900
3 0.4466263 0.5715219 0.0261681 0.0160900
19 0.6464555 0.4556739 0.0261681 0.0160900
8 0.7130653 0.6873699 0.0261681 0.0160900
29 0.7796750 0.3977499 0.0261681 0.0160900
5 0.5132360 0.6873699 0.0261681 0.0160900
19 0.5786563 0.6294459 0.0261681 0.0160900
7 0.4466263 0.4556739 0.0261681 0.0160900
15 0.3800166 0.5135979 0.0261681 0.0160900
4 0.6464555 0.6873699 0.0261681 0.0160900
11 0.6464555 0.5135979 0.0261681 0.0160900
31 0.6464555 0.3977499 0.0261681 0.0160900
17 0.7130653 0.5135979 0.0261681 0.0160900
18 0.4466263 0.6873699 0.0261681 0.0160900
9 0.3800166 0.6294459 0.0261681 0.0160900
2 0.7796750 0.4556739 0.0261681 0.0160900
13 0.5786563 0.5135979 0.0261681 0.0160900
15 0.5786563 0.4556739 0.0261681 0.0160900
6 0.4466263 0.5135979 0.0261681 0.0160900
17 0.7796750 0.6873699 0.0261681 0.0160900
30 0.7796750 0.5135979 0.0261681 0.0160900
1 0.5132360 0.5135979 0.0261681 0.0160900
11 0.5132360 0.5715219 0.0261681 0.0160900
27 0.7130653 0.4556739 0.0261681 0.0160900
19 0.3800166 0.6873699 0.0261681 0.0160900
8 0.6464555 0.6294459 0.0261681 0.0160900
24 0.5132360 0.6294459 0.0261681 0.0160900
8 0.7796750 0.5715219 0.0261681 0.0160900
9 0.7130653 0.3977499 0.0261681 0.0160900
12 0.4466263 0.3977499 0.0261681 0.0160900
28 0.6464555 0.5715219 0.0261681 0.0160900
1 0.7130653 0.6294459 0.0261681 0.0160900
2 0.3800166 0.5715219 0.0261681 0.0160900
20 0.4466263 0.6294459 0.0261681 0.0160900
