8 0.6672699 0.6569317 0.0283396 0.0165649
24 0.6672699 0.5972978 0.0283396 0.0165649
32 0.5970649 0.6022672 0.5217064 0.4240634
33 0.5957767 0.4189482 0.4727562 0.0154606
14 0.4508583 0.5376638 0.0283396 0.0165649
22 0.5229955 0.5376638 0.0283396 0.0165649
34 0.7387630 0.7756473 0.0656964 0.0596339
29 0.7394070 0.7761995 0.0283395 0.0165649
8 0.3787211 0.7761995 0.0283396 0.0165649
18 0.7394070 0.5376638 0.0283395 0.0165649
30 0.4508583 0.4780299 0.0283396 0.0165650
26 0.4508583 0.5972978 0.0283396 0.0165649
19 0.8115442 0.4780299 0.0283396 0.0165650
8 0.5938445 0.7761995 0.0283396 0.0165649
7 0.7394070 0.6569317 0.0283395 0.0165649
25 0.5229955 0.4780299 0.0283396 0.0165650
17 0.5229955 0.7165656 0.0283396 0.0165649
22 0.7394070 0.4780299 0.0283395 0.0165650
10 0.5938445 0.5972978 0.0283396 0.0165649
6 0.5938445 0.7165656 0.0283396 0.0165649
13 0.4508583 0.6569317 0.0283396 0.0165649
22 0.3787211 0.5972978 0.0283396 0.0165649
27 0.7394070 0.7165656 0.0283395 0.0165649
28 0.8115442 0.7761995 0.0283396 0.0165649
28 0.3787211 0.4780299 0.0283396 0.0165650
24 0.6672699 0.7165656 0.0283396 0.0165649
11 0.7394070 0.5972978 0.0283395 0.0165649
31 0.8115442 0.5376638 0.0283396 0.0165649
11 0.5938445 0.5376638 0.0283396 0.0165649
14 0.5938445 0.4780299 0.0283396 0.0165650
27 0.3787211 0.5376638 0.0283396 0.0165649
24 0.6672699 0.7761995 0.0283396 0.0165649
2 0.6672699 0.5376638 0.0283396 0.0165649
28 0.4508583 0.7165656 0.0283396 0.0165649
14 0.8115442 0.5972978 0.0283396 0.0165649
13 0.5229955 0.7761995 0.0283396 0.0165649
22 0.8115442 0.6569317 0.0283396 0.0165649
22 0.5938445 0.6569317 0.0283396 0.0165649
6 0.3787211 0.6569317 0.0283396 0.0165649
29 0.4508583 0.7761995 0.0283396 0.0165649
19 0.5229955 0.5972978 0.0283396 0.0165649
22 0.5229955 0.6569317 0.0283396 0.0165649
22 0.6672699 0.4780299 0.0283396 0.0165650
27 0.8115442 0.7165656 0.0283396 0.0165649
18 0.3787211 0.7165656 0.0283396 0.0165649
