4 0.1873865 0.2242920 0.0266689 0.0163420
22 0.4589249 0.3419540 0.0266690 0.0163420
32 0.3928587 0.3468566 0.4909512 0.4183539
33 0.3916464 0.1660057 0.4448866 0.0152525
23 0.3231557 0.2831230 0.0266689 0.0163419
34 0.3898281 0.4590713 0.0630357 0.0588310
10 0.3898281 0.4596160 0.0266689 0.0163420
31 0.5946941 0.4596160 0.0266689 0.0163420
21 0.5268095 0.2831230 0.0266690 0.0163419
8 0.5946941 0.2242920 0.0266689 0.0163420
4 0.2552711 0.4007850 0.0266689 0.0163420
17 0.3231557 0.5184471 0.0266689 0.0163420
18 0.4589249 0.5184471 0.0266690 0.0163420
22 0.1873865 0.5184471 0.0266689 0.0163420
15 0.4589249 0.4007850 0.0266690 0.0163420
27 0.3898281 0.2831230 0.0266689 0.0163419
12 0.3231557 0.4007850 0.0266689 0.0163420
27 0.3898281 0.2242920 0.0266689 0.0163420
19 0.5268095 0.3419540 0.0266690 0.0163420
9 0.2552711 0.5184471 0.0266689 0.0163420
20 0.3898281 0.5184471 0.0266689 0.0163420
24 0.1873865 0.2831230 0.0266689 0.0163419
30 0.5268095 0.2242920 0.0266690 0.0163420
17 0.2552711 0.2831230 0.0266689 0.0163419
5 0.3231557 0.3419540 0.0266689 0.0163420
16 0.2552711 0.3419540 0.0266689 0.0163420
21 0.5946941 0.3419540 0.0266689 0.0163420
1 0.5268095 0.5184471 0.0266690 0.0163420
29 0.3898281 0.3419540 0.0266689 0.0163420
22 0.1873865 0.4007850 0.0266689 0.0163420
8 0.2552711 0.2242920 0.0266689 0.0163420
11 0.1873865 0.4596160 0.0266689 0.0163420
20 0.5946941 0.4007850 0.0266689 0.0163420
31 0.4589249 0.2242920 0.0266690 0.0163420
18 0.3231557 0.4596160 0.0266689 0.0163420
27 0.4589249 0.2831230 0.0266690 0.0163419
27 0.5268095 0.4007850 0.0266690 0.0163420
3 0.3898281 0.4007850 0.0266689 0.0163420
26 0.5946941 0.5184471 0.0266689 0.0163420
8 0.1873865 0.3419540 0.0266689 0.0163420
1 0.4589249 0.4596160 0.0266690 0.0163420
6 0.5268095 0.4596160 0.0266690 0.0163420
8 0.5946941 0.2831230 0.0266689 0.0163419
17 0.3231557 0.2242920 0.0266689 0.0163420
6 0.2552711 0.4596160 0.0266689 0.0163420
