1 0.4409969 0.4047373 0.0287741 0.0168884
4 0.2212669 0.3439388 0.0287742 0.0168885
32 0.3697155 0.3490054 0.5297062 0.4323445
33 0.3684076 0.1621065 0.4800053 0.0157626
3 0.5142402 0.4655357 0.0287742 0.0168885
34 0.2945103 0.5257712 0.0680117 0.0607985
11 0.2945103 0.5263342 0.0287742 0.0168884
11 0.4409969 0.5263342 0.0287741 0.0168884
31 0.2212669 0.5263342 0.0287742 0.0168884
30 0.2945103 0.2223420 0.0287742 0.0168885
17 0.2945103 0.4047373 0.0287742 0.0168884
30 0.1480236 0.5263342 0.0287742 0.0168884
11 0.5874836 0.2223420 0.0287742 0.0168885
2 0.1480236 0.2223420 0.0287742 0.0168885
27 0.5142402 0.5263342 0.0287742 0.0168884
7 0.3664457 0.5263342 0.0287742 0.0168884
10 0.5874836 0.4655357 0.0287742 0.0168885
6 0.2212669 0.2831404 0.0287742 0.0168884
5 0.3664457 0.3439388 0.0287742 0.0168885
14 0.5142402 0.3439388 0.0287742 0.0168885
24 0.2212669 0.4047373 0.0287742 0.0168884
25 0.2945103 0.2831404 0.0287742 0.0168884
28 0.1480236 0.4047373 0.0287742 0.0168884
24 0.3664457 0.4655357 0.0287742 0.0168885
7 0.2945103 0.4655357 0.0287742 0.0168885
19 0.5142402 0.4047373 0.0287742 0.0168884
4 0.4409969 0.2223420 0.0287741 0.0168885
31 0.1480236 0.2831404 0.0287742 0.0168884
9 0.2945103 0.3439388 0.0287742 0.0168885
15 0.3664457 0.4047373 0.0287742 0.0168884
18 0.2212669 0.4655357 0.0287742 0.0168885
21 0.1480236 0.4655357 0.0287742 0.0168885
2 0.5874836 0.2831404 0.0287742 0.0168884
22 0.5874836 0.4047373 0.0287742 0.0168884
26 0.5874836 0.3439388 0.0287742 0.0168885
21 0.1480236 0.3439388 0.0287742 0.0168885
11 0.2212669 0.2223420 0.0287742 0.0168885
20 0.3664457 0.2223420 0.0287742 0.0168885
12 0.3664457 0.2831404 0.0287742 0.0168884
17 0.4409969 0.2831404 0.0287741 0.0168884
29 0.4409969 0.4655357 0.0287741 0.0168885
4 0.5874836 0.5263342 0.0287742 0.0168884
19 0.5142402 0.2831404 0.0287742 0.0168884
28 0.5142402 0.2223420 0.0287742 0.0168885
16 0.4409969 0.3439388 0.0287741 0.0168885
