26 0.6329894 0.4620048 0.0273248 0.0162353
12 0.5634354 0.4035578 0.0273248 0.0162353
32 0.4261904 0.5253224 0.5030246 0.4156230
33 0.4249483 0.3456520 0.4558272 0.0151529
34 0.2845983 0.4614636 0.0633438 0.0584470
1 0.2852193 0.4620048 0.0273248 0.0162353
3 0.3547733 0.6373458 0.0273248 0.0162353
15 0.3547733 0.6957928 0.0273248 0.0162353
10 0.2156653 0.4035578 0.0273248 0.0162353
2 0.4230853 0.5204518 0.0273248 0.0162353
25 0.4938814 0.6373458 0.0273248 0.0162353
6 0.5634354 0.4620048 0.0273248 0.0162353
7 0.6329894 0.5788988 0.0273248 0.0162353
4 0.4230853 0.6957928 0.0273248 0.0162353
19 0.6329894 0.4035578 0.0273248 0.0162353
7 0.5634354 0.6373458 0.0273248 0.0162353
15 0.4230853 0.4035578 0.0273248 0.0162353
14 0.4938814 0.4620048 0.0273248 0.0162353
9 0.5634354 0.5788988 0.0273248 0.0162353
18 0.4230853 0.4620048 0.0273248 0.0162353
2 0.5634354 0.6957928 0.0273248 0.0162353
16 0.4230853 0.5788988 0.0273248 0.0162353
27 0.4938814 0.5204518 0.0273248 0.0162353
6 0.4230853 0.6373458 0.0273248 0.0162353
16 0.2852193 0.5788988 0.0273248 0.0162353
25 0.2852193 0.5204518 0.0273248 0.0162353
31 0.2156653 0.4620048 0.0273248 0.0162353
24 0.2852193 0.4035578 0.0273248 0.0162353
27 0.6329894 0.6373458 0.0273248 0.0162353
12 0.5634354 0.5204518 0.0273248 0.0162353
16 0.3547733 0.5204518 0.0273248 0.0162353
7 0.4938814 0.4035578 0.0273248 0.0162353
15 0.2156653 0.5788988 0.0273248 0.0162353
2 0.3547733 0.4620048 0.0273248 0.0162353
18 0.4938814 0.6957928 0.0273248 0.0162353
7 0.3547733 0.4035578 0.0273248 0.0162353
12 0.2156653 0.5204518 0.0273248 0.0162353
11 0.6329894 0.6957928 0.0273248 0.0162353
24 0.2156653 0.6957928 0.0273248 0.0162353
10 0.4938814 0.5788988 0.0273248 0.0162353
14 0.2156653 0.6373458 0.0273248 0.0162353
9 0.6329894 0.5204518 0.0273248 0.0162353
1 0.2852193 0.6373458 0.0273248 0.0162353
31 0.2852193 0.6957928 0.0273248 0.0162353
8 0.3547733 0.5788988 0.0273248 0.0162353
