20 0.6549476 0.7364758 0.0273347 0.0163185
20 0.7941064 0.6189831 0.0273347 0.0163185
32 0.5872319 0.6238786 0.5032080 0.4177517
33 0.5859895 0.4432880 0.4559935 0.0152305
34 0.4455882 0.6771855 0.0633669 0.0587463
26 0.4462094 0.6777294 0.0273347 0.0163185
5 0.7245270 0.6777294 0.0273347 0.0163185
20 0.6549476 0.7952221 0.0273347 0.0163185
15 0.4462094 0.5014904 0.0273347 0.0163184
27 0.5157888 0.7364758 0.0273348 0.0163185
11 0.7245270 0.6189831 0.0273347 0.0163185
9 0.5157888 0.5602367 0.0273348 0.0163184
28 0.5841257 0.6189831 0.0273348 0.0163185
3 0.3766301 0.6189831 0.0273348 0.0163185
21 0.7245270 0.5602367 0.0273347 0.0163184
24 0.5841257 0.5602367 0.0273348 0.0163184
16 0.7941064 0.5014904 0.0273347 0.0163184
20 0.6549476 0.5014904 0.0273347 0.0163184
29 0.4462094 0.6189831 0.0273347 0.0163185
30 0.6549476 0.6189831 0.0273347 0.0163185
21 0.3766301 0.5014904 0.0273348 0.0163184
27 0.6549476 0.6777294 0.0273347 0.0163185
3 0.5157888 0.5014904 0.0273348 0.0163184
3 0.5841257 0.5014904 0.0273348 0.0163184
7 0.7245270 0.7364758 0.0273347 0.0163185
5 0.7245270 0.5014904 0.0273347 0.0163184
24 0.5841257 0.7952221 0.0273348 0.0163185
10 0.7941064 0.7952221 0.0273347 0.0163185
29 0.5841257 0.6777294 0.0273348 0.0163185
13 0.5841257 0.7364758 0.0273348 0.0163185
26 0.5157888 0.6189831 0.0273348 0.0163185
27 0.6549476 0.5602367 0.0273347 0.0163184
24 0.7245270 0.7952221 0.0273347 0.0163185
28 0.3766301 0.7364758 0.0273348 0.0163185
25 0.5157888 0.6777294 0.0273348 0.0163185
8 0.3766301 0.6777294 0.0273348 0.0163185
16 0.7941064 0.5602367 0.0273347 0.0163184
29 0.7941064 0.7364758 0.0273347 0.0163185
4 0.3766301 0.7952221 0.0273348 0.0163185
18 0.4462094 0.7364758 0.0273347 0.0163185
11 0.4462094 0.7952221 0.0273347 0.0163185
14 0.4462094 0.5602367 0.0273347 0.0163184
30 0.5157888 0.7952221 0.0273348 0.0163185
19 0.7941064 0.6777294 0.0273347 0.0163185
26 0.3766301 0.5602367 0.0273348 0.0163184
