3 0.3162471 0.4996416 0.0283001 0.0161804
6 0.1721740 0.4996416 0.0283001 0.0161804
32 0.2539398 0.5044957 0.5053796 0.4142185
33 0.2448537 0.3254325 0.4720969 0.0151017
29 0.4603203 0.6161405 0.0283001 0.0161804
6 0.1721740 0.6743900 0.0283001 0.0161804
34 0.3876405 0.6738506 0.0656047 0.0582495
10 0.3882837 0.6743900 0.0283001 0.0161804
18 0.1001374 0.5578910 0.0283001 0.0161804
17 0.1001374 0.6743900 0.0283001 0.0161804
31 0.2429242 0.4413921 0.0283001 0.0161804
20 0.1001374 0.3831426 0.0283001 0.0161804
20 0.4603203 0.6743900 0.0283001 0.0161804
28 0.4603203 0.5578910 0.0283001 0.0161804
19 0.3882837 0.4996416 0.0283001 0.0161804
13 0.0281008 0.5578910 0.0283001 0.0161804
8 0.2429242 0.6161405 0.0283001 0.0161804
12 0.2429242 0.4996416 0.0283001 0.0161804
11 0.3882837 0.3831426 0.0283001 0.0161804
21 0.1721740 0.5578910 0.0283001 0.0161804
8 0.0281008 0.6161405 0.0283001 0.0161804
15 0.1001374 0.4996416 0.0283001 0.0161804
25 0.1001374 0.6161405 0.0283001 0.0161804
17 0.0281008 0.4996416 0.0283001 0.0161804
6 0.2429242 0.3831426 0.0283001 0.0161804
13 0.0281008 0.4413921 0.0283001 0.0161804
3 0.1001374 0.4413921 0.0283001 0.0161804
9 0.3882837 0.6161405 0.0283001 0.0161804
25 0.1721740 0.4413921 0.0283001 0.0161804
11 0.3162471 0.6743900 0.0283001 0.0161804
13 0.0281008 0.3831426 0.0283001 0.0161804
3 0.3162471 0.6161405 0.0283001 0.0161804
28 0.1721740 0.3831426 0.0283001 0.0161804
14 0.1721740 0.6161405 0.0283001 0.0161804
30 0.4603203 0.4996416 0.0283001 0.0161804
4 0.3162471 0.4413921 0.0283001 0.0161804
6 0.0281008 0.6743900 0.0283001 0.0161804
22 0.2429242 0.6743900 0.0283001 0.0161804
11 0.3882837 0.5578910 0.0283001 0.0161804
29 0.2429242 0.5578910 0.0283001 0.0161804
1 0.3162471 0.3831426 0.0283001 0.0161804
26 0.3162471 0.5578910 0.0283001 0.0161804
21 0.4603203 0.4413921 0.0283001 0.0161804
1 0.4603203 0.3831426 0.0283001 0.0161804
16 0.3882837 0.4413921 0.0283001 0.0161804
