9 0.4915652 0.5560826 0.0281833 0.0174726
27 0.4915652 0.6189840 0.0281833 0.0174726
32 0.3500085 0.4984231 0.5188279 0.4472985
33 0.3487275 0.3050596 0.4701478 0.0163077
9 0.2046086 0.4302799 0.0281833 0.0174726
3 0.2046086 0.5560826 0.0281833 0.0174726
34 0.2039681 0.6813029 0.0653339 0.0629013
22 0.2046086 0.6818853 0.0281833 0.0174726
13 0.4198261 0.3673785 0.0281833 0.0174726
1 0.2046086 0.4931813 0.0281833 0.0174725
14 0.5633044 0.3673785 0.0281833 0.0174726
15 0.4198261 0.6189840 0.0281833 0.0174726
1 0.4915652 0.3673785 0.0281833 0.0174726
6 0.3468059 0.5560826 0.0281833 0.0174726
12 0.4915652 0.6818853 0.0281833 0.0174726
2 0.3468059 0.4302799 0.0281833 0.0174726
9 0.1328694 0.5560826 0.0281832 0.0174726
31 0.4198261 0.6818853 0.0281833 0.0174726
28 0.5633044 0.5560826 0.0281833 0.0174726
9 0.4198261 0.4931813 0.0281833 0.0174725
26 0.2046086 0.3673785 0.0281833 0.0174726
19 0.4198261 0.4302799 0.0281833 0.0174726
22 0.2763478 0.6189840 0.0281832 0.0174726
27 0.1328694 0.6189840 0.0281832 0.0174726
14 0.3468059 0.6189840 0.0281833 0.0174726
7 0.5633044 0.4302799 0.0281833 0.0174726
18 0.1328694 0.6818853 0.0281832 0.0174726
18 0.1328694 0.4931813 0.0281832 0.0174725
14 0.2763478 0.4931813 0.0281832 0.0174725
17 0.1328694 0.4302799 0.0281832 0.0174726
31 0.5633044 0.6189840 0.0281833 0.0174726
29 0.3468059 0.3673785 0.0281833 0.0174726
14 0.4198261 0.5560826 0.0281833 0.0174726
5 0.4915652 0.4931813 0.0281833 0.0174725
5 0.5633044 0.6818853 0.0281833 0.0174726
4 0.2763478 0.3673785 0.0281832 0.0174726
4 0.2763478 0.6818853 0.0281832 0.0174726
25 0.1328694 0.3673785 0.0281832 0.0174726
31 0.2763478 0.5560826 0.0281832 0.0174726
18 0.5633044 0.4931813 0.0281833 0.0174725
4 0.3468059 0.4931813 0.0281833 0.0174725
31 0.4915652 0.4302799 0.0281833 0.0174726
11 0.2763478 0.4302799 0.0281832 0.0174726
20 0.3468059 0.6818853 0.0281833 0.0174726
18 0.2046086 0.6189840 0.0281833 0.0174726
