7 0.1113024 0.6232762 0.0274213 0.0167221
5 0.1113024 0.3824784 0.0274213 0.0167221
32 0.3225713 0.5078939 0.5048018 0.4280851
33 0.3213249 0.3228363 0.4574377 0.0156073
27 0.3194552 0.4426778 0.0274213 0.0167221
34 0.1113024 0.6829183 0.0648141 0.0601994
1 0.1113024 0.6834757 0.0274213 0.0167221
4 0.3194552 0.6834757 0.0274213 0.0167221
27 0.2509019 0.3824784 0.0274213 0.0167221
5 0.2509019 0.5028773 0.0274213 0.0167221
31 0.1113024 0.5028773 0.0274213 0.0167221
29 0.2509019 0.6232762 0.0274213 0.0167221
27 0.4603012 0.6834757 0.0274213 0.0167221
16 0.5301009 0.4426778 0.0274213 0.0167221
11 0.1811021 0.3824784 0.0274213 0.0167221
10 0.3905014 0.4426778 0.0274213 0.0167221
18 0.1113024 0.4426778 0.0274213 0.0167221
24 0.4603012 0.5028773 0.0274213 0.0167221
1 0.3194552 0.5630768 0.0274213 0.0167221
27 0.3905014 0.6834757 0.0274213 0.0167221
25 0.4603012 0.3824784 0.0274213 0.0167221
15 0.3194552 0.5028773 0.0274213 0.0167221
25 0.1811021 0.6232762 0.0274213 0.0167221
26 0.3905014 0.6232762 0.0274213 0.0167221
24 0.5301009 0.5028773 0.0274213 0.0167221
31 0.4603012 0.4426778 0.0274213 0.0167221
27 0.1811021 0.6834757 0.0274213 0.0167221
24 0.1811021 0.5630768 0.0274213 0.0167221
15 0.1811021 0.5028773 0.0274213 0.0167221
9 0.4603012 0.6232762 0.0274213 0.0167221
18 0.3194552 0.6232762 0.0274213 0.0167221
31 0.3905014 0.5028773 0.0274213 0.0167221
1 0.4603012 0.5630768 0.0274213 0.0167221
13 0.3905014 0.3824784 0.0274213 0.0167221
13 0.2509019 0.5630768 0.0274213 0.0167221
29 0.2509019 0.4426778 0.0274213 0.0167221
19 0.2509019 0.6834757 0.0274213 0.0167221
28 0.1811021 0.4426778 0.0274213 0.0167221
21 0.5301009 0.6834757 0.0274213 0.0167221
16 0.3905014 0.5630768 0.0274213 0.0167221
2 0.5301009 0.6232762 0.0274213 0.0167221
10 0.1113024 0.5630768 0.0274213 0.0167221
17 0.5301009 0.3824784 0.0274213 0.0167221
7 0.3194552 0.3824784 0.0274213 0.0167221
20 0.5301009 0.5630768 0.0274213 0.0167221
