22 0.5531405 0.3960459 0.0277237 0.0168126
4 0.6249702 0.6381467 0.0277237 0.0168125
32 0.5562909 0.4616149 0.5103687 0.4304016
33 0.5550307 0.2755559 0.4624823 0.0156917
15 0.6955397 0.3355207 0.0277238 0.0168125
7 0.4132616 0.6381467 0.0277237 0.0168125
34 0.7661092 0.6375863 0.0655289 0.0605252
28 0.7661092 0.6381467 0.0277237 0.0168125
20 0.3426921 0.5776215 0.0277237 0.0168125
1 0.6955397 0.3960459 0.0277238 0.0168126
21 0.6955397 0.6381467 0.0277238 0.0168125
7 0.4838311 0.6381467 0.0277238 0.0168125
21 0.7661092 0.3960459 0.0277237 0.0168126
2 0.7661092 0.4565711 0.0277237 0.0168125
21 0.4132616 0.3960459 0.0277237 0.0168126
16 0.6249702 0.5170963 0.0277237 0.0168125
3 0.7661092 0.3355207 0.0277237 0.0168125
26 0.4132616 0.5170963 0.0277237 0.0168125
20 0.4838311 0.3355207 0.0277238 0.0168125
26 0.5531405 0.6381467 0.0277237 0.0168125
15 0.3426921 0.3960459 0.0277237 0.0168126
9 0.7661092 0.5776215 0.0277237 0.0168125
21 0.4132616 0.3355207 0.0277237 0.0168125
21 0.6249702 0.4565711 0.0277237 0.0168125
15 0.4838311 0.5170963 0.0277238 0.0168125
10 0.3426921 0.6381467 0.0277237 0.0168125
16 0.4838311 0.5776215 0.0277238 0.0168125
18 0.6955397 0.5776215 0.0277238 0.0168125
22 0.5531405 0.5776215 0.0277237 0.0168125
8 0.6249702 0.3960459 0.0277237 0.0168126
4 0.4838311 0.4565711 0.0277238 0.0168125
2 0.6955397 0.4565711 0.0277238 0.0168125
29 0.5531405 0.3355207 0.0277237 0.0168125
3 0.6249702 0.3355207 0.0277237 0.0168125
31 0.3426921 0.5170963 0.0277237 0.0168125
19 0.3426921 0.3355207 0.0277237 0.0168125
13 0.4132616 0.5776215 0.0277237 0.0168125
20 0.3426921 0.4565711 0.0277237 0.0168125
17 0.5531405 0.5170963 0.0277237 0.0168125
13 0.4132616 0.4565711 0.0277237 0.0168125
16 0.6955397 0.5170963 0.0277238 0.0168125
10 0.7661092 0.5170963 0.0277237 0.0168125
19 0.6249702 0.5776215 0.0277237 0.0168125
14 0.5531405 0.4565711 0.0277237 0.0168125
12 0.4838311 0.3960459 0.0277238 0.0168126
