14 0.4635958 0.6667088 0.0262738 0.0166175
4 0.2629597 0.3675945 0.0262738 0.0166175
32 0.3316298 0.4922255 0.4836764 0.4254071
33 0.3304355 0.3083255 0.4382944 0.0155096
8 0.1960809 0.5470631 0.0262738 0.0166175
34 0.2629597 0.6063321 0.0621017 0.0598229
20 0.2629597 0.6068860 0.0262738 0.0166175
24 0.3286441 0.6667088 0.0262738 0.0166175
5 0.3967171 0.5470631 0.0262738 0.0166175
9 0.4635958 0.4274174 0.0262738 0.0166175
14 0.1292022 0.4274174 0.0262738 0.0166175
9 0.4635958 0.6068860 0.0262738 0.0166175
10 0.1292022 0.6068860 0.0262738 0.0166175
10 0.1292022 0.3675945 0.0262738 0.0166175
17 0.3286441 0.4274174 0.0262738 0.0166175
19 0.1292022 0.4872402 0.0262738 0.0166175
11 0.3967171 0.4274174 0.0262738 0.0166175
11 0.5304745 0.5470631 0.0262738 0.0166175
18 0.5304745 0.6667088 0.0262738 0.0166175
8 0.3967171 0.6068860 0.0262738 0.0166175
3 0.4635958 0.4872402 0.0262738 0.0166175
20 0.3967171 0.4872402 0.0262738 0.0166175
8 0.3967171 0.3675945 0.0262738 0.0166175
6 0.5304745 0.3675945 0.0262738 0.0166175
25 0.1292022 0.5470631 0.0262738 0.0166175
1 0.1960809 0.6667088 0.0262738 0.0166175
9 0.2629597 0.5470631 0.0262738 0.0166175
2 0.3286441 0.3675945 0.0262738 0.0166175
3 0.2629597 0.4274174 0.0262738 0.0166175
20 0.3286441 0.4872402 0.0262738 0.0166175
8 0.1960809 0.6068860 0.0262738 0.0166175
21 0.2629597 0.4872402 0.0262738 0.0166175
27 0.1292022 0.6667088 0.0262738 0.0166175
26 0.4635958 0.3675945 0.0262738 0.0166175
24 0.5304745 0.4872402 0.0262738 0.0166175
20 0.3967171 0.6667088 0.0262738 0.0166175
28 0.2629597 0.6667088 0.0262738 0.0166175
8 0.4635958 0.5470631 0.0262738 0.0166175
15 0.3286441 0.5470631 0.0262738 0.0166175
21 0.3286441 0.6068860 0.0262738 0.0166175
2 0.1960809 0.4274174 0.0262738 0.0166175
18 0.5304745 0.6068860 0.0262738 0.0166175
11 0.5304745 0.4274174 0.0262738 0.0166175
25 0.1960809 0.4872402 0.0262738 0.0166175
8 0.1960809 0.3675945 0.0262738 0.0166175
