18 0.6168491 0.6051934 0.0272787 0.0165872
25 0.6862857 0.3663379 0.0272787 0.0165872
32 0.4798358 0.4907418 0.5021754 0.4246321
33 0.4785959 0.3071769 0.4550577 0.0154814
34 0.4085393 0.5449267 0.0644769 0.0597139
4 0.4085393 0.5454795 0.0272787 0.0165872
10 0.5474125 0.6051934 0.0272787 0.0165872
27 0.5474125 0.6649073 0.0272787 0.0165872
22 0.4085393 0.4260518 0.0272787 0.0165872
2 0.6168491 0.4857657 0.0272787 0.0165872
28 0.4767360 0.3663379 0.0272787 0.0165872
16 0.4085393 0.3663379 0.0272787 0.0165872
15 0.6862857 0.4857657 0.0272787 0.0165872
10 0.4767360 0.6649073 0.0272787 0.0165872
9 0.6862857 0.5454795 0.0272787 0.0165872
24 0.4085393 0.6649073 0.0272787 0.0165872
29 0.5474125 0.4857657 0.0272787 0.0165872
1 0.3391027 0.6649073 0.0272787 0.0165872
30 0.4085393 0.4857657 0.0272787 0.0165872
19 0.2696661 0.3663379 0.0272787 0.0165872
21 0.2696661 0.6051934 0.0272787 0.0165872
19 0.6862857 0.4260518 0.0272787 0.0165872
22 0.6862857 0.6649073 0.0272787 0.0165872
6 0.6168491 0.3663379 0.0272787 0.0165872
28 0.4085393 0.6051934 0.0272787 0.0165872
30 0.4767360 0.6051934 0.0272787 0.0165872
17 0.4767360 0.5454795 0.0272787 0.0165872
29 0.3391027 0.4260518 0.0272787 0.0165872
29 0.6168491 0.5454795 0.0272787 0.0165872
13 0.4767360 0.4857657 0.0272787 0.0165872
6 0.3391027 0.6051934 0.0272787 0.0165872
11 0.5474125 0.5454795 0.0272787 0.0165872
15 0.2696661 0.5454795 0.0272787 0.0165872
26 0.2696661 0.4857657 0.0272787 0.0165872
10 0.5474125 0.3663379 0.0272787 0.0165872
4 0.6168491 0.6649073 0.0272787 0.0165872
8 0.2696661 0.4260518 0.0272787 0.0165872
27 0.3391027 0.4857657 0.0272787 0.0165872
27 0.3391027 0.3663379 0.0272787 0.0165872
30 0.6862857 0.6051934 0.0272787 0.0165872
19 0.3391027 0.5454795 0.0272787 0.0165872
7 0.5474125 0.4260518 0.0272787 0.0165872
19 0.6168491 0.4260518 0.0272787 0.0165872
3 0.4767360 0.4260518 0.0272787 0.0165872
5 0.2696661 0.6649073 0.0272787 0.0165872
