18 0.3213953 0.5376270 0.0264812 0.0170232
26 0.1877855 0.6601944 0.0264812 0.0170232
32 0.3244044 0.6040177 0.4874951 0.4357955
33 0.3232008 0.4156269 0.4417548 0.0158884
34 0.5248191 0.5370595 0.0625920 0.0612837
11 0.5248191 0.5376270 0.0264812 0.0170232
17 0.3213953 0.6601944 0.0264812 0.0170232
10 0.1203788 0.5989107 0.0264812 0.0170232
12 0.3900056 0.5989107 0.0264812 0.0170232
2 0.1877855 0.5376270 0.0264812 0.0170232
29 0.1203788 0.4763432 0.0264812 0.0170233
3 0.1877855 0.4763432 0.0264812 0.0170233
3 0.3900056 0.7827620 0.0264812 0.0170232
18 0.1877855 0.7827620 0.0264812 0.0170232
3 0.1203788 0.7214782 0.0264812 0.0170232
15 0.3900056 0.6601944 0.0264812 0.0170232
6 0.4574124 0.7214782 0.0264812 0.0170232
8 0.1203788 0.7827620 0.0264812 0.0170232
15 0.3213953 0.7214782 0.0264812 0.0170232
30 0.4574124 0.5989107 0.0264812 0.0170232
3 0.5248191 0.5989107 0.0264812 0.0170232
22 0.4574124 0.6601944 0.0264812 0.0170232
12 0.3213953 0.5989107 0.0264812 0.0170232
27 0.2551922 0.7827620 0.0264812 0.0170232
16 0.3213953 0.4763432 0.0264812 0.0170233
21 0.2551922 0.4763432 0.0264812 0.0170233
27 0.5248191 0.7827620 0.0264812 0.0170232
10 0.5248191 0.7214782 0.0264812 0.0170232
28 0.3213953 0.7827620 0.0264812 0.0170232
26 0.4574124 0.5376270 0.0264812 0.0170232
5 0.3900056 0.5376270 0.0264812 0.0170232
20 0.1203788 0.6601944 0.0264812 0.0170232
10 0.1203788 0.5376270 0.0264812 0.0170232
31 0.2551922 0.5989107 0.0264812 0.0170232
14 0.3900056 0.4763432 0.0264812 0.0170233
12 0.4574124 0.7827620 0.0264812 0.0170232
18 0.3900056 0.7214782 0.0264812 0.0170232
12 0.2551922 0.6601944 0.0264812 0.0170232
4 0.5248191 0.6601944 0.0264812 0.0170232
9 0.5248191 0.4763432 0.0264812 0.0170233
14 0.1877855 0.7214782 0.0264812 0.0170232
24 0.1877855 0.5989107 0.0264812 0.0170232
15 0.4574124 0.4763432 0.0264812 0.0170233
2 0.2551922 0.5376270 0.0264812 0.0170232
13 0.2551922 0.7214782 0.0264812 0.0170232
