11 0.6515561 0.5720148 0.0271893 0.0167435
8 0.7207654 0.5720148 0.0271893 0.0167435
32 0.5149915 0.5167611 0.5005310 0.4286350
33 0.5137556 0.3314657 0.4535676 0.0156273
34 0.4439285 0.3906263 0.0642657 0.0602768
2 0.4439285 0.3911844 0.0271893 0.0167435
25 0.4439285 0.5117380 0.0271893 0.0167436
17 0.7207654 0.3911844 0.0271893 0.0167435
14 0.5823469 0.6322916 0.0271894 0.0167436
15 0.5119018 0.4514612 0.0271893 0.0167435
10 0.6515561 0.6925684 0.0271893 0.0167435
26 0.5823469 0.5117380 0.0271894 0.0167436
12 0.3747192 0.6322916 0.0271893 0.0167436
11 0.5119018 0.6925684 0.0271893 0.0167435
5 0.6515561 0.4514612 0.0271893 0.0167435
30 0.5119018 0.5117380 0.0271893 0.0167436
1 0.3055100 0.4514612 0.0271894 0.0167435
4 0.5119018 0.5720148 0.0271893 0.0167435
25 0.4439285 0.6322916 0.0271893 0.0167436
8 0.6515561 0.3911844 0.0271893 0.0167435
15 0.4439285 0.6925684 0.0271893 0.0167435
16 0.3055100 0.6322916 0.0271894 0.0167436
18 0.3747192 0.3911844 0.0271893 0.0167435
12 0.5823469 0.6925684 0.0271894 0.0167435
26 0.3747192 0.6925684 0.0271893 0.0167435
14 0.7207654 0.5117380 0.0271893 0.0167436
29 0.5119018 0.6322916 0.0271893 0.0167436
13 0.6515561 0.6322916 0.0271893 0.0167436
31 0.6515561 0.5117380 0.0271893 0.0167436
9 0.3747192 0.4514612 0.0271893 0.0167435
25 0.5823469 0.3911844 0.0271894 0.0167435
13 0.5823469 0.4514612 0.0271894 0.0167435
13 0.7207654 0.4514612 0.0271893 0.0167435
7 0.7207654 0.6322916 0.0271893 0.0167436
9 0.3055100 0.5117380 0.0271894 0.0167436
17 0.4439285 0.5720148 0.0271893 0.0167435
22 0.3747192 0.5720148 0.0271893 0.0167435
14 0.3055100 0.3911844 0.0271894 0.0167435
25 0.3747192 0.5117380 0.0271893 0.0167436
8 0.5119018 0.3911844 0.0271893 0.0167435
15 0.3055100 0.5720148 0.0271894 0.0167435
13 0.7207654 0.6925684 0.0271893 0.0167435
20 0.5823469 0.5720148 0.0271894 0.0167435
7 0.4439285 0.4514612 0.0271893 0.0167435
7 0.3055100 0.6925684 0.0271894 0.0167435
