20 0.8354530 0.2697728 0.0271404 0.0164409
13 0.7663683 0.3289599 0.0271404 0.0164409
32 0.6300495 0.3930794 0.4996300 0.4208866
33 0.6288158 0.2111336 0.4527512 0.0153448
34 0.4894129 0.3284119 0.0629164 0.0591872
15 0.4900298 0.3289599 0.0271404 0.0164409
4 0.8354530 0.4473343 0.0271404 0.0164409
21 0.6972836 0.5657086 0.0271404 0.0164408
21 0.8354530 0.5657086 0.0271404 0.0164408
15 0.5591144 0.5065214 0.0271404 0.0164409
8 0.6269654 0.5657086 0.0271404 0.0164408
17 0.5591144 0.5657086 0.0271404 0.0164408
20 0.6972836 0.2697728 0.0271404 0.0164409
10 0.5591144 0.4473343 0.0271404 0.0164409
27 0.4900298 0.5657086 0.0271404 0.0164408
14 0.4900298 0.2697728 0.0271404 0.0164409
13 0.4209451 0.5657086 0.0271404 0.0164408
10 0.6972836 0.3881471 0.0271404 0.0164408
7 0.6269654 0.3289599 0.0271404 0.0164409
4 0.6269654 0.5065214 0.0271404 0.0164409
17 0.4209451 0.3289599 0.0271404 0.0164409
17 0.4209451 0.5065214 0.0271404 0.0164409
12 0.4900298 0.3881471 0.0271404 0.0164408
3 0.4209451 0.4473343 0.0271404 0.0164409
2 0.8354530 0.5065214 0.0271404 0.0164409
7 0.4209451 0.3881471 0.0271404 0.0164408
29 0.4900298 0.4473343 0.0271404 0.0164409
27 0.4209451 0.2697728 0.0271404 0.0164409
27 0.7663683 0.3881471 0.0271404 0.0164408
31 0.5591144 0.2697728 0.0271404 0.0164409
15 0.4900298 0.5065214 0.0271404 0.0164409
30 0.6269654 0.3881471 0.0271404 0.0164408
26 0.6972836 0.5065214 0.0271404 0.0164409
4 0.5591144 0.3881471 0.0271404 0.0164408
2 0.8354530 0.3289599 0.0271404 0.0164409
28 0.7663683 0.5065214 0.0271404 0.0164409
10 0.7663683 0.5657086 0.0271404 0.0164408
27 0.6269654 0.4473343 0.0271404 0.0164409
12 0.7663683 0.2697728 0.0271404 0.0164409
2 0.8354530 0.3881471 0.0271404 0.0164408
22 0.6972836 0.3289599 0.0271404 0.0164409
6 0.6269654 0.2697728 0.0271404 0.0164409
1 0.7663683 0.4473343 0.0271404 0.0164409
13 0.5591144 0.3289599 0.0271404 0.0164409
13 0.6972836 0.4473343 0.0271404 0.0164409
