11 0.5357714 0.3057765 0.0267404 0.0165003
8 0.4689204 0.5433808 0.0267404 0.0165003
32 0.5388100 0.4295287 0.4922667 0.4224078
33 0.5375946 0.2469254 0.4460787 0.0154003
5 0.6731198 0.4839797 0.0267403 0.0165003
34 0.3327873 0.5428308 0.0632046 0.0594011
15 0.3327873 0.5433808 0.0267404 0.0165003
15 0.5357714 0.4839797 0.0267404 0.0165003
5 0.5357714 0.3651775 0.0267404 0.0165003
18 0.6731198 0.5433808 0.0267403 0.0165003
31 0.4008538 0.6027820 0.0267404 0.0165003
16 0.6050533 0.4839797 0.0267404 0.0165003
26 0.6731198 0.4245787 0.0267403 0.0165002
6 0.4689204 0.4245787 0.0267404 0.0165002
21 0.3327873 0.3057765 0.0267404 0.0165003
16 0.3327873 0.3651775 0.0267404 0.0165003
8 0.7411864 0.4245787 0.0267404 0.0165002
28 0.6731198 0.3651775 0.0267403 0.0165003
25 0.6050533 0.4245787 0.0267404 0.0165002
2 0.6731198 0.3057765 0.0267403 0.0165003
5 0.6050533 0.3651775 0.0267404 0.0165003
24 0.5357714 0.4245787 0.0267404 0.0165002
5 0.4689204 0.3651775 0.0267404 0.0165003
30 0.4689204 0.4839797 0.0267404 0.0165003
12 0.7411864 0.4839797 0.0267404 0.0165003
25 0.4008538 0.3651775 0.0267404 0.0165003
19 0.3327873 0.4839797 0.0267404 0.0165003
18 0.4689204 0.6027820 0.0267404 0.0165003
18 0.4008538 0.3057765 0.0267404 0.0165003
6 0.6731198 0.6027820 0.0267403 0.0165003
25 0.3327873 0.4245787 0.0267404 0.0165002
4 0.3327873 0.6027820 0.0267404 0.0165003
17 0.6050533 0.3057765 0.0267404 0.0165003
3 0.4008538 0.4839797 0.0267404 0.0165003
11 0.4008538 0.4245787 0.0267404 0.0165002
24 0.7411864 0.6027820 0.0267404 0.0165003
3 0.6050533 0.5433808 0.0267404 0.0165003
14 0.7411864 0.3057765 0.0267404 0.0165003
16 0.4008538 0.5433808 0.0267404 0.0165003
18 0.5357714 0.5433808 0.0267404 0.0165003
7 0.7411864 0.5433808 0.0267404 0.0165003
12 0.5357714 0.6027820 0.0267404 0.0165003
29 0.7411864 0.3651775 0.0267404 0.0165003
5 0.4689204 0.3057765 0.0267404 0.0165003
26 0.6050533 0.6027820 0.0267404 0.0165003
