2 0.7106807 0.6753886 0.0272343 0.0174266
20 0.8493284 0.4871819 0.0272343 0.0174266
32 0.6432137 0.4924099 0.5013600 0.4461197
33 0.6419759 0.2995560 0.4543188 0.0162648
24 0.7800045 0.5499175 0.0272343 0.0174266
34 0.5720330 0.6748077 0.0643721 0.0627356
1 0.5720330 0.6753886 0.0272343 0.0174266
21 0.5720330 0.4244463 0.0272343 0.0174266
16 0.6401189 0.5499175 0.0272344 0.0174266
26 0.5027092 0.6126530 0.0272343 0.0174266
16 0.5720330 0.6126530 0.0272343 0.0174266
6 0.7106807 0.4871819 0.0272343 0.0174266
21 0.4333853 0.5499175 0.0272343 0.0174266
6 0.5027092 0.6753886 0.0272343 0.0174266
15 0.8493284 0.3617107 0.0272343 0.0174266
31 0.5027092 0.4871819 0.0272343 0.0174266
21 0.7106807 0.6126530 0.0272343 0.0174266
18 0.7106807 0.4244463 0.0272343 0.0174266
10 0.7800045 0.6126530 0.0272343 0.0174266
26 0.5720330 0.3617107 0.0272343 0.0174266
2 0.4333853 0.3617107 0.0272343 0.0174266
27 0.7800045 0.3617107 0.0272343 0.0174266
22 0.6401189 0.3617107 0.0272344 0.0174266
18 0.8493284 0.6126530 0.0272343 0.0174266
30 0.4333853 0.4871819 0.0272343 0.0174266
28 0.8493284 0.5499175 0.0272343 0.0174266
6 0.5720330 0.5499175 0.0272343 0.0174266
11 0.6401189 0.6753886 0.0272344 0.0174266
17 0.7800045 0.4244463 0.0272343 0.0174266
24 0.7106807 0.5499175 0.0272343 0.0174266
8 0.6401189 0.4244463 0.0272344 0.0174266
22 0.4333853 0.6126530 0.0272343 0.0174266
22 0.7106807 0.3617107 0.0272343 0.0174266
1 0.6401189 0.4871819 0.0272344 0.0174266
6 0.4333853 0.6753886 0.0272343 0.0174266
17 0.5027092 0.4244463 0.0272343 0.0174266
14 0.8493284 0.6753886 0.0272343 0.0174266
15 0.5027092 0.5499175 0.0272343 0.0174266
30 0.6401189 0.6126530 0.0272344 0.0174266
27 0.5720330 0.4871819 0.0272343 0.0174266
18 0.5027092 0.3617107 0.0272343 0.0174266
8 0.4333853 0.4244463 0.0272343 0.0174266
14 0.7800045 0.4871819 0.0272343 0.0174266
29 0.7800045 0.6753886 0.0272343 0.0174266
22 0.8493284 0.4244463 0.0272343 0.0174266
