8 0.4862951 0.5389791 0.0288677 0.0164964
2 0.6332580 0.5389791 0.0288677 0.0164964
32 0.5617448 0.4845410 0.5314283 0.4223078
33 0.5604326 0.3019809 0.4815658 0.0153966
2 0.4128136 0.3608180 0.0288677 0.0164964
34 0.5584644 0.3602681 0.0682327 0.0593870
23 0.5584644 0.3608180 0.0288677 0.0164964
6 0.3393322 0.5983662 0.0288677 0.0164964
21 0.4862951 0.4795921 0.0288677 0.0164964
2 0.7067394 0.5983662 0.0288676 0.0164964
2 0.5584644 0.4202051 0.0288677 0.0164964
25 0.3393322 0.3608180 0.0288677 0.0164964
15 0.7067394 0.5389791 0.0288676 0.0164964
1 0.6332580 0.6577532 0.0288677 0.0164964
12 0.6332580 0.4202051 0.0288677 0.0164964
16 0.7802209 0.5389791 0.0288676 0.0164964
25 0.3393322 0.4202051 0.0288677 0.0164964
28 0.7067394 0.3608180 0.0288676 0.0164964
11 0.6332580 0.4795921 0.0288677 0.0164964
1 0.7067394 0.4795921 0.0288676 0.0164964
11 0.3393322 0.6577532 0.0288677 0.0164964
26 0.4862951 0.3608180 0.0288677 0.0164964
15 0.3393322 0.4795921 0.0288677 0.0164964
12 0.6332580 0.5983662 0.0288677 0.0164964
7 0.5584644 0.6577532 0.0288677 0.0164964
12 0.4128136 0.4795921 0.0288677 0.0164964
13 0.7067394 0.6577532 0.0288676 0.0164964
6 0.7802209 0.4202051 0.0288676 0.0164964
27 0.7802209 0.3608180 0.0288676 0.0164964
17 0.7067394 0.4202051 0.0288676 0.0164964
30 0.4862951 0.6577532 0.0288677 0.0164964
6 0.5584644 0.4795921 0.0288677 0.0164964
26 0.7802209 0.6577532 0.0288676 0.0164964
31 0.4128136 0.4202051 0.0288677 0.0164964
22 0.5584644 0.5983662 0.0288677 0.0164964
2 0.4862951 0.5983662 0.0288677 0.0164964
6 0.6332580 0.3608180 0.0288677 0.0164964
9 0.4128136 0.5983662 0.0288677 0.0164964
21 0.4128136 0.6577532 0.0288677 0.0164964
9 0.5584644 0.5389791 0.0288677 0.0164964
24 0.4128136 0.5389791 0.0288677 0.0164964
18 0.7802209 0.4795921 0.0288676 0.0164964
7 0.4862951 0.4202051 0.0288677 0.0164964
22 0.7802209 0.5983662 0.0288676 0.0164964
18 0.3393322 0.5389791 0.0288677 0.0164964
