20 0.2044279 0.4633505 0.0282895 0.0170304
16 0.2764376 0.6472793 0.0282895 0.0170304
32 0.4223857 0.4684596 0.5207840 0.4359793
33 0.4210998 0.2799894 0.4719202 0.0158951
34 0.6364857 0.4014733 0.0668661 0.0613096
28 0.6364857 0.4020409 0.0282895 0.0170304
14 0.4191710 0.5859696 0.0282895 0.0170305
15 0.4924665 0.6472793 0.0282895 0.0170304
10 0.2764376 0.4633505 0.0282895 0.0170304
9 0.5644761 0.4020409 0.0282895 0.0170304
1 0.5644761 0.3407313 0.0282895 0.0170305
2 0.2044279 0.6472793 0.0282895 0.0170304
4 0.2044279 0.5246601 0.0282895 0.0170304
27 0.2044279 0.4020409 0.0282895 0.0170304
20 0.4924665 0.4633505 0.0282895 0.0170304
20 0.5644761 0.4633505 0.0282895 0.0170304
19 0.4924665 0.5246601 0.0282895 0.0170304
13 0.2764376 0.4020409 0.0282895 0.0170304
28 0.5644761 0.6472793 0.0282895 0.0170304
4 0.2044279 0.3407313 0.0282895 0.0170305
18 0.2764376 0.5246601 0.0282895 0.0170304
20 0.4191710 0.4020409 0.0282895 0.0170304
17 0.3484472 0.3407313 0.0282895 0.0170305
14 0.3484472 0.4020409 0.0282895 0.0170304
7 0.6364857 0.4633505 0.0282895 0.0170304
7 0.5644761 0.5859696 0.0282895 0.0170305
30 0.4924665 0.5859696 0.0282895 0.0170305
12 0.6364857 0.6472793 0.0282895 0.0170304
9 0.2044279 0.5859696 0.0282895 0.0170305
14 0.3484472 0.5246601 0.0282895 0.0170304
14 0.6364857 0.3407313 0.0282895 0.0170305
16 0.4191710 0.3407313 0.0282895 0.0170305
28 0.4924665 0.4020409 0.0282895 0.0170304
14 0.3484472 0.5859696 0.0282895 0.0170305
19 0.6364857 0.5246601 0.0282895 0.0170304
3 0.6364857 0.5859696 0.0282895 0.0170305
13 0.4924665 0.3407313 0.0282895 0.0170305
28 0.2764376 0.3407313 0.0282895 0.0170305
12 0.5644761 0.5246601 0.0282895 0.0170304
27 0.3484472 0.4633505 0.0282895 0.0170304
3 0.4191710 0.5246601 0.0282895 0.0170304
18 0.4191710 0.6472793 0.0282895 0.0170304
1 0.3484472 0.6472793 0.0282895 0.0170304
4 0.4191710 0.4633505 0.0282895 0.0170304
8 0.2764376 0.5859696 0.0282895 0.0170305
