10 0.6983151 0.3425631 0.0261620 0.0172343
25 0.8315035 0.3425631 0.0261620 0.0172343
32 0.6335048 0.4097770 0.4816187 0.4411989
33 0.6323156 0.2190503 0.4364298 0.0160854
34 0.4979380 0.2799450 0.0606483 0.0620436
5 0.4985326 0.2805195 0.0261620 0.0172343
26 0.6305318 0.5286939 0.0261620 0.0172344
11 0.7649094 0.2805195 0.0261621 0.0172343
25 0.7649094 0.4046067 0.0261621 0.0172343
4 0.4985326 0.4046067 0.0261620 0.0172343
29 0.5651268 0.3425631 0.0261620 0.0172343
1 0.4319384 0.5286939 0.0261620 0.0172344
4 0.8315035 0.4046067 0.0261620 0.0172343
5 0.4319384 0.2805195 0.0261620 0.0172343
3 0.4319384 0.4046067 0.0261620 0.0172343
27 0.4985326 0.5286939 0.0261620 0.0172344
14 0.8315035 0.5286939 0.0261620 0.0172344
3 0.5651268 0.4046067 0.0261620 0.0172343
31 0.5651268 0.5286939 0.0261620 0.0172344
9 0.6983151 0.5286939 0.0261620 0.0172344
31 0.6983151 0.4046067 0.0261620 0.0172343
13 0.4319384 0.3425631 0.0261620 0.0172343
17 0.5651268 0.5907374 0.0261620 0.0172344
26 0.6305318 0.2805195 0.0261620 0.0172343
22 0.7649094 0.5907374 0.0261621 0.0172344
8 0.5651268 0.4666503 0.0261620 0.0172344
31 0.8315035 0.5907374 0.0261620 0.0172344
6 0.8315035 0.2805195 0.0261620 0.0172343
4 0.6305318 0.4046067 0.0261620 0.0172343
6 0.4985326 0.3425631 0.0261620 0.0172343
31 0.5651268 0.2805195 0.0261620 0.0172343
21 0.6983151 0.5907374 0.0261620 0.0172344
24 0.7649094 0.5286939 0.0261621 0.0172344
11 0.6983151 0.4666503 0.0261620 0.0172344
29 0.4319384 0.5907374 0.0261620 0.0172344
6 0.8315035 0.4666503 0.0261620 0.0172344
27 0.4319384 0.4666503 0.0261620 0.0172344
25 0.7649094 0.3425631 0.0261621 0.0172343
27 0.6305318 0.3425631 0.0261620 0.0172343
8 0.6305318 0.5907374 0.0261620 0.0172344
18 0.7649094 0.4666503 0.0261621 0.0172344
10 0.4985326 0.4666503 0.0261620 0.0172344
11 0.6983151 0.2805195 0.0261620 0.0172343
8 0.4985326 0.5907374 0.0261620 0.0172344
11 0.6305318 0.4666503 0.0261620 0.0172344
