1 0.4410176 0.4636430 0.0283521 0.0166588
12 0.5131865 0.3436994 0.0283521 0.0166588
32 0.3707817 0.4086688 0.5219361 0.4264660
33 0.3694930 0.2243111 0.4729643 0.0155482
34 0.5853555 0.2831723 0.0670140 0.0599718
9 0.5853555 0.2837276 0.0283521 0.0166588
26 0.2245108 0.4036712 0.0283521 0.0166588
19 0.3675599 0.4036712 0.0283521 0.0166588
20 0.5853555 0.4036712 0.0283521 0.0166588
20 0.5853555 0.5236148 0.0283521 0.0166588
6 0.5853555 0.5835866 0.0283521 0.0166588
24 0.5131865 0.2837276 0.0283521 0.0166588
2 0.3675599 0.5236148 0.0283521 0.0166588
14 0.4410176 0.3436994 0.0283521 0.0166588
20 0.2966797 0.4636430 0.0283521 0.0166588
21 0.4410176 0.4036712 0.0283521 0.0166588
6 0.5853555 0.4636430 0.0283521 0.0166588
4 0.4410176 0.5236148 0.0283521 0.0166588
17 0.1523418 0.5236148 0.0283521 0.0166588
10 0.5131865 0.4636430 0.0283521 0.0166588
21 0.4410176 0.2837276 0.0283521 0.0166588
25 0.2966797 0.5835866 0.0283521 0.0166588
29 0.5853555 0.3436994 0.0283521 0.0166588
26 0.2966797 0.4036712 0.0283521 0.0166588
1 0.1523418 0.2837276 0.0283521 0.0166588
14 0.3675599 0.4636430 0.0283521 0.0166588
31 0.2245108 0.3436994 0.0283521 0.0166588
12 0.3675599 0.2837276 0.0283521 0.0166588
29 0.3675599 0.5835866 0.0283521 0.0166588
10 0.5131865 0.4036712 0.0283521 0.0166588
31 0.2245108 0.5236148 0.0283521 0.0166588
7 0.2245108 0.5835866 0.0283521 0.0166588
25 0.2966797 0.2837276 0.0283521 0.0166588
11 0.2245108 0.4636430 0.0283521 0.0166588
15 0.1523418 0.3436994 0.0283521 0.0166588
29 0.1523418 0.5835866 0.0283521 0.0166588
25 0.1523418 0.4636430 0.0283521 0.0166588
1 0.2966797 0.3436994 0.0283521 0.0166588
11 0.5131865 0.5835866 0.0283521 0.0166588
5 0.2245108 0.2837276 0.0283521 0.0166588
4 0.4410176 0.5835866 0.0283521 0.0166588
30 0.1523418 0.4036712 0.0283521 0.0166588
31 0.2966797 0.5236148 0.0283521 0.0166588
17 0.5131865 0.5236148 0.0283521 0.0166588
16 0.3675599 0.3436994 0.0283521 0.0166588
