9 0.3081881 0.6741737 0.0284557 0.0174229
21 0.3819142 0.4232843 0.0284557 0.0174229
32 0.3114217 0.5539559 0.5238436 0.4460256
33 0.3101283 0.3611428 0.4746929 0.0162614
34 0.5267796 0.4227036 0.0672589 0.0627223
3 0.5267796 0.4232843 0.0284557 0.0174229
18 0.3081881 0.7368960 0.0284557 0.0174229
24 0.5267796 0.5487290 0.0284557 0.0174229
6 0.5267796 0.6114514 0.0284557 0.0174229
25 0.1646161 0.4860067 0.0284557 0.0174228
11 0.4543469 0.7368960 0.0284557 0.0174229
7 0.4543469 0.6741737 0.0284557 0.0174229
1 0.4543469 0.5487290 0.0284557 0.0174229
10 0.0921835 0.4860067 0.0284557 0.0174228
17 0.3819142 0.7368960 0.0284557 0.0174229
27 0.0921835 0.7368960 0.0284557 0.0174229
13 0.3081881 0.4232843 0.0284557 0.0174229
16 0.0921835 0.4232843 0.0284557 0.0174229
19 0.0921835 0.6114514 0.0284557 0.0174229
28 0.4543469 0.4860067 0.0284557 0.0174228
11 0.5267796 0.4860067 0.0284557 0.0174228
12 0.5267796 0.7368960 0.0284557 0.0174229
22 0.2370488 0.4860067 0.0284557 0.0174228
11 0.0921835 0.6741737 0.0284557 0.0174229
26 0.1646161 0.6741737 0.0284557 0.0174229
18 0.2370488 0.7368960 0.0284557 0.0174229
16 0.4543469 0.4232843 0.0284557 0.0174229
30 0.2370488 0.4232843 0.0284557 0.0174229
24 0.1646161 0.4232843 0.0284557 0.0174229
28 0.3819142 0.5487290 0.0284557 0.0174229
5 0.2370488 0.5487290 0.0284557 0.0174229
13 0.2370488 0.6741737 0.0284557 0.0174229
26 0.3081881 0.4860067 0.0284557 0.0174228
10 0.1646161 0.6114514 0.0284557 0.0174229
10 0.2370488 0.6114514 0.0284557 0.0174229
21 0.3819142 0.6114514 0.0284557 0.0174229
2 0.1646161 0.5487290 0.0284557 0.0174229
12 0.3819142 0.4860067 0.0284557 0.0174228
7 0.3081881 0.5487290 0.0284557 0.0174229
12 0.3081881 0.6114514 0.0284557 0.0174229
5 0.3819142 0.6741737 0.0284557 0.0174229
17 0.0921835 0.5487290 0.0284557 0.0174229
9 0.5267796 0.6741737 0.0284557 0.0174229
25 0.4543469 0.6114514 0.0284557 0.0174229
16 0.1646161 0.7368960 0.0284557 0.0174229
