11 0.5725016 0.3069822 0.0287557 0.0169864
26 0.5725016 0.4904347 0.0287557 0.0169864
32 0.5012659 0.3732290 0.5293666 0.4348503
33 0.4999588 0.1852468 0.4796976 0.0158539
5 0.2797161 0.2458314 0.0287557 0.0169864
34 0.7188943 0.3675668 0.0679681 0.0611508
29 0.7188943 0.3681331 0.0287558 0.0169864
15 0.3529125 0.3681331 0.0287557 0.0169864
25 0.7188943 0.4292839 0.0287558 0.0169863
31 0.6456979 0.5515855 0.0287557 0.0169864
7 0.4979982 0.3681331 0.0287557 0.0169864
25 0.4261089 0.2458314 0.0287557 0.0169864
8 0.2797161 0.5515855 0.0287557 0.0169864
14 0.6456979 0.4904347 0.0287557 0.0169864
27 0.6456979 0.2458314 0.0287557 0.0169864
9 0.4979982 0.4904347 0.0287557 0.0169864
24 0.2797161 0.4292839 0.0287557 0.0169863
25 0.2797161 0.4904347 0.0287557 0.0169864
25 0.4979982 0.2458314 0.0287557 0.0169864
5 0.4979982 0.5515855 0.0287557 0.0169864
10 0.5725016 0.4292839 0.0287557 0.0169863
18 0.5725016 0.2458314 0.0287557 0.0169864
22 0.4261089 0.5515855 0.0287557 0.0169864
4 0.3529125 0.5515855 0.0287557 0.0169864
29 0.7188943 0.4904347 0.0287558 0.0169864
3 0.7188943 0.3069822 0.0287558 0.0169864
30 0.4261089 0.3681331 0.0287557 0.0169864
3 0.6456979 0.4292839 0.0287557 0.0169863
30 0.5725016 0.5515855 0.0287557 0.0169864
15 0.7188943 0.5515855 0.0287558 0.0169864
12 0.4261089 0.4292839 0.0287557 0.0169863
14 0.2797161 0.3069822 0.0287557 0.0169864
20 0.6456979 0.3069822 0.0287557 0.0169864
31 0.3529125 0.4292839 0.0287557 0.0169863
17 0.3529125 0.2458314 0.0287557 0.0169864
18 0.3529125 0.4904347 0.0287557 0.0169864
29 0.4979982 0.3069822 0.0287557 0.0169864
12 0.4261089 0.3069822 0.0287557 0.0169864
2 0.7188943 0.2458314 0.0287558 0.0169864
15 0.2797161 0.3681331 0.0287557 0.0169864
31 0.5725016 0.3681331 0.0287557 0.0169864
19 0.6456979 0.3681331 0.0287557 0.0169864
9 0.4979982 0.4292839 0.0287557 0.0169863
14 0.3529125 0.3069822 0.0287557 0.0169864
25 0.4261089 0.4904347 0.0287557 0.0169864
