3 0.1594019 0.6674014 0.0283792 0.0161808
1 0.3025880 0.5508995 0.0283792 0.0161808
32 0.3058129 0.5557537 0.5224358 0.4142291
33 0.3045230 0.3766859 0.4734172 0.0151021
34 0.0871638 0.6086110 0.0670782 0.0582510
24 0.0871638 0.6091504 0.0283792 0.0161808
23 0.2316399 0.6091504 0.0283792 0.0161808
18 0.4483540 0.4926485 0.0283792 0.0161808
25 0.5205921 0.7256524 0.0283792 0.0161808
26 0.3025880 0.4343975 0.0283792 0.0161808
20 0.5205921 0.6091504 0.0283792 0.0161808
2 0.4483540 0.6674014 0.0283792 0.0161808
10 0.0871638 0.6674014 0.0283792 0.0161808
10 0.3761160 0.6091504 0.0283792 0.0161808
4 0.1594019 0.7256524 0.0283792 0.0161808
25 0.5205921 0.4343975 0.0283792 0.0161808
18 0.3025880 0.7256524 0.0283792 0.0161808
5 0.1594019 0.4926485 0.0283792 0.0161808
22 0.4483540 0.5508995 0.0283792 0.0161808
2 0.5205921 0.4926485 0.0283792 0.0161808
25 0.3025880 0.6091504 0.0283792 0.0161808
7 0.4483540 0.7256524 0.0283792 0.0161808
27 0.1594019 0.5508995 0.0283792 0.0161808
28 0.1594019 0.4343975 0.0283792 0.0161808
31 0.1594019 0.6091504 0.0283792 0.0161808
27 0.5205921 0.6674014 0.0283792 0.0161808
19 0.3761160 0.6674014 0.0283792 0.0161808
6 0.3761160 0.5508995 0.0283792 0.0161808
31 0.2316399 0.4926485 0.0283792 0.0161808
10 0.3761160 0.4926485 0.0283792 0.0161808
20 0.4483540 0.6091504 0.0283792 0.0161808
11 0.2316399 0.6674014 0.0283792 0.0161808
9 0.3761160 0.4343975 0.0283792 0.0161808
27 0.2316399 0.5508995 0.0283792 0.0161808
15 0.2316399 0.4343975 0.0283792 0.0161808
1 0.0871638 0.7256524 0.0283792 0.0161808
25 0.3025880 0.6674014 0.0283792 0.0161808
18 0.0871638 0.5508995 0.0283792 0.0161808
27 0.0871638 0.4343975 0.0283792 0.0161808
4 0.2316399 0.7256524 0.0283792 0.0161808
7 0.0871638 0.4926485 0.0283792 0.0161808
19 0.3761160 0.7256524 0.0283792 0.0161808
2 0.5205921 0.5508995 0.0283792 0.0161808
4 0.4483540 0.4343975 0.0283792 0.0161808
27 0.3025880 0.4926485 0.0283792 0.0161808
