21 0.6782366 0.5323050 0.0262511 0.0167125
24 0.4777740 0.4721401 0.0262511 0.0167124
32 0.6132056 0.4169890 0.4832583 0.4278389
33 0.6120124 0.2320378 0.4379155 0.0155983
7 0.5445949 0.4119753 0.0262511 0.0167124
34 0.6102225 0.4114182 0.0620480 0.0601649
20 0.6102225 0.4119753 0.0262511 0.0167124
28 0.6102225 0.3518104 0.0262511 0.0167124
9 0.6782366 0.4119753 0.0262511 0.0167124
30 0.7450576 0.5924698 0.0262511 0.0167125
13 0.4109531 0.5323050 0.0262511 0.0167125
12 0.6782366 0.2916456 0.0262511 0.0167125
20 0.4777740 0.5924698 0.0262511 0.0167125
17 0.5445949 0.4721401 0.0262511 0.0167124
15 0.7450576 0.4721401 0.0262511 0.0167124
8 0.5445949 0.3518104 0.0262511 0.0167124
5 0.4109531 0.4119753 0.0262511 0.0167124
3 0.8118784 0.3518104 0.0262511 0.0167124
18 0.8118784 0.2916456 0.0262511 0.0167125
13 0.4109531 0.2916456 0.0262511 0.0167125
6 0.4777740 0.2916456 0.0262511 0.0167125
4 0.4109531 0.4721401 0.0262511 0.0167124
18 0.6102225 0.5323050 0.0262511 0.0167125
30 0.4777740 0.4119753 0.0262511 0.0167124
7 0.7450576 0.5323050 0.0262511 0.0167125
4 0.8118784 0.4119753 0.0262511 0.0167124
2 0.6782366 0.3518104 0.0262511 0.0167124
8 0.4777740 0.5323050 0.0262511 0.0167125
1 0.8118784 0.4721401 0.0262511 0.0167124
28 0.7450576 0.3518104 0.0262511 0.0167124
1 0.8118784 0.5323050 0.0262511 0.0167125
25 0.6782366 0.4721401 0.0262511 0.0167124
7 0.4777740 0.3518104 0.0262511 0.0167124
1 0.6102225 0.2916456 0.0262511 0.0167125
8 0.5445949 0.5323050 0.0262511 0.0167125
7 0.7450576 0.4119753 0.0262511 0.0167124
26 0.6102225 0.4721401 0.0262511 0.0167124
14 0.5445949 0.5924698 0.0262511 0.0167125
29 0.6102225 0.5924698 0.0262511 0.0167125
22 0.4109531 0.3518104 0.0262511 0.0167124
15 0.5445949 0.2916456 0.0262511 0.0167125
24 0.6782366 0.5924698 0.0262511 0.0167125
29 0.4109531 0.5924698 0.0262511 0.0167125
13 0.7450576 0.2916456 0.0262511 0.0167125
25 0.8118784 0.5924698 0.0262511 0.0167125
