11 0.5169797 0.4806650 0.0288184 0.0174051
26 0.3715778 0.4180069 0.0288184 0.0174051
32 0.5202545 0.4858866 0.5305206 0.4455693
33 0.5189445 0.2932707 0.4807433 0.0162447
22 0.2982218 0.4806650 0.0288184 0.0174051
34 0.6643465 0.4800848 0.0668063 0.0626581
23 0.6650014 0.4806650 0.0288184 0.0174051
26 0.4449337 0.6059814 0.0288184 0.0174051
22 0.5916455 0.4180069 0.0288184 0.0174051
25 0.3715778 0.4806650 0.0288184 0.0174051
29 0.5169797 0.6686395 0.0288184 0.0174051
29 0.2982218 0.5433232 0.0288184 0.0174051
3 0.4449337 0.5433232 0.0288184 0.0174051
27 0.5169797 0.5433232 0.0288184 0.0174051
29 0.5916455 0.6686395 0.0288184 0.0174051
1 0.6650014 0.6059814 0.0288184 0.0174051
7 0.5916455 0.4806650 0.0288184 0.0174051
15 0.7383574 0.4806650 0.0288184 0.0174051
28 0.7383574 0.6059814 0.0288184 0.0174051
7 0.3715778 0.3553487 0.0288184 0.0174051
15 0.4449337 0.4180069 0.0288184 0.0174051
30 0.4449337 0.6686395 0.0288184 0.0174051
4 0.5916455 0.6059814 0.0288184 0.0174051
9 0.5169797 0.3553487 0.0288184 0.0174051
9 0.2982218 0.4180069 0.0288184 0.0174051
26 0.3715778 0.6686395 0.0288184 0.0174051
14 0.6650014 0.3553487 0.0288184 0.0174051
26 0.7383574 0.6686395 0.0288184 0.0174051
6 0.4449337 0.4806650 0.0288184 0.0174051
12 0.7383574 0.3553487 0.0288184 0.0174051
11 0.3715778 0.6059814 0.0288184 0.0174051
30 0.5169797 0.6059814 0.0288184 0.0174051
19 0.7383574 0.4180069 0.0288184 0.0174051
13 0.3715778 0.5433232 0.0288184 0.0174051
7 0.5916455 0.3553487 0.0288184 0.0174051
26 0.5169797 0.4180069 0.0288184 0.0174051
1 0.6650014 0.4180069 0.0288184 0.0174051
22 0.2982218 0.3553487 0.0288184 0.0174051
13 0.2982218 0.6059814 0.0288184 0.0174051
1 0.2982218 0.6686395 0.0288184 0.0174051
22 0.5916455 0.5433232 0.0288184 0.0174051
11 0.6650014 0.6686395 0.0288184 0.0174051
21 0.6650014 0.5433232 0.0288184 0.0174051
1 0.7383574 0.5433232 0.0288184 0.0174051
26 0.4449337 0.3553487 0.0288184 0.0174051
