18 0.4866879 0.6102118 0.0287154 0.0170458
27 0.4135941 0.6102118 0.0287154 0.0170458
32 0.5617395 0.6153255 0.5286243 0.4363691
33 0.5604342 0.4266868 0.4790250 0.0159093
34 0.7053165 0.6710080 0.0665675 0.0613645
29 0.7059691 0.6715762 0.0287154 0.0170456
19 0.6328753 0.7329406 0.0287154 0.0170458
5 0.5584763 0.6715762 0.0287154 0.0170456
9 0.5584763 0.5488474 0.0287154 0.0170456
15 0.4866879 0.5488474 0.0287154 0.0170456
11 0.4135941 0.4874830 0.0287154 0.0170457
5 0.4135941 0.6715762 0.0287154 0.0170456
1 0.7790628 0.4874830 0.0287154 0.0170457
3 0.4135941 0.7943050 0.0287154 0.0170456
14 0.3405004 0.6715762 0.0287154 0.0170456
25 0.5584763 0.6102118 0.0287154 0.0170458
26 0.3405004 0.7943050 0.0287154 0.0170456
19 0.6328753 0.6102118 0.0287154 0.0170458
5 0.5584763 0.7943050 0.0287154 0.0170456
4 0.4135941 0.7329406 0.0287154 0.0170458
27 0.4866879 0.7943050 0.0287154 0.0170456
18 0.7790628 0.7943050 0.0287154 0.0170456
15 0.5584763 0.4874830 0.0287154 0.0170457
4 0.4866879 0.7329406 0.0287154 0.0170458
12 0.5584763 0.7329406 0.0287154 0.0170458
2 0.3405004 0.5488474 0.0287154 0.0170456
29 0.6328753 0.6715762 0.0287154 0.0170456
25 0.4135941 0.5488474 0.0287154 0.0170456
1 0.7790628 0.7329406 0.0287154 0.0170458
29 0.7059691 0.5488474 0.0287154 0.0170456
11 0.7059691 0.7329406 0.0287154 0.0170458
3 0.7059691 0.7943050 0.0287154 0.0170456
1 0.4866879 0.4874830 0.0287154 0.0170457
6 0.7790628 0.5488474 0.0287154 0.0170456
22 0.6328753 0.7943050 0.0287154 0.0170456
27 0.7790628 0.6102118 0.0287154 0.0170458
6 0.3405004 0.4874830 0.0287154 0.0170457
1 0.6328753 0.4874830 0.0287154 0.0170457
2 0.6328753 0.5488474 0.0287154 0.0170456
27 0.4866879 0.6715762 0.0287154 0.0170456
9 0.7790628 0.6715762 0.0287154 0.0170456
19 0.3405004 0.7329406 0.0287154 0.0170458
25 0.7059691 0.6102118 0.0287154 0.0170458
31 0.3405004 0.6102118 0.0287154 0.0170458
16 0.7059691 0.4874830 0.0287154 0.0170457
