15 0.7881673 0.6503536 0.0264154 0.0160998
4 0.4519717 0.7662721 0.0264154 0.0160998
32 0.5882510 0.5972243 0.4862828 0.4121546
33 0.5870503 0.4190533 0.4406562 0.0150264
22 0.4519717 0.7083129 0.0264154 0.0160998
34 0.7203278 0.7077762 0.0612356 0.0579592
25 0.7209282 0.7083129 0.0264153 0.0160998
17 0.6536890 0.5344351 0.0264154 0.0160998
2 0.6536890 0.6503536 0.0264154 0.0160998
30 0.6536890 0.5923943 0.0264154 0.0160998
19 0.7881673 0.4764759 0.0264154 0.0160998
5 0.5852493 0.5344351 0.0264154 0.0160998
7 0.5852493 0.7662721 0.0264154 0.0160998
17 0.5192109 0.7662721 0.0264153 0.0160998
10 0.3847327 0.6503536 0.0264154 0.0160998
2 0.7881673 0.5923943 0.0264154 0.0160998
8 0.5852493 0.6503536 0.0264154 0.0160998
19 0.5852493 0.7083129 0.0264154 0.0160998
20 0.4519717 0.5923943 0.0264154 0.0160998
25 0.7209282 0.5344351 0.0264153 0.0160998
21 0.7209282 0.4764759 0.0264153 0.0160998
19 0.7881673 0.7083129 0.0264154 0.0160998
30 0.4519717 0.5344351 0.0264154 0.0160998
26 0.4519717 0.4764759 0.0264154 0.0160998
9 0.7209282 0.5923943 0.0264153 0.0160998
22 0.7881673 0.7662721 0.0264154 0.0160998
26 0.4519717 0.6503536 0.0264154 0.0160998
17 0.7881673 0.5344351 0.0264154 0.0160998
4 0.3847327 0.7662721 0.0264154 0.0160998
9 0.7209282 0.6503536 0.0264153 0.0160998
25 0.5192109 0.7083129 0.0264153 0.0160998
6 0.6536890 0.7662721 0.0264154 0.0160998
17 0.3847327 0.5923943 0.0264154 0.0160998
14 0.6536890 0.4764759 0.0264154 0.0160998
2 0.5852493 0.4764759 0.0264154 0.0160998
18 0.7209282 0.7662721 0.0264153 0.0160998
12 0.5192109 0.6503536 0.0264153 0.0160998
10 0.5192109 0.4764759 0.0264153 0.0160998
21 0.3847327 0.4764759 0.0264154 0.0160998
11 0.5192109 0.5923943 0.0264153 0.0160998
20 0.3847327 0.5344351 0.0264154 0.0160998
25 0.6536890 0.7083129 0.0264154 0.0160998
9 0.5852493 0.5923943 0.0264154 0.0160998
29 0.5192109 0.5344351 0.0264153 0.0160998
22 0.3847327 0.7083129 0.0264154 0.0160998
