13 0.2474081 0.4136381 0.0284359 0.0161705
10 0.1039360 0.5300654 0.0284359 0.0161705
32 0.2568145 0.4184892 0.5111290 0.4139640
33 0.2493469 0.2395360 0.4743626 0.0150924
34 0.2474081 0.5295264 0.0672121 0.0582137
8 0.2474081 0.5300654 0.0284359 0.0161705
30 0.1039360 0.5882791 0.0284359 0.0161705
8 0.0315537 0.4718518 0.0284359 0.0161705
2 0.1763183 0.4718518 0.0284359 0.0161705
17 0.3210829 0.3554244 0.0284359 0.0161705
20 0.1039360 0.4718518 0.0284359 0.0161705
3 0.1763183 0.5882791 0.0284359 0.0161705
8 0.4658475 0.4136381 0.0284359 0.0161705
9 0.4658475 0.3554244 0.0284359 0.0161705
24 0.0315537 0.5300654 0.0284359 0.0161705
17 0.1039360 0.2972107 0.0284359 0.0161705
4 0.4658475 0.2972107 0.0284359 0.0161705
31 0.3934652 0.3554244 0.0284359 0.0161705
12 0.1763183 0.2972107 0.0284359 0.0161705
10 0.3210829 0.5882791 0.0284359 0.0161705
12 0.4658475 0.5300654 0.0284359 0.0161705
11 0.3934652 0.5300654 0.0284359 0.0161705
24 0.2474081 0.2972107 0.0284359 0.0161705
15 0.2474081 0.5882791 0.0284359 0.0161705
26 0.1039360 0.3554244 0.0284359 0.0161705
28 0.1763183 0.3554244 0.0284359 0.0161705
1 0.4658475 0.5882791 0.0284359 0.0161705
18 0.1763183 0.4136381 0.0284359 0.0161705
27 0.4658475 0.4718518 0.0284359 0.0161705
6 0.3934652 0.5882791 0.0284359 0.0161705
9 0.1039360 0.4136381 0.0284359 0.0161705
6 0.2474081 0.3554244 0.0284359 0.0161705
28 0.3210829 0.4718518 0.0284359 0.0161705
6 0.3210829 0.5300654 0.0284359 0.0161705
21 0.0315537 0.5882791 0.0284359 0.0161705
12 0.3934652 0.4718518 0.0284359 0.0161705
17 0.0315537 0.3554244 0.0284359 0.0161705
24 0.2474081 0.4718518 0.0284359 0.0161705
29 0.1763183 0.5300654 0.0284359 0.0161705
25 0.0315537 0.4136381 0.0284359 0.0161705
6 0.3210829 0.2972107 0.0284359 0.0161705
26 0.3934652 0.4136381 0.0284359 0.0161705
24 0.3210829 0.4136381 0.0284359 0.0161705
13 0.0315537 0.2972107 0.0284359 0.0161705
12 0.3934652 0.2972107 0.0284359 0.0161705
