19 0.1791208 0.5808537 0.0280195 0.0166132
9 0.1791208 0.6406613 0.0280195 0.0166132
32 0.2557554 0.4662225 0.5090107 0.4252983
33 0.2510800 0.2823696 0.4674168 0.0155057
34 0.2491696 0.4008772 0.0662280 0.0598076
28 0.2491696 0.4014310 0.0280195 0.0166132
26 0.4644106 0.4014310 0.0280195 0.0166132
11 0.0364759 0.4014310 0.0280195 0.0166132
2 0.0364759 0.5808537 0.0280195 0.0166132
4 0.2491696 0.4612385 0.0280195 0.0166132
14 0.4644106 0.5210461 0.0280195 0.0166132
6 0.3217657 0.5210461 0.0280195 0.0166132
25 0.3217657 0.5808537 0.0280195 0.0166132
28 0.3930882 0.5210461 0.0280195 0.0166132
10 0.1077983 0.4612385 0.0280195 0.0166132
21 0.3930882 0.3416234 0.0280195 0.0166132
19 0.2491696 0.5210461 0.0280195 0.0166132
28 0.4644106 0.3416234 0.0280195 0.0166132
6 0.3217657 0.4612385 0.0280195 0.0166132
30 0.3930882 0.4612385 0.0280195 0.0166132
22 0.4644106 0.5808537 0.0280195 0.0166132
16 0.2491696 0.5808537 0.0280195 0.0166132
31 0.1791208 0.3416234 0.0280195 0.0166132
19 0.1077983 0.5210461 0.0280195 0.0166132
29 0.3930882 0.4014310 0.0280195 0.0166132
20 0.2491696 0.6406613 0.0280195 0.0166132
26 0.3930882 0.6406613 0.0280195 0.0166132
25 0.1791208 0.4014310 0.0280195 0.0166132
18 0.2491696 0.3416234 0.0280195 0.0166132
30 0.1791208 0.4612385 0.0280195 0.0166132
25 0.1077983 0.6406613 0.0280195 0.0166132
18 0.1077983 0.5808537 0.0280195 0.0166132
20 0.0364759 0.4612385 0.0280195 0.0166132
30 0.3217657 0.4014310 0.0280195 0.0166132
24 0.0364759 0.5210461 0.0280195 0.0166132
27 0.1077983 0.3416234 0.0280195 0.0166132
24 0.4644106 0.6406613 0.0280195 0.0166132
3 0.1077983 0.4014310 0.0280195 0.0166132
3 0.1791208 0.5210461 0.0280195 0.0166132
20 0.4644106 0.4612385 0.0280195 0.0166132
14 0.3217657 0.3416234 0.0280195 0.0166132
18 0.0364759 0.6406613 0.0280195 0.0166132
11 0.3930882 0.5808537 0.0280195 0.0166132
26 0.0364759 0.3416234 0.0280195 0.0166132
21 0.3217657 0.6406613 0.0280195 0.0166132
