15 0.3630735 0.6712394 0.0284614 0.0174190
3 0.5804150 0.4204069 0.0284614 0.0174189
32 0.4374612 0.5510489 0.5239485 0.4459244
33 0.4361675 0.3582795 0.4747879 0.0162577
7 0.2906263 0.7339475 0.0284614 0.0174190
34 0.5073210 0.7333668 0.0685661 0.0627081
5 0.5079679 0.7339475 0.0284614 0.0174190
21 0.2906263 0.4831150 0.0284614 0.0174189
26 0.6528622 0.6085313 0.0284614 0.0174189
8 0.5079679 0.6085313 0.0284614 0.0174189
12 0.5079679 0.4204069 0.0284614 0.0174189
20 0.2181791 0.6085313 0.0284614 0.0174189
12 0.2906263 0.6712394 0.0284614 0.0174190
28 0.6528622 0.7339475 0.0284614 0.0174190
26 0.2181791 0.7339475 0.0284614 0.0174190
4 0.6528622 0.4204069 0.0284614 0.0174189
26 0.3630735 0.4831150 0.0284614 0.0174189
30 0.2181791 0.4831150 0.0284614 0.0174189
2 0.5079679 0.6712394 0.0284614 0.0174190
30 0.6528622 0.6712394 0.0284614 0.0174190
1 0.3630735 0.7339475 0.0284614 0.0174190
11 0.5804150 0.6712394 0.0284614 0.0174190
24 0.2181791 0.6712394 0.0284614 0.0174190
10 0.2906263 0.5458232 0.0284614 0.0174189
22 0.2181791 0.4204069 0.0284614 0.0174189
27 0.3630735 0.4204069 0.0284614 0.0174189
28 0.4342270 0.4831150 0.0284614 0.0174189
21 0.2181791 0.5458232 0.0284614 0.0174189
5 0.4342270 0.7339475 0.0284614 0.0174190
7 0.4342270 0.4204069 0.0284614 0.0174189
13 0.2906263 0.4204069 0.0284614 0.0174189
4 0.5079679 0.5458232 0.0284614 0.0174189
16 0.4342270 0.6085313 0.0284614 0.0174189
10 0.5804150 0.7339475 0.0284614 0.0174190
14 0.4342270 0.5458232 0.0284614 0.0174189
3 0.6528622 0.4831150 0.0284614 0.0174189
11 0.3630735 0.6085313 0.0284614 0.0174189
7 0.6528622 0.5458232 0.0284614 0.0174189
29 0.5079679 0.4831150 0.0284614 0.0174189
17 0.5804150 0.6085313 0.0284614 0.0174189
30 0.4342270 0.6712394 0.0284614 0.0174190
1 0.5804150 0.4831150 0.0284614 0.0174189
21 0.2906263 0.6085313 0.0284614 0.0174189
12 0.5804150 0.5458232 0.0284614 0.0174189
19 0.3630735 0.5458232 0.0284614 0.0174189
