10 0.4920624 0.4259485 0.0265298 0.0173673
5 0.2219412 0.4259485 0.0265298 0.0173673
32 0.4263409 0.3686365 0.4883888 0.4446023
33 0.4251350 0.1764386 0.4425647 0.0162095
5 0.3570018 0.5509929 0.0265298 0.0173673
34 0.5589898 0.5504140 0.0615008 0.0625222
31 0.5595927 0.5509929 0.0265298 0.0173673
6 0.5595927 0.4259485 0.0265298 0.0173673
18 0.4233262 0.3009041 0.0265298 0.0173673
24 0.2894715 0.4259485 0.0265298 0.0173673
9 0.4920624 0.3634263 0.0265298 0.0173673
13 0.6271230 0.3009041 0.0265298 0.0173673
24 0.6271230 0.5509929 0.0265298 0.0173673
20 0.4920624 0.5509929 0.0265298 0.0173673
17 0.6271230 0.4884707 0.0265298 0.0173673
24 0.2894715 0.5509929 0.0265298 0.0173673
18 0.4233262 0.4259485 0.0265298 0.0173673
1 0.4233262 0.2383819 0.0265298 0.0173672
31 0.3570018 0.4259485 0.0265298 0.0173673
20 0.2894715 0.4884707 0.0265298 0.0173673
15 0.4920624 0.4884707 0.0265298 0.0173673
20 0.3570018 0.3009041 0.0265298 0.0173673
18 0.6271230 0.2383819 0.0265298 0.0173672
14 0.6271230 0.3634263 0.0265298 0.0173673
9 0.2894715 0.3009041 0.0265298 0.0173673
31 0.4233262 0.3634263 0.0265298 0.0173673
30 0.4233262 0.5509929 0.0265298 0.0173673
27 0.4920624 0.2383819 0.0265298 0.0173672
31 0.2219412 0.5509929 0.0265298 0.0173673
13 0.2219412 0.4884707 0.0265298 0.0173673
24 0.5595927 0.3634263 0.0265298 0.0173673
11 0.5595927 0.2383819 0.0265298 0.0173672
29 0.2894715 0.3634263 0.0265298 0.0173673
6 0.5595927 0.4884707 0.0265298 0.0173673
1 0.2219412 0.2383819 0.0265298 0.0173672
11 0.3570018 0.3634263 0.0265298 0.0173673
4 0.2894715 0.2383819 0.0265298 0.0173672
22 0.3570018 0.2383819 0.0265298 0.0173672
3 0.5595927 0.3009041 0.0265298 0.0173673
12 0.6271230 0.4259485 0.0265298 0.0173673
26 0.4920624 0.3009041 0.0265298 0.0173673
7 0.4233262 0.4884707 0.0265298 0.0173673
30 0.2219412 0.3634263 0.0265298 0.0173673
25 0.3570018 0.4884707 0.0265298 0.0173673
18 0.2219412 0.3009041 0.0265298 0.0173673
