8 0.5071092 0.6090118 0.0265509 0.0169775
16 0.3719411 0.5478926 0.0265509 0.0169775
32 0.3061672 0.5529858 0.4887778 0.4346255
33 0.3049604 0.3651009 0.4429172 0.0158457
13 0.3031501 0.5478926 0.0265509 0.0169775
34 0.3031501 0.6695650 0.0627567 0.0611192
8 0.3031501 0.6701310 0.0265509 0.0169776
10 0.2367729 0.4867734 0.0265509 0.0169776
6 0.1691888 0.6090118 0.0265509 0.0169775
12 0.3719411 0.6701310 0.0265509 0.0169776
13 0.4395251 0.6701310 0.0265509 0.0169776
5 0.2367729 0.5478926 0.0265509 0.0169775
24 0.4395251 0.4256542 0.0265509 0.0169775
18 0.3719411 0.7312502 0.0265509 0.0169775
21 0.1691888 0.6701310 0.0265509 0.0169776
27 0.1016047 0.6701310 0.0265509 0.0169776
18 0.2367729 0.7312502 0.0265509 0.0169775
7 0.1016047 0.7312502 0.0265509 0.0169775
2 0.5071092 0.5478926 0.0265509 0.0169775
20 0.1691888 0.4256542 0.0265509 0.0169775
15 0.5071092 0.6701310 0.0265509 0.0169776
6 0.1016047 0.4256542 0.0265509 0.0169775
16 0.4395251 0.4867734 0.0265509 0.0169776
30 0.4395251 0.5478926 0.0265509 0.0169775
4 0.3031501 0.6090118 0.0265509 0.0169775
12 0.1691888 0.5478926 0.0265509 0.0169775
2 0.3031501 0.7312502 0.0265509 0.0169775
21 0.1016047 0.4867734 0.0265509 0.0169776
20 0.3719411 0.6090118 0.0265509 0.0169775
26 0.3719411 0.4256542 0.0265509 0.0169775
19 0.5071092 0.4867734 0.0265509 0.0169776
5 0.1016047 0.5478926 0.0265509 0.0169775
8 0.1016047 0.6090118 0.0265509 0.0169775
3 0.3719411 0.4867734 0.0265509 0.0169776
5 0.3031501 0.4867734 0.0265509 0.0169776
26 0.1691888 0.4867734 0.0265509 0.0169776
10 0.1691888 0.7312502 0.0265509 0.0169775
17 0.5071092 0.7312502 0.0265509 0.0169775
7 0.2367729 0.4256542 0.0265509 0.0169775
11 0.2367729 0.6090118 0.0265509 0.0169775
28 0.4395251 0.6090118 0.0265509 0.0169775
13 0.5071092 0.4256542 0.0265509 0.0169775
30 0.4395251 0.7312502 0.0265509 0.0169775
14 0.3031501 0.4256542 0.0265509 0.0169775
15 0.2367729 0.6701310 0.0265509 0.0169776
