15 0.5804617 0.3853303 0.0272377 0.0164659
18 0.5111295 0.5038845 0.0272377 0.0164659
32 0.6516512 0.3902700 0.5014209 0.4215261
33 0.6504131 0.2080478 0.4543740 0.0153681
34 0.6485559 0.3847814 0.0643800 0.0592771
3 0.6485559 0.3853303 0.0272377 0.0164659
11 0.7884586 0.5631616 0.0272376 0.0164659
26 0.5804617 0.4446074 0.0272377 0.0164659
14 0.7191263 0.5631616 0.0272377 0.0164659
6 0.7884586 0.3853303 0.0272376 0.0164659
22 0.8577908 0.3853303 0.0272376 0.0164659
30 0.7884586 0.5038845 0.0272376 0.0164659
24 0.6485559 0.3260532 0.0272377 0.0164658
11 0.6485559 0.4446074 0.0272377 0.0164659
20 0.5111295 0.2667761 0.0272377 0.0164659
24 0.8577908 0.3260532 0.0272376 0.0164658
30 0.7191263 0.3853303 0.0272377 0.0164659
17 0.5804617 0.5631616 0.0272377 0.0164659
7 0.7191263 0.5038845 0.0272377 0.0164659
10 0.5111295 0.3853303 0.0272377 0.0164659
4 0.5804617 0.3260532 0.0272377 0.0164658
8 0.8577908 0.5038845 0.0272376 0.0164659
22 0.5804617 0.5038845 0.0272377 0.0164659
6 0.4417972 0.4446074 0.0272377 0.0164659
13 0.8577908 0.5631616 0.0272376 0.0164659
11 0.6485559 0.2667761 0.0272377 0.0164659
22 0.6485559 0.5038845 0.0272377 0.0164659
27 0.5111295 0.3260532 0.0272377 0.0164658
20 0.4417972 0.5631616 0.0272377 0.0164659
20 0.4417972 0.2667761 0.0272377 0.0164659
18 0.6485559 0.5631616 0.0272377 0.0164659
22 0.4417972 0.5038845 0.0272377 0.0164659
2 0.4417972 0.3260532 0.0272377 0.0164658
1 0.5804617 0.2667761 0.0272377 0.0164659
22 0.4417972 0.3853303 0.0272377 0.0164659
30 0.5111295 0.5631616 0.0272377 0.0164659
13 0.7884586 0.2667761 0.0272376 0.0164659
24 0.7884586 0.3260532 0.0272376 0.0164658
14 0.5111295 0.4446074 0.0272377 0.0164659
12 0.7191263 0.2667761 0.0272377 0.0164659
21 0.8577908 0.4446074 0.0272376 0.0164659
25 0.8577908 0.2667761 0.0272376 0.0164659
25 0.7884586 0.4446074 0.0272376 0.0164659
26 0.7191263 0.4446074 0.0272377 0.0164659
26 0.7191263 0.3260532 0.0272377 0.0164658
