3 0.4407384 0.4221715 0.0278469 0.0165729
14 0.7242706 0.4221715 0.0278470 0.0165729
32 0.5135202 0.3674808 0.5126363 0.4242674
33 0.5122544 0.1840735 0.4645371 0.0154681
34 0.5818716 0.3619565 0.0670858 0.0596626
20 0.5825045 0.3625089 0.0278469 0.0165729
21 0.2989724 0.3028463 0.0278469 0.0165729
19 0.3698554 0.4818341 0.0278469 0.0165729
29 0.7242706 0.5414966 0.0278470 0.0165729
12 0.2989724 0.4221715 0.0278469 0.0165729
26 0.5103557 0.5414966 0.0278469 0.0165729
27 0.7242706 0.2431837 0.0278470 0.0165729
6 0.4407384 0.3028463 0.0278469 0.0165729
3 0.6533876 0.3028463 0.0278469 0.0165729
4 0.5103557 0.2431837 0.0278469 0.0165729
13 0.5103557 0.3625089 0.0278469 0.0165729
21 0.3698554 0.3625089 0.0278469 0.0165729
15 0.4407384 0.4818341 0.0278469 0.0165729
31 0.4407384 0.5414966 0.0278469 0.0165729
14 0.3698554 0.3028463 0.0278469 0.0165729
18 0.2989724 0.4818341 0.0278469 0.0165729
26 0.5103557 0.4221715 0.0278469 0.0165729
13 0.6533876 0.3625089 0.0278469 0.0165729
12 0.3698554 0.2431837 0.0278469 0.0165729
16 0.5103557 0.3028463 0.0278469 0.0165729
9 0.4407384 0.2431837 0.0278469 0.0165729
28 0.5825045 0.4221715 0.0278469 0.0165729
13 0.3698554 0.4221715 0.0278469 0.0165729
8 0.2989724 0.5414966 0.0278469 0.0165729
19 0.2989724 0.2431837 0.0278469 0.0165729
8 0.5825045 0.5414966 0.0278469 0.0165729
9 0.6533876 0.4818341 0.0278469 0.0165729
14 0.6533876 0.2431837 0.0278469 0.0165729
22 0.5103557 0.4818341 0.0278469 0.0165729
26 0.7242706 0.3625089 0.0278470 0.0165729
14 0.4407384 0.3625089 0.0278469 0.0165729
13 0.6533876 0.4221715 0.0278469 0.0165729
18 0.3698554 0.5414966 0.0278469 0.0165729
7 0.7242706 0.4818341 0.0278470 0.0165729
4 0.5825045 0.2431837 0.0278469 0.0165729
17 0.5825045 0.4818341 0.0278469 0.0165729
8 0.6533876 0.5414966 0.0278469 0.0165729
8 0.2989724 0.3625089 0.0278469 0.0165729
25 0.5825045 0.3028463 0.0278469 0.0165729
12 0.7242706 0.3028463 0.0278470 0.0165729
