8 0.2476576 0.5061047 0.0284920 0.0173280
18 0.4665278 0.5061047 0.0284920 0.0173280
32 0.2572005 0.5736839 0.5119011 0.4435967
33 0.2496002 0.3819207 0.4752981 0.0161728
34 0.0331499 0.4431463 0.0637999 0.0623808
16 0.0313775 0.4437239 0.0284920 0.0173280
22 0.1039026 0.6932471 0.0284920 0.0173279
12 0.3214777 0.6308663 0.0284920 0.0173279
10 0.4665278 0.4437239 0.0284920 0.0173280
22 0.2476576 0.5684854 0.0284920 0.0173280
12 0.4665278 0.5684854 0.0284920 0.0173280
4 0.2476576 0.7556278 0.0284920 0.0173279
17 0.1039026 0.4437239 0.0284920 0.0173280
25 0.3940028 0.5061047 0.0284920 0.0173280
4 0.1039026 0.7556278 0.0284920 0.0173279
11 0.1039026 0.6308663 0.0284920 0.0173279
2 0.4665278 0.6932471 0.0284920 0.0173279
28 0.3214777 0.7556278 0.0284920 0.0173279
9 0.3940028 0.6308663 0.0284920 0.0173279
30 0.3214777 0.6932471 0.0284920 0.0173279
7 0.4665278 0.7556278 0.0284920 0.0173279
25 0.1764277 0.6932471 0.0284920 0.0173279
28 0.1764277 0.4437239 0.0284920 0.0173280
26 0.2476576 0.4437239 0.0284920 0.0173280
31 0.0313775 0.5684854 0.0284920 0.0173280
27 0.4665278 0.6308663 0.0284920 0.0173279
1 0.1764277 0.7556278 0.0284920 0.0173279
19 0.3214777 0.4437239 0.0284920 0.0173280
1 0.3214777 0.5684854 0.0284920 0.0173280
28 0.0313775 0.6932471 0.0284920 0.0173279
8 0.3214777 0.5061047 0.0284920 0.0173280
12 0.1039026 0.5684854 0.0284920 0.0173280
13 0.0313775 0.7556278 0.0284920 0.0173279
25 0.1764277 0.6308663 0.0284920 0.0173279
11 0.3940028 0.7556278 0.0284920 0.0173279
6 0.3940028 0.6932471 0.0284920 0.0173279
8 0.3940028 0.4437239 0.0284920 0.0173280
16 0.1764277 0.5061047 0.0284920 0.0173280
19 0.1764277 0.5684854 0.0284920 0.0173280
15 0.3940028 0.5684854 0.0284920 0.0173280
19 0.0313775 0.5061047 0.0284920 0.0173280
7 0.0313775 0.6308663 0.0284920 0.0173279
25 0.1039026 0.5061047 0.0284920 0.0173280
5 0.2476576 0.6932471 0.0284920 0.0173279
30 0.2476576 0.6308663 0.0284920 0.0173279
