28 0.1116189 0.6478880 0.0283881 0.0168102
3 0.4006615 0.4663382 0.0283881 0.0168102
32 0.3303364 0.4713812 0.5225993 0.4303403
33 0.3290460 0.2853487 0.4735653 0.0156895
34 0.4722769 0.5262944 0.0658088 0.0605166
18 0.4729221 0.5268548 0.0283881 0.0168102
13 0.2561402 0.6478880 0.0283881 0.0168102
28 0.4729221 0.6478880 0.0283881 0.0168102
21 0.4729221 0.5873714 0.0283881 0.0168102
22 0.4729221 0.4663382 0.0283881 0.0168102
5 0.2561402 0.5873714 0.0283881 0.0168102
1 0.3271105 0.4663382 0.0283881 0.0168102
21 0.1838795 0.6478880 0.0283881 0.0168102
7 0.3271105 0.6478880 0.0283881 0.0168102
4 0.3271105 0.5873714 0.0283881 0.0168102
22 0.5451828 0.6478880 0.0283881 0.0168102
21 0.1116189 0.4058216 0.0283881 0.0168102
5 0.1838795 0.5873714 0.0283881 0.0168102
21 0.1116189 0.5268548 0.0283881 0.0168102
28 0.5451828 0.5873714 0.0283881 0.0168102
26 0.1838795 0.5268548 0.0283881 0.0168102
17 0.1838795 0.3453050 0.0283881 0.0168102
14 0.4006615 0.5268548 0.0283881 0.0168102
29 0.4006615 0.3453050 0.0283881 0.0168102
29 0.2561402 0.3453050 0.0283881 0.0168102
14 0.3271105 0.5268548 0.0283881 0.0168102
12 0.4729221 0.3453050 0.0283881 0.0168102
3 0.4729221 0.4058216 0.0283881 0.0168102
13 0.4006615 0.4058216 0.0283881 0.0168102
6 0.3271105 0.4058216 0.0283881 0.0168102
8 0.2561402 0.5268548 0.0283881 0.0168102
29 0.5451828 0.4058216 0.0283881 0.0168102
29 0.1116189 0.3453050 0.0283881 0.0168102
13 0.1116189 0.5873714 0.0283881 0.0168102
30 0.2561402 0.4663382 0.0283881 0.0168102
21 0.2561402 0.4058216 0.0283881 0.0168102
27 0.4006615 0.5873714 0.0283881 0.0168102
28 0.5451828 0.4663382 0.0283881 0.0168102
15 0.3271105 0.3453050 0.0283881 0.0168102
22 0.1116189 0.4663382 0.0283881 0.0168102
5 0.1838795 0.4663382 0.0283881 0.0168102
9 0.5451828 0.5268548 0.0283881 0.0168102
20 0.4006615 0.6478880 0.0283881 0.0168102
7 0.5451828 0.3453050 0.0283881 0.0168102
7 0.1838795 0.4058216 0.0283881 0.0168102
