14 0.6877345 0.4003757 0.0264231 0.0169696
29 0.4847567 0.7058282 0.0264231 0.0169696
32 0.4877594 0.5276476 0.4864260 0.4344214
33 0.4865583 0.3398508 0.4407860 0.0158383
34 0.3508395 0.7052626 0.0612537 0.0610906
29 0.3514400 0.7058282 0.0264231 0.0169696
2 0.4186989 0.4003757 0.0264232 0.0169696
29 0.3514400 0.5836472 0.0264231 0.0169695
8 0.4186989 0.7058282 0.0264232 0.0169696
24 0.4847567 0.5836472 0.0264231 0.0169695
3 0.6877345 0.6447377 0.0264231 0.0169696
21 0.4847567 0.5225567 0.0264231 0.0169695
22 0.4186989 0.4614662 0.0264232 0.0169696
17 0.2841811 0.4003757 0.0264231 0.0169696
10 0.6204756 0.4614662 0.0264231 0.0169696
11 0.5532167 0.4614662 0.0264231 0.0169696
25 0.3514400 0.4614662 0.0264231 0.0169696
10 0.4847567 0.4003757 0.0264231 0.0169696
15 0.3514400 0.5225567 0.0264231 0.0169695
7 0.6204756 0.5836472 0.0264231 0.0169695
9 0.4847567 0.4614662 0.0264231 0.0169696
18 0.3514400 0.4003757 0.0264231 0.0169696
7 0.6877345 0.5225567 0.0264231 0.0169695
14 0.6204756 0.4003757 0.0264231 0.0169696
11 0.5532167 0.5225567 0.0264231 0.0169695
28 0.4847567 0.6447377 0.0264231 0.0169696
30 0.4186989 0.5225567 0.0264232 0.0169695
6 0.4186989 0.6447377 0.0264232 0.0169696
20 0.6204756 0.5225567 0.0264231 0.0169695
28 0.6204756 0.6447377 0.0264231 0.0169696
31 0.2841811 0.6447377 0.0264231 0.0169696
21 0.4186989 0.5836472 0.0264232 0.0169695
14 0.5532167 0.6447377 0.0264231 0.0169696
6 0.5532167 0.7058282 0.0264231 0.0169696
13 0.5532167 0.5836472 0.0264231 0.0169695
27 0.6877345 0.4614662 0.0264231 0.0169696
8 0.6204756 0.7058282 0.0264231 0.0169696
20 0.6877345 0.5836472 0.0264231 0.0169695
12 0.6877345 0.7058282 0.0264231 0.0169696
15 0.2841811 0.4614662 0.0264231 0.0169696
20 0.2841811 0.5836472 0.0264231 0.0169695
28 0.5532167 0.4003757 0.0264231 0.0169696
13 0.2841811 0.5225567 0.0264231 0.0169695
11 0.2841811 0.7058282 0.0264231 0.0169696
21 0.3514400 0.6447377 0.0264231 0.0169696
