15 0.4698350 0.5133068 0.0285844 0.0161825
13 0.5412959 0.7463353 0.0285844 0.0161825
32 0.5445441 0.5764187 0.5262120 0.4142729
33 0.5432449 0.3973319 0.4768391 0.0151037
34 0.3964252 0.5710245 0.0662637 0.0582571
25 0.3970748 0.5715639 0.0285843 0.0161826
16 0.5412959 0.5715639 0.0285844 0.0161826
8 0.4698350 0.4550496 0.0285844 0.0161826
6 0.7608757 0.6298211 0.0285844 0.0161825
26 0.5412959 0.4550496 0.0285844 0.0161826
21 0.3970748 0.6880782 0.0285843 0.0161825
30 0.3243147 0.5715639 0.0285844 0.0161826
10 0.6153554 0.6880782 0.0285844 0.0161825
11 0.3243147 0.6880782 0.0285844 0.0161825
5 0.3970748 0.6298211 0.0285843 0.0161825
16 0.3243147 0.7463353 0.0285844 0.0161825
24 0.6881155 0.6880782 0.0285844 0.0161825
5 0.4698350 0.6880782 0.0285844 0.0161825
13 0.4698350 0.7463353 0.0285844 0.0161825
30 0.6153554 0.6298211 0.0285844 0.0161825
18 0.5412959 0.5133068 0.0285844 0.0161825
15 0.3243147 0.4550496 0.0285844 0.0161826
2 0.4698350 0.5715639 0.0285844 0.0161826
16 0.6881155 0.7463353 0.0285844 0.0161825
12 0.7608757 0.5133068 0.0285844 0.0161825
8 0.6153554 0.4550496 0.0285844 0.0161826
3 0.6881155 0.6298211 0.0285844 0.0161825
8 0.7608757 0.5715639 0.0285844 0.0161826
13 0.3243147 0.6298211 0.0285844 0.0161825
15 0.6153554 0.5715639 0.0285844 0.0161826
26 0.5412959 0.6298211 0.0285844 0.0161825
2 0.3243147 0.5133068 0.0285844 0.0161825
5 0.3970748 0.7463353 0.0285843 0.0161825
7 0.6153554 0.5133068 0.0285844 0.0161825
1 0.4698350 0.6298211 0.0285844 0.0161825
26 0.7608757 0.7463353 0.0285844 0.0161825
31 0.6881155 0.5133068 0.0285844 0.0161825
26 0.6881155 0.4550496 0.0285844 0.0161826
11 0.3970748 0.4550496 0.0285843 0.0161826
17 0.6153554 0.7463353 0.0285844 0.0161825
14 0.7608757 0.6880782 0.0285844 0.0161825
8 0.7608757 0.4550496 0.0285844 0.0161826
16 0.6881155 0.5715639 0.0285844 0.0161826
4 0.5412959 0.6880782 0.0285844 0.0161825
14 0.3970748 0.5133068 0.0285843 0.0161825
