7 0.6008145 0.6702131 0.0262501 0.0162412
5 0.5339961 0.6117449 0.0262501 0.0162412
32 0.4689675 0.5581489 0.4832403 0.4157744
33 0.4677743 0.3784132 0.4378992 0.0151585
34 0.6676329 0.7281401 0.0620457 0.0584683
1 0.6676329 0.7286814 0.0262501 0.0162412
29 0.5339961 0.4948083 0.0262501 0.0162412
6 0.5339961 0.5532766 0.0262501 0.0162413
9 0.6008145 0.4363401 0.0262501 0.0162412
26 0.4003593 0.4948083 0.0262501 0.0162412
31 0.5339961 0.6702131 0.0262501 0.0162412
19 0.4003593 0.5532766 0.0262501 0.0162413
1 0.3335409 0.7286814 0.0262501 0.0162412
9 0.3335409 0.4948083 0.0262501 0.0162412
18 0.4659845 0.5532766 0.0262501 0.0162413
12 0.6676329 0.4363401 0.0262501 0.0162412
30 0.3335409 0.6117449 0.0262501 0.0162412
11 0.5339961 0.7286814 0.0262501 0.0162412
10 0.4659845 0.7286814 0.0262501 0.0162412
9 0.6008145 0.7286814 0.0262501 0.0162412
7 0.5339961 0.4363401 0.0262501 0.0162412
3 0.2667225 0.6702131 0.0262501 0.0162412
29 0.4659845 0.6117449 0.0262501 0.0162412
15 0.2667225 0.4363401 0.0262501 0.0162412
18 0.6676329 0.6117449 0.0262501 0.0162412
8 0.2667225 0.7286814 0.0262501 0.0162412
5 0.6008145 0.4948083 0.0262501 0.0162412
17 0.4003593 0.7286814 0.0262501 0.0162412
5 0.4003593 0.4363401 0.0262501 0.0162412
1 0.2667225 0.6117449 0.0262501 0.0162412
19 0.4003593 0.6702131 0.0262501 0.0162412
14 0.6676329 0.5532766 0.0262501 0.0162413
5 0.3335409 0.4363401 0.0262501 0.0162412
31 0.4659845 0.4948083 0.0262501 0.0162412
28 0.6676329 0.6702131 0.0262501 0.0162412
9 0.4003593 0.6117449 0.0262501 0.0162412
14 0.6676329 0.4948083 0.0262501 0.0162412
8 0.3335409 0.6702131 0.0262501 0.0162412
13 0.4659845 0.4363401 0.0262501 0.0162412
12 0.3335409 0.5532766 0.0262501 0.0162413
1 0.2667225 0.4948083 0.0262501 0.0162412
14 0.4659845 0.6702131 0.0262501 0.0162412
16 0.6008145 0.5532766 0.0262501 0.0162413
27 0.6008145 0.6117449 0.0262501 0.0162412
22 0.2667225 0.5532766 0.0262501 0.0162413
