2 0.2607769 0.6053459 0.0285299 0.0174281
18 0.4060202 0.4798637 0.0285299 0.0174281
32 0.4805870 0.4223510 0.5252099 0.4461592
33 0.4792902 0.2294801 0.4759309 0.0162662
34 0.4060201 0.2910594 0.0674343 0.0627411
27 0.4060202 0.2916403 0.0285299 0.0174281
8 0.3333985 0.5426048 0.0285299 0.0174281
2 0.5512634 0.3543814 0.0285299 0.0174281
10 0.6238850 0.4171226 0.0285299 0.0174280
31 0.3333985 0.3543814 0.0285299 0.0174281
31 0.6238850 0.5426048 0.0285299 0.0174281
19 0.4773450 0.6053459 0.0285299 0.0174281
30 0.6965067 0.4171226 0.0285299 0.0174280
6 0.5512634 0.5426048 0.0285299 0.0174281
30 0.4773450 0.5426048 0.0285299 0.0174281
29 0.6965067 0.2916403 0.0285299 0.0174281
16 0.6965067 0.6053459 0.0285299 0.0174281
18 0.3333985 0.2916403 0.0285299 0.0174281
18 0.4773450 0.2916403 0.0285299 0.0174281
3 0.6965067 0.4798637 0.0285299 0.0174281
18 0.4773450 0.3543814 0.0285299 0.0174281
2 0.3333985 0.6053459 0.0285299 0.0174281
13 0.2607769 0.5426048 0.0285299 0.0174281
14 0.6238850 0.3543814 0.0285299 0.0174281
5 0.4060202 0.6053459 0.0285299 0.0174281
4 0.6238850 0.4798637 0.0285299 0.0174281
8 0.3333985 0.4798637 0.0285299 0.0174281
27 0.2607769 0.2916403 0.0285299 0.0174281
31 0.5512634 0.2916403 0.0285299 0.0174281
21 0.6965067 0.3543814 0.0285299 0.0174281
1 0.4060202 0.3543814 0.0285299 0.0174281
29 0.5512634 0.6053459 0.0285299 0.0174281
20 0.3333985 0.4171226 0.0285299 0.0174280
19 0.2607769 0.3543814 0.0285299 0.0174281
30 0.5512634 0.4171226 0.0285299 0.0174280
27 0.4773450 0.4798637 0.0285299 0.0174281
30 0.6965067 0.5426048 0.0285299 0.0174281
6 0.4773450 0.4171226 0.0285299 0.0174280
1 0.2607769 0.4171226 0.0285299 0.0174280
17 0.6238850 0.2916403 0.0285299 0.0174281
27 0.4060202 0.4171226 0.0285299 0.0174280
14 0.5512634 0.4798637 0.0285299 0.0174281
21 0.4060202 0.5426048 0.0285299 0.0174281
13 0.6238850 0.6053459 0.0285299 0.0174281
29 0.2607769 0.4798637 0.0285299 0.0174281
