6 0.4046008 0.4034177 0.0281976 0.0171413
22 0.3328250 0.4651265 0.0281977 0.0171413
32 0.4782993 0.4085601 0.5190931 0.4388184
33 0.4770175 0.2188625 0.4703880 0.0159986
34 0.5475116 0.5262640 0.0679307 0.0617088
20 0.5481525 0.5268354 0.0281976 0.0171413
18 0.6199283 0.2800000 0.0281977 0.0171414
22 0.4750949 0.3417088 0.0281977 0.0171414
18 0.3328250 0.2800000 0.0281977 0.0171414
3 0.4750949 0.2800000 0.0281977 0.0171414
3 0.6917041 0.5268354 0.0281976 0.0171413
30 0.2610492 0.5885442 0.0281977 0.0171413
26 0.6199283 0.5885442 0.0281977 0.0171413
19 0.4046008 0.3417088 0.0281976 0.0171414
24 0.6917041 0.2800000 0.0281976 0.0171414
1 0.4046008 0.2800000 0.0281976 0.0171414
1 0.6199283 0.5268354 0.0281977 0.0171413
8 0.3328250 0.3417088 0.0281977 0.0171414
27 0.5481525 0.5885442 0.0281976 0.0171413
18 0.6917041 0.4651265 0.0281976 0.0171413
7 0.4750949 0.4651265 0.0281977 0.0171413
2 0.4046008 0.5885442 0.0281976 0.0171413
14 0.4750949 0.5885442 0.0281977 0.0171413
6 0.4750949 0.5268354 0.0281977 0.0171413
15 0.6199283 0.4651265 0.0281977 0.0171413
17 0.4750949 0.4034177 0.0281977 0.0171413
3 0.2610492 0.4034177 0.0281977 0.0171413
7 0.5481525 0.4651265 0.0281976 0.0171413
18 0.3328250 0.4034177 0.0281977 0.0171413
15 0.6199283 0.4034177 0.0281977 0.0171413
11 0.3328250 0.5885442 0.0281977 0.0171413
4 0.6917041 0.3417088 0.0281976 0.0171414
7 0.6917041 0.5885442 0.0281976 0.0171413
3 0.2610492 0.5268354 0.0281977 0.0171413
25 0.6199283 0.3417088 0.0281977 0.0171414
12 0.6917041 0.4034177 0.0281976 0.0171413
5 0.5481525 0.2800000 0.0281976 0.0171414
31 0.5481525 0.4034177 0.0281976 0.0171413
12 0.5481525 0.3417088 0.0281976 0.0171414
4 0.3328250 0.5268354 0.0281977 0.0171413
15 0.2610492 0.3417088 0.0281977 0.0171414
30 0.4046008 0.5268354 0.0281976 0.0171413
3 0.4046008 0.4651265 0.0281976 0.0171413
5 0.2610492 0.2800000 0.0281977 0.0171414
27 0.2610492 0.4651265 0.0281977 0.0171413
