18 0.4660473 0.3602726 0.0275312 0.0166616
17 0.3258886 0.4802366 0.0275312 0.0166617
32 0.3978450 0.3652711 0.5068240 0.4265389
33 0.3965936 0.1808819 0.4592701 0.0155509
34 0.1857298 0.5396633 0.0650737 0.0599821
18 0.1857298 0.5402187 0.0275312 0.0166617
24 0.2558092 0.2403085 0.0275312 0.0166616
18 0.6062061 0.2403085 0.0275312 0.0166616
31 0.1857298 0.3602726 0.0275312 0.0166616
16 0.2558092 0.4802366 0.0275312 0.0166617
22 0.5361266 0.4202546 0.0275312 0.0166617
18 0.4660473 0.2403085 0.0275312 0.0166616
9 0.3258886 0.3602726 0.0275312 0.0166616
27 0.6062061 0.3602726 0.0275312 0.0166616
14 0.6062061 0.3002905 0.0275312 0.0166616
15 0.5361266 0.5402187 0.0275312 0.0166617
10 0.3947165 0.3602726 0.0275312 0.0166616
31 0.5361266 0.4802366 0.0275312 0.0166617
15 0.3947165 0.2403085 0.0275312 0.0166616
5 0.5361266 0.2403085 0.0275312 0.0166616
10 0.6062061 0.4202546 0.0275312 0.0166617
2 0.4660473 0.5402187 0.0275312 0.0166617
19 0.1857298 0.4202546 0.0275312 0.0166617
9 0.1857298 0.3002905 0.0275312 0.0166616
1 0.5361266 0.3602726 0.0275312 0.0166616
8 0.3258886 0.2403085 0.0275312 0.0166616
30 0.2558092 0.3602726 0.0275312 0.0166616
4 0.3947165 0.4202546 0.0275312 0.0166617
21 0.3258886 0.4202546 0.0275312 0.0166617
21 0.2558092 0.5402187 0.0275312 0.0166617
21 0.2558092 0.3002905 0.0275312 0.0166616
6 0.1857298 0.2403085 0.0275312 0.0166616
5 0.5361266 0.3002905 0.0275312 0.0166616
31 0.3947165 0.4802366 0.0275312 0.0166617
10 0.4660473 0.4202546 0.0275312 0.0166617
20 0.3258886 0.3002905 0.0275312 0.0166616
15 0.3947165 0.3002905 0.0275312 0.0166616
24 0.4660473 0.4802366 0.0275312 0.0166617
29 0.2558092 0.4202546 0.0275312 0.0166617
8 0.4660473 0.3002905 0.0275312 0.0166616
18 0.6062061 0.4802366 0.0275312 0.0166617
17 0.1857298 0.4802366 0.0275312 0.0166617
30 0.3258886 0.5402187 0.0275312 0.0166617
18 0.3947165 0.5402187 0.0275312 0.0166617
31 0.6062061 0.5402187 0.0275312 0.0166617
