13 0.6278297 0.3959435 0.0273593 0.0159189
14 0.7671136 0.3386354 0.0273593 0.0159189
32 0.5600533 0.4007192 0.5036605 0.4075245
33 0.5588097 0.2245497 0.4564035 0.0148577
34 0.6272080 0.2807966 0.0659112 0.0573081
10 0.6278297 0.2813272 0.0273593 0.0159189
21 0.3492620 0.2813272 0.0273593 0.0159189
30 0.6974718 0.5678680 0.0273594 0.0159189
20 0.6974718 0.3386354 0.0273594 0.0159189
1 0.4885459 0.4532517 0.0273594 0.0159189
14 0.4189040 0.2813272 0.0273594 0.0159189
28 0.5569442 0.3959435 0.0273594 0.0159189
19 0.5569442 0.5105598 0.0273594 0.0159189
28 0.3492620 0.4532517 0.0273593 0.0159189
29 0.7671136 0.4532517 0.0273593 0.0159189
7 0.4189040 0.3386354 0.0273594 0.0159189
26 0.5569442 0.2813272 0.0273594 0.0159189
19 0.4885459 0.3386354 0.0273594 0.0159189
28 0.4189040 0.5105598 0.0273594 0.0159189
2 0.3492620 0.3386354 0.0273593 0.0159189
20 0.6278297 0.3386354 0.0273593 0.0159189
28 0.7671136 0.3959435 0.0273593 0.0159189
10 0.4189040 0.5678680 0.0273594 0.0159189
3 0.4189040 0.4532517 0.0273594 0.0159189
10 0.4885459 0.5105598 0.0273594 0.0159189
7 0.3492620 0.3959435 0.0273593 0.0159189
25 0.6278297 0.5678680 0.0273593 0.0159189
1 0.6974718 0.3959435 0.0273594 0.0159189
5 0.6278297 0.4532517 0.0273593 0.0159189
30 0.4885459 0.5678680 0.0273594 0.0159189
26 0.7671136 0.5678680 0.0273593 0.0159189
10 0.4189040 0.3959435 0.0273594 0.0159189
3 0.3492620 0.5678680 0.0273593 0.0159189
29 0.5569442 0.5678680 0.0273594 0.0159189
13 0.7671136 0.5105598 0.0273593 0.0159189
20 0.5569442 0.4532517 0.0273594 0.0159189
18 0.4885459 0.2813272 0.0273594 0.0159189
20 0.4885459 0.3959435 0.0273594 0.0159189
24 0.6974718 0.5105598 0.0273594 0.0159189
5 0.6974718 0.2813272 0.0273594 0.0159189
24 0.7671136 0.2813272 0.0273593 0.0159189
30 0.6974718 0.4532517 0.0273594 0.0159189
21 0.5569442 0.3386354 0.0273594 0.0159189
3 0.3492620 0.5105598 0.0273593 0.0159189
16 0.6278297 0.5105598 0.0273593 0.0159189
