4 0.6923005 0.5658459 0.0285072 0.0162670
4 0.4746085 0.3901622 0.0285073 0.0162670
32 0.6216802 0.4536035 0.5247933 0.4164354
33 0.6203844 0.2735820 0.4755534 0.0151825
34 0.6184407 0.3310588 0.0673808 0.0585612
14 0.6184407 0.3316010 0.0285073 0.0162670
1 0.6923005 0.5072846 0.0285072 0.0162670
25 0.8374285 0.3316010 0.0285072 0.0162670
25 0.4020444 0.4487234 0.0285073 0.0162670
26 0.6923005 0.3901622 0.0285072 0.0162670
8 0.6184407 0.3901622 0.0285073 0.0162670
7 0.4020444 0.3901622 0.0285073 0.0162670
12 0.5471725 0.4487234 0.0285073 0.0162670
17 0.8374285 0.6244071 0.0285072 0.0162670
26 0.5471725 0.3316010 0.0285073 0.0162670
24 0.6923005 0.4487234 0.0285072 0.0162670
9 0.7648645 0.6244071 0.0285073 0.0162670
6 0.6184407 0.5658459 0.0285073 0.0162670
12 0.4746085 0.4487234 0.0285073 0.0162670
25 0.5471725 0.5658459 0.0285073 0.0162670
26 0.5471725 0.5072846 0.0285073 0.0162670
9 0.4020444 0.5658459 0.0285073 0.0162670
10 0.4746085 0.5658459 0.0285073 0.0162670
13 0.6184407 0.5072846 0.0285073 0.0162670
26 0.7648645 0.4487234 0.0285073 0.0162670
18 0.8374285 0.5658459 0.0285072 0.0162670
14 0.7648645 0.5072846 0.0285073 0.0162670
25 0.8374285 0.4487234 0.0285072 0.0162670
27 0.6923005 0.3316010 0.0285072 0.0162670
25 0.4020444 0.3316010 0.0285073 0.0162670
4 0.4020444 0.5072846 0.0285073 0.0162670
16 0.4746085 0.6244071 0.0285073 0.0162670
22 0.7648645 0.3316010 0.0285073 0.0162670
30 0.6923005 0.6244071 0.0285072 0.0162670
25 0.7648645 0.3901622 0.0285073 0.0162670
14 0.4020444 0.6244071 0.0285073 0.0162670
10 0.6184407 0.6244071 0.0285073 0.0162670
25 0.7648645 0.5658459 0.0285073 0.0162670
3 0.8374285 0.3901622 0.0285072 0.0162670
4 0.8374285 0.5072846 0.0285072 0.0162670
25 0.4746085 0.5072846 0.0285073 0.0162670
27 0.4746085 0.3316010 0.0285073 0.0162670
14 0.5471725 0.3901622 0.0285073 0.0162670
6 0.5471725 0.6244071 0.0285073 0.0162670
31 0.6184407 0.4487234 0.0285073 0.0162670
