15 0.4749207 0.3966136 0.0276279 0.0174957
15 0.6155721 0.6485511 0.0276279 0.0174957
32 0.4064787 0.4648467 0.5086054 0.4478890
33 0.4052229 0.2712280 0.4608844 0.0163293
34 0.2633157 0.4590148 0.0640466 0.0629844
2 0.2639436 0.4595980 0.0276279 0.0174957
5 0.4749207 0.4595980 0.0276279 0.0174957
6 0.1936179 0.3966136 0.0276279 0.0174957
1 0.5452464 0.3336292 0.0276279 0.0174957
17 0.1936179 0.5855667 0.0276279 0.0174957
28 0.6155721 0.3336292 0.0276279 0.0174957
16 0.1936179 0.5225823 0.0276279 0.0174957
22 0.4033392 0.5855667 0.0276280 0.0174957
20 0.1936179 0.4595980 0.0276279 0.0174957
10 0.2639436 0.3966136 0.0276279 0.0174957
30 0.4033392 0.5225823 0.0276280 0.0174957
20 0.6155721 0.5225823 0.0276279 0.0174957
19 0.4033392 0.3966136 0.0276280 0.0174957
30 0.2639436 0.3336292 0.0276279 0.0174957
22 0.3342693 0.4595980 0.0276279 0.0174957
16 0.6155721 0.5855667 0.0276279 0.0174957
16 0.4033392 0.4595980 0.0276280 0.0174957
15 0.1936179 0.3336292 0.0276279 0.0174957
27 0.4749207 0.3336292 0.0276279 0.0174957
29 0.3342693 0.3336292 0.0276279 0.0174957
17 0.3342693 0.6485511 0.0276279 0.0174957
11 0.3342693 0.3966136 0.0276279 0.0174957
3 0.3342693 0.5855667 0.0276279 0.0174957
29 0.5452464 0.5855667 0.0276279 0.0174957
22 0.2639436 0.5855667 0.0276279 0.0174957
28 0.6155721 0.3966136 0.0276279 0.0174957
26 0.2639436 0.5225823 0.0276279 0.0174957
24 0.5452464 0.5225823 0.0276279 0.0174957
17 0.5452464 0.6485511 0.0276279 0.0174957
20 0.6155721 0.4595980 0.0276279 0.0174957
30 0.4033392 0.3336292 0.0276280 0.0174957
1 0.2639436 0.6485511 0.0276279 0.0174957
1 0.4749207 0.5225823 0.0276279 0.0174957
29 0.4749207 0.6485511 0.0276279 0.0174957
11 0.4033392 0.6485511 0.0276280 0.0174957
31 0.5452464 0.3966136 0.0276279 0.0174957
4 0.1936179 0.6485511 0.0276279 0.0174957
31 0.3342693 0.5225823 0.0276279 0.0174957
9 0.5452464 0.4595980 0.0276279 0.0174957
11 0.4749207 0.5855667 0.0276279 0.0174957
