27 0.7093577 0.4735137 0.0275945 0.0168671
3 0.3581554 0.4735137 0.0275945 0.0168671
32 0.5005178 0.4785738 0.5079891 0.4317970
33 0.4992635 0.2919116 0.4603259 0.0157426
34 0.4973820 0.4122300 0.0652233 0.0607214
11 0.4973820 0.4127923 0.0275945 0.0168671
10 0.5688768 0.5342351 0.0275945 0.0168671
24 0.6391173 0.4127923 0.0275945 0.0168671
2 0.4283958 0.5949566 0.0275945 0.0168671
28 0.4283958 0.5342351 0.0275945 0.0168671
11 0.7093577 0.6556780 0.0275945 0.0168671
2 0.5688768 0.4735137 0.0275945 0.0168671
25 0.4283958 0.4127923 0.0275945 0.0168671
18 0.4283958 0.3520708 0.0275945 0.0168671
5 0.5688768 0.5949566 0.0275945 0.0168671
29 0.4283958 0.6556780 0.0275945 0.0168671
8 0.2879149 0.3520708 0.0275945 0.0168671
1 0.5688768 0.6556780 0.0275945 0.0168671
22 0.3581554 0.4127923 0.0275945 0.0168671
10 0.4973820 0.4735137 0.0275945 0.0168671
16 0.2879149 0.4127923 0.0275945 0.0168671
30 0.3581554 0.5949566 0.0275945 0.0168671
8 0.2879149 0.5342351 0.0275945 0.0168671
22 0.4973820 0.3520708 0.0275945 0.0168671
3 0.2879149 0.4735137 0.0275945 0.0168671
6 0.3581554 0.6556780 0.0275945 0.0168671
31 0.2879149 0.5949566 0.0275945 0.0168671
28 0.3581554 0.5342351 0.0275945 0.0168671
25 0.3581554 0.3520708 0.0275945 0.0168671
1 0.7093577 0.3520708 0.0275945 0.0168671
25 0.6391173 0.4735137 0.0275945 0.0168671
21 0.5688768 0.4127923 0.0275945 0.0168671
1 0.4973820 0.5949566 0.0275945 0.0168671
12 0.7093577 0.4127923 0.0275945 0.0168671
30 0.4973820 0.6556780 0.0275945 0.0168671
5 0.6391173 0.5949566 0.0275945 0.0168671
20 0.6391173 0.3520708 0.0275945 0.0168671
29 0.5688768 0.3520708 0.0275945 0.0168671
31 0.2879149 0.6556780 0.0275945 0.0168671
6 0.6391173 0.6556780 0.0275945 0.0168671
28 0.7093577 0.5342351 0.0275945 0.0168671
12 0.4283958 0.4735137 0.0275945 0.0168671
31 0.6391173 0.5342351 0.0275945 0.0168671
17 0.7093577 0.5949566 0.0275945 0.0168671
19 0.4973820 0.5342351 0.0275945 0.0168671
