26 0.4176266 0.5074533 0.0272173 0.0169489
29 0.5561872 0.8125333 0.0272173 0.0169489
32 0.3502020 0.6345700 0.5010451 0.4338914
33 0.3489649 0.4470024 0.4540334 0.0158190
34 0.2091671 0.6899363 0.0630946 0.0610160
28 0.2097857 0.6905013 0.0272173 0.0169488
18 0.3471091 0.5074533 0.0272173 0.0169489
5 0.2790660 0.5684693 0.0272173 0.0169489
25 0.5561872 0.7515173 0.0272173 0.0169489
7 0.1405054 0.6905013 0.0272173 0.0169488
24 0.5561872 0.5074533 0.0272173 0.0169489
16 0.5561872 0.6905013 0.0272173 0.0169488
21 0.5561872 0.5684693 0.0272173 0.0169489
3 0.1405054 0.5684693 0.0272173 0.0169489
8 0.5561872 0.6294853 0.0272173 0.0169489
3 0.4176266 0.8125333 0.0272173 0.0169489
17 0.4176266 0.5684693 0.0272173 0.0169489
3 0.3471091 0.6294853 0.0272173 0.0169489
31 0.3471091 0.5684693 0.0272173 0.0169489
11 0.1405054 0.8125333 0.0272173 0.0169489
30 0.2790660 0.7515173 0.0272173 0.0169489
19 0.4869069 0.5074533 0.0272173 0.0169489
30 0.2097857 0.5684693 0.0272173 0.0169489
22 0.2790660 0.6905013 0.0272173 0.0169488
2 0.2790660 0.8125333 0.0272173 0.0169489
7 0.2790660 0.6294853 0.0272173 0.0169489
5 0.4869069 0.8125333 0.0272173 0.0169489
28 0.1405054 0.6294853 0.0272173 0.0169489
18 0.4176266 0.6905013 0.0272173 0.0169488
1 0.1405054 0.7515173 0.0272173 0.0169489
11 0.4869069 0.6294853 0.0272173 0.0169489
27 0.1405054 0.5074533 0.0272173 0.0169489
24 0.4869069 0.6905013 0.0272173 0.0169488
31 0.4176266 0.7515173 0.0272173 0.0169489
15 0.2097857 0.5074533 0.0272173 0.0169489
8 0.2097857 0.6294853 0.0272173 0.0169489
21 0.3471091 0.8125333 0.0272173 0.0169489
13 0.3471091 0.7515173 0.0272173 0.0169489
1 0.2790660 0.5074533 0.0272173 0.0169489
14 0.2097857 0.8125333 0.0272173 0.0169489
17 0.2097857 0.7515173 0.0272173 0.0169489
21 0.4869069 0.7515173 0.0272173 0.0169489
14 0.3471091 0.6905013 0.0272173 0.0169488
26 0.4176266 0.6294853 0.0272173 0.0169489
20 0.4869069 0.5684693 0.0272173 0.0169489
