2 0.4190233 0.6131517 0.0265767 0.0164617
16 0.4190233 0.4353650 0.0265767 0.0164617
32 0.6237849 0.5588280 0.4892534 0.4214203
33 0.6225769 0.3766515 0.4433482 0.0153643
34 0.7566685 0.5533408 0.0616096 0.0592622
16 0.7572725 0.5538895 0.0265768 0.0164617
9 0.8249223 0.4353650 0.0265768 0.0164617
6 0.4866731 0.4946273 0.0265767 0.0164617
26 0.6896227 0.7316762 0.0265768 0.0164617
1 0.5543230 0.4353650 0.0265767 0.0164617
5 0.6207648 0.7316762 0.0265767 0.0164617
5 0.6207648 0.4353650 0.0265767 0.0164617
2 0.6896227 0.5538895 0.0265768 0.0164617
21 0.7572725 0.4353650 0.0265768 0.0164617
7 0.7572725 0.4946273 0.0265768 0.0164617
12 0.6896227 0.6724139 0.0265768 0.0164617
13 0.6896227 0.4946273 0.0265768 0.0164617
24 0.7572725 0.6724139 0.0265768 0.0164617
8 0.6207648 0.5538895 0.0265767 0.0164617
11 0.5543230 0.6724139 0.0265767 0.0164617
15 0.5543230 0.6131517 0.0265767 0.0164617
14 0.5543230 0.5538895 0.0265767 0.0164617
26 0.8249223 0.4946273 0.0265768 0.0164617
10 0.4190233 0.5538895 0.0265767 0.0164617
22 0.4866731 0.4353650 0.0265767 0.0164617
21 0.4866731 0.7316762 0.0265767 0.0164617
10 0.6207648 0.4946273 0.0265767 0.0164617
17 0.5543230 0.7316762 0.0265767 0.0164617
18 0.4190233 0.4946273 0.0265767 0.0164617
19 0.6207648 0.6131517 0.0265767 0.0164617
29 0.6896227 0.6131517 0.0265768 0.0164617
15 0.4866731 0.5538895 0.0265767 0.0164617
10 0.8249223 0.7316762 0.0265768 0.0164617
26 0.8249223 0.5538895 0.0265768 0.0164617
22 0.8249223 0.6724139 0.0265768 0.0164617
24 0.4866731 0.6724139 0.0265767 0.0164617
12 0.7572725 0.6131517 0.0265768 0.0164617
7 0.6896227 0.4353650 0.0265768 0.0164617
27 0.7572725 0.7316762 0.0265768 0.0164617
6 0.4190233 0.7316762 0.0265767 0.0164617
13 0.5543230 0.4946273 0.0265767 0.0164617
27 0.4190233 0.6724139 0.0265767 0.0164617
17 0.6207648 0.6724139 0.0265767 0.0164617
21 0.8249223 0.6131517 0.0265768 0.0164617
12 0.4866731 0.6131517 0.0265767 0.0164617
