17 0.2867374 0.5913081 0.0276341 0.0173074
11 0.3570789 0.6536148 0.0276342 0.0173074
32 0.4996460 0.5965003 0.5087196 0.4430700
33 0.4983899 0.4049649 0.4609880 0.0161536
34 0.2867374 0.4661178 0.0653171 0.0623067
16 0.2867374 0.4666947 0.0276341 0.0173074
26 0.2867374 0.7782283 0.0276341 0.0173074
21 0.4274203 0.7159216 0.0276342 0.0173074
1 0.6384448 0.4666947 0.0276341 0.0173074
27 0.4274203 0.6536148 0.0276342 0.0173074
15 0.7087863 0.7159216 0.0276341 0.0173074
18 0.4965057 0.4666947 0.0276342 0.0173074
6 0.3570789 0.7782283 0.0276342 0.0173074
15 0.2867374 0.5290014 0.0276341 0.0173074
28 0.7087863 0.7782283 0.0276341 0.0173074
11 0.7087863 0.4666947 0.0276341 0.0173074
21 0.6384448 0.5290014 0.0276341 0.0173074
3 0.5681033 0.6536148 0.0276341 0.0173074
16 0.4965057 0.5913081 0.0276342 0.0173074
11 0.4965057 0.6536148 0.0276342 0.0173074
28 0.5681033 0.7159216 0.0276341 0.0173074
1 0.5681033 0.5913081 0.0276341 0.0173074
16 0.6384448 0.6536148 0.0276341 0.0173074
5 0.6384448 0.7159216 0.0276341 0.0173074
24 0.6384448 0.5913081 0.0276341 0.0173074
25 0.6384448 0.7782283 0.0276341 0.0173074
2 0.7087863 0.5290014 0.0276341 0.0173074
11 0.4274203 0.5913081 0.0276342 0.0173074
24 0.4274203 0.7782283 0.0276342 0.0173074
27 0.4965057 0.5290014 0.0276342 0.0173074
16 0.5681033 0.5290014 0.0276341 0.0173074
10 0.2867374 0.7159216 0.0276341 0.0173074
9 0.3570789 0.5913081 0.0276342 0.0173074
8 0.3570789 0.4666947 0.0276342 0.0173074
13 0.7087863 0.5913081 0.0276341 0.0173074
31 0.2867374 0.6536148 0.0276341 0.0173074
10 0.5681033 0.4666947 0.0276341 0.0173074
26 0.4274203 0.4666947 0.0276342 0.0173074
31 0.3570789 0.7159216 0.0276342 0.0173074
28 0.3570789 0.5290014 0.0276342 0.0173074
3 0.4274203 0.5290014 0.0276342 0.0173074
26 0.4965057 0.7782283 0.0276342 0.0173074
2 0.7087863 0.6536148 0.0276341 0.0173074
7 0.5681033 0.7782283 0.0276341 0.0173074
4 0.4965057 0.7159216 0.0276342 0.0173074
