26 0.5587522 0.3756392 0.0276857 0.0162890
3 0.3473345 0.4929203 0.0276857 0.0162891
32 0.4901673 0.3805259 0.5096676 0.4169995
33 0.4889088 0.2002605 0.4618469 0.0152031
34 0.2768620 0.3164557 0.0654388 0.0586406
15 0.2768620 0.3169986 0.0276857 0.0162890
10 0.2768620 0.5515609 0.0276857 0.0162891
29 0.4870212 0.4929203 0.0276856 0.0162891
21 0.4178071 0.4342798 0.0276857 0.0162890
24 0.4178071 0.2583581 0.0276857 0.0162891
11 0.4870212 0.3169986 0.0276856 0.0162890
4 0.6292247 0.3756392 0.0276856 0.0162890
7 0.6996973 0.4929203 0.0276856 0.0162891
3 0.2768620 0.4342798 0.0276857 0.0162890
2 0.6996973 0.2583581 0.0276856 0.0162891
14 0.2768620 0.2583581 0.0276857 0.0162891
4 0.2768620 0.4929203 0.0276857 0.0162891
17 0.4870212 0.5515609 0.0276856 0.0162891
21 0.3473345 0.3169986 0.0276857 0.0162890
13 0.5587522 0.2583581 0.0276857 0.0162891
7 0.6292247 0.4342798 0.0276856 0.0162890
5 0.6996973 0.4342798 0.0276856 0.0162890
12 0.4870212 0.4342798 0.0276856 0.0162890
18 0.6996973 0.5515609 0.0276856 0.0162891
17 0.4870212 0.2583581 0.0276856 0.0162891
9 0.5587522 0.5515609 0.0276857 0.0162891
16 0.2768620 0.3756392 0.0276857 0.0162890
6 0.4178071 0.4929203 0.0276857 0.0162891
4 0.5587522 0.4929203 0.0276857 0.0162891
21 0.6292247 0.5515609 0.0276856 0.0162891
31 0.6292247 0.2583581 0.0276856 0.0162891
7 0.3473345 0.2583581 0.0276857 0.0162891
10 0.3473345 0.3756392 0.0276857 0.0162890
1 0.5587522 0.4342798 0.0276857 0.0162890
31 0.5587522 0.3169986 0.0276857 0.0162890
13 0.4870212 0.3756392 0.0276856 0.0162890
3 0.6292247 0.3169986 0.0276856 0.0162890
2 0.4178071 0.3756392 0.0276857 0.0162890
19 0.6996973 0.3169986 0.0276856 0.0162890
3 0.4178071 0.3169986 0.0276857 0.0162890
26 0.6292247 0.4929203 0.0276856 0.0162891
27 0.3473345 0.5515609 0.0276857 0.0162891
5 0.3473345 0.4342798 0.0276857 0.0162890
26 0.4178071 0.5515609 0.0276857 0.0162891
30 0.6996973 0.3756392 0.0276856 0.0162890
