2 0.2696996 0.5257812 0.0280762 0.0174316
20 0.5555663 0.5257812 0.0280762 0.0174316
32 0.4860139 0.3427497 0.5168571 0.4462484
33 0.4847377 0.1498402 0.4683618 0.0162695
34 0.2696996 0.3369391 0.0663619 0.0627537
15 0.2696996 0.3375202 0.0280762 0.0174316
15 0.3411663 0.4002739 0.0280762 0.0174316
6 0.4126330 0.3375202 0.0280762 0.0174316
30 0.3411663 0.2120128 0.0280762 0.0174316
10 0.3411663 0.3375202 0.0280762 0.0174316
30 0.6270329 0.4630276 0.0280762 0.0174316
20 0.3411663 0.5257812 0.0280762 0.0174316
4 0.5555663 0.3375202 0.0280762 0.0174316
14 0.5555663 0.2747665 0.0280762 0.0174316
16 0.5555663 0.4002739 0.0280762 0.0174316
17 0.4126330 0.2120128 0.0280762 0.0174316
10 0.6270329 0.5257812 0.0280762 0.0174316
22 0.6984996 0.5257812 0.0280762 0.0174316
3 0.4126330 0.4002739 0.0280762 0.0174316
28 0.4828234 0.3375202 0.0280762 0.0174316
3 0.6270329 0.3375202 0.0280762 0.0174316
21 0.6984996 0.2747665 0.0280762 0.0174316
2 0.6984996 0.4002739 0.0280762 0.0174316
14 0.2696996 0.2120128 0.0280762 0.0174316
20 0.6984996 0.3375202 0.0280762 0.0174316
12 0.4126330 0.5257812 0.0280762 0.0174316
10 0.6270329 0.2120128 0.0280762 0.0174316
5 0.4828234 0.5257812 0.0280762 0.0174316
22 0.6270329 0.4002739 0.0280762 0.0174316
28 0.4828234 0.4630276 0.0280762 0.0174316
8 0.6270329 0.2747665 0.0280762 0.0174316
21 0.2696996 0.4630276 0.0280762 0.0174316
11 0.3411663 0.4630276 0.0280762 0.0174316
27 0.4828234 0.4002739 0.0280762 0.0174316
13 0.3411663 0.2747665 0.0280762 0.0174316
14 0.5555663 0.2120128 0.0280762 0.0174316
20 0.2696996 0.4002739 0.0280762 0.0174316
9 0.6984996 0.4630276 0.0280762 0.0174316
11 0.4126330 0.4630276 0.0280762 0.0174316
31 0.4828234 0.2120128 0.0280762 0.0174316
26 0.5555663 0.4630276 0.0280762 0.0174316
30 0.2696996 0.2747665 0.0280762 0.0174316
4 0.4126330 0.2747665 0.0280762 0.0174316
2 0.4828234 0.2747665 0.0280762 0.0174316
8 0.6984996 0.2120128 0.0280762 0.0174316
