19 0.5046081 0.7437518 0.0272178 0.0162189
24 0.6431714 0.5102000 0.0272178 0.0162189
32 0.5757455 0.5734536 0.5010548 0.4152033
33 0.5745083 0.3939647 0.4540423 0.0151376
34 0.7817348 0.6264353 0.0643330 0.0583879
13 0.7817348 0.6269759 0.0272178 0.0162188
14 0.7817348 0.6853638 0.0272178 0.0162189
22 0.5726525 0.6269759 0.0272178 0.0162188
18 0.3660447 0.7437518 0.0272178 0.0162189
13 0.3660447 0.5102000 0.0272178 0.0162189
2 0.3660447 0.6853638 0.0272178 0.0162189
3 0.7124531 0.4518120 0.0272179 0.0162189
20 0.6431714 0.6269759 0.0272178 0.0162188
1 0.7817348 0.5102000 0.0272178 0.0162189
13 0.7124531 0.6269759 0.0272179 0.0162188
29 0.3660447 0.5685879 0.0272178 0.0162188
2 0.4353264 0.5102000 0.0272178 0.0162189
29 0.6431714 0.4518120 0.0272178 0.0162189
10 0.5046081 0.6269759 0.0272178 0.0162188
13 0.7124531 0.5102000 0.0272179 0.0162189
10 0.6431714 0.5685879 0.0272178 0.0162188
31 0.7124531 0.5685879 0.0272179 0.0162188
14 0.4353264 0.4518120 0.0272178 0.0162189
13 0.4353264 0.7437518 0.0272178 0.0162189
30 0.4353264 0.6853638 0.0272178 0.0162189
17 0.3660447 0.4518120 0.0272178 0.0162189
3 0.7124531 0.6853638 0.0272179 0.0162189
26 0.5046081 0.6853638 0.0272178 0.0162189
18 0.7124531 0.7437518 0.0272179 0.0162189
16 0.5726525 0.5685879 0.0272178 0.0162188
27 0.3660447 0.6269759 0.0272178 0.0162188
26 0.7817348 0.4518120 0.0272178 0.0162189
12 0.5726525 0.4518120 0.0272178 0.0162189
30 0.7817348 0.5685879 0.0272178 0.0162188
6 0.5726525 0.6853638 0.0272178 0.0162189
29 0.5726525 0.5102000 0.0272178 0.0162189
18 0.5046081 0.4518120 0.0272178 0.0162189
16 0.6431714 0.6853638 0.0272178 0.0162189
18 0.7817348 0.7437518 0.0272178 0.0162189
10 0.5726525 0.7437518 0.0272178 0.0162189
9 0.5046081 0.5102000 0.0272178 0.0162189
1 0.5046081 0.5685879 0.0272178 0.0162188
17 0.4353264 0.5685879 0.0272178 0.0162188
28 0.6431714 0.7437518 0.0272178 0.0162189
27 0.4353264 0.6269759 0.0272178 0.0162188
