9 0.4023503 0.3373467 0.0272958 0.0168049
20 0.2633898 0.4583417 0.0272958 0.0168049
32 0.3347311 0.4633832 0.5024910 0.4302046
33 0.3334904 0.2774094 0.4553437 0.0156845
34 0.1244293 0.5182791 0.0645174 0.0604975
21 0.1244294 0.5188392 0.0272958 0.0168049
6 0.1244294 0.5793368 0.0272958 0.0168049
28 0.3316293 0.3373467 0.0272958 0.0168049
13 0.5413108 0.4583417 0.0272958 0.0168049
24 0.4718305 0.4583417 0.0272958 0.0168049
6 0.2633898 0.3373467 0.0272958 0.0168049
16 0.4718305 0.3373467 0.0272958 0.0168049
9 0.2633898 0.3978442 0.0272958 0.0168049
26 0.4718305 0.5188392 0.0272958 0.0168049
10 0.4023503 0.6398343 0.0272958 0.0168048
9 0.4718305 0.3978442 0.0272958 0.0168049
16 0.1939096 0.3978442 0.0272958 0.0168049
28 0.3316293 0.4583417 0.0272958 0.0168049
6 0.1939096 0.5188392 0.0272958 0.0168049
21 0.4023503 0.3978442 0.0272958 0.0168049
2 0.3316293 0.6398343 0.0272958 0.0168048
6 0.5413108 0.3373467 0.0272958 0.0168049
2 0.4023503 0.5793368 0.0272958 0.0168049
2 0.1939096 0.6398343 0.0272958 0.0168048
19 0.1939096 0.5793368 0.0272958 0.0168049
17 0.1244294 0.4583417 0.0272958 0.0168049
27 0.1244294 0.3373467 0.0272958 0.0168049
27 0.5413108 0.5793368 0.0272958 0.0168049
9 0.5413108 0.6398343 0.0272958 0.0168048
27 0.1939096 0.3373467 0.0272958 0.0168049
5 0.3316293 0.5793368 0.0272958 0.0168049
13 0.2633898 0.5793368 0.0272958 0.0168049
8 0.4023503 0.4583417 0.0272958 0.0168049
1 0.2633898 0.5188392 0.0272958 0.0168049
17 0.3316293 0.3978442 0.0272958 0.0168049
17 0.5413108 0.3978442 0.0272958 0.0168049
5 0.4718305 0.6398343 0.0272958 0.0168048
16 0.1244294 0.3978442 0.0272958 0.0168049
27 0.2633898 0.6398343 0.0272958 0.0168048
3 0.1939096 0.4583417 0.0272958 0.0168049
7 0.3316293 0.5188392 0.0272958 0.0168049
22 0.1244294 0.6398343 0.0272958 0.0168048
17 0.4023503 0.5188392 0.0272958 0.0168049
30 0.5413108 0.5188392 0.0272958 0.0168049
2 0.4718305 0.5793368 0.0272958 0.0168049
