4 0.4652397 0.4852615 0.0279350 0.0160332
14 0.5363467 0.3698226 0.0279349 0.0160332
32 0.6093584 0.4323520 0.5142564 0.4104494
33 0.6080887 0.2549182 0.4660052 0.0149643
34 0.5363467 0.6001659 0.0660280 0.0577195
27 0.5363467 0.6007004 0.0279349 0.0160332
24 0.4652397 0.3121032 0.0279350 0.0160332
13 0.7496680 0.6007004 0.0279349 0.0160332
21 0.4652397 0.5429810 0.0279350 0.0160331
25 0.6785609 0.6007004 0.0279350 0.0160332
14 0.6785609 0.4852615 0.0279350 0.0160332
21 0.8207750 0.4275421 0.0279349 0.0160332
15 0.6785609 0.4275421 0.0279350 0.0160332
29 0.3941326 0.5429810 0.0279349 0.0160331
3 0.8207750 0.3121032 0.0279349 0.0160332
22 0.4652397 0.6007004 0.0279350 0.0160332
14 0.3941326 0.3121032 0.0279349 0.0160332
27 0.3941326 0.4275421 0.0279349 0.0160332
21 0.3941326 0.6007004 0.0279349 0.0160332
22 0.7496680 0.4275421 0.0279349 0.0160332
18 0.7496680 0.3121032 0.0279349 0.0160332
18 0.6061840 0.6007004 0.0279350 0.0160332
22 0.4652397 0.4275421 0.0279350 0.0160332
28 0.4652397 0.3698226 0.0279350 0.0160332
22 0.3941326 0.4852615 0.0279349 0.0160332
18 0.7496680 0.3698226 0.0279349 0.0160332
28 0.6061840 0.4275421 0.0279350 0.0160332
31 0.6061840 0.3698226 0.0279350 0.0160332
28 0.5363467 0.5429810 0.0279349 0.0160331
17 0.5363467 0.4852615 0.0279349 0.0160332
13 0.8207750 0.3698226 0.0279349 0.0160332
4 0.7496680 0.5429810 0.0279349 0.0160331
15 0.6061840 0.3121032 0.0279350 0.0160332
29 0.8207750 0.5429810 0.0279349 0.0160331
5 0.6785609 0.3698226 0.0279350 0.0160332
8 0.6061840 0.4852615 0.0279350 0.0160332
19 0.6785609 0.5429810 0.0279350 0.0160331
31 0.5363467 0.3121032 0.0279349 0.0160332
18 0.5363467 0.4275421 0.0279349 0.0160332
15 0.7496680 0.4852615 0.0279349 0.0160332
4 0.8207750 0.6007004 0.0279349 0.0160332
11 0.8207750 0.4852615 0.0279349 0.0160332
3 0.6785609 0.3121032 0.0279350 0.0160332
19 0.3941326 0.3698226 0.0279349 0.0160332
5 0.6061840 0.5429810 0.0279350 0.0160331
