9 0.4435206 0.4965010 0.0268229 0.0166677
5 0.2399105 0.4965010 0.0268229 0.0166677
32 0.4465686 0.5015013 0.4937850 0.4266924
33 0.4453494 0.3170457 0.4474546 0.0155565
34 0.3075773 0.4359418 0.0621803 0.0600036
17 0.3081869 0.4364974 0.0268229 0.0166677
22 0.5130163 0.6165082 0.0268229 0.0166677
15 0.5812927 0.4965010 0.0268229 0.0166677
2 0.5130163 0.4965010 0.0268229 0.0166677
29 0.3081869 0.4965010 0.0268229 0.0166677
1 0.5130163 0.5565046 0.0268229 0.0166676
18 0.3764634 0.4364974 0.0268229 0.0166677
26 0.6495692 0.4965010 0.0268229 0.0166677
2 0.3764634 0.3764937 0.0268229 0.0166677
14 0.3764634 0.6165082 0.0268229 0.0166677
2 0.3081869 0.5565046 0.0268229 0.0166676
6 0.2399105 0.5565046 0.0268229 0.0166676
30 0.5812927 0.6765118 0.0268229 0.0166677
3 0.4435206 0.6165082 0.0268229 0.0166677
24 0.3081869 0.3764937 0.0268229 0.0166677
14 0.2399105 0.6765118 0.0268229 0.0166677
26 0.2399105 0.3764937 0.0268229 0.0166677
19 0.4435206 0.3764937 0.0268229 0.0166677
15 0.4435206 0.5565046 0.0268229 0.0166676
10 0.6495692 0.6165082 0.0268229 0.0166677
4 0.5130163 0.3764937 0.0268229 0.0166677
31 0.3764634 0.4965010 0.0268229 0.0166677
7 0.2399105 0.4364974 0.0268229 0.0166677
8 0.6495692 0.6765118 0.0268229 0.0166677
3 0.5130163 0.4364974 0.0268229 0.0166677
17 0.5812927 0.4364974 0.0268229 0.0166677
24 0.6495692 0.5565046 0.0268229 0.0166676
3 0.5812927 0.3764937 0.0268229 0.0166677
19 0.5812927 0.5565046 0.0268229 0.0166676
29 0.4435206 0.4364974 0.0268229 0.0166677
19 0.3081869 0.6165082 0.0268229 0.0166677
3 0.2399105 0.6165082 0.0268229 0.0166677
17 0.4435206 0.6765118 0.0268229 0.0166677
5 0.6495692 0.4364974 0.0268229 0.0166677
24 0.3764634 0.6765118 0.0268229 0.0166677
18 0.5130163 0.6765118 0.0268229 0.0166677
24 0.6495692 0.3764937 0.0268229 0.0166677
3 0.3081869 0.6765118 0.0268229 0.0166677
13 0.3764634 0.5565046 0.0268229 0.0166676
11 0.5812927 0.6165082 0.0268229 0.0166677
