17 0.3187325 0.4645327 0.0265720 0.0168323
26 0.4540083 0.7675142 0.0265720 0.0168323
32 0.3881821 0.5907751 0.4891669 0.4309070
33 0.3869743 0.4044975 0.4432697 0.0157102
34 0.4534044 0.6457606 0.0640144 0.0605963
19 0.4540083 0.6463217 0.0265720 0.0168323
21 0.3851626 0.5857254 0.0265720 0.0168323
20 0.5216462 0.7675142 0.0265720 0.0168323
28 0.5216462 0.7069180 0.0265720 0.0168323
8 0.3187325 0.5251291 0.0265720 0.0168323
17 0.4540083 0.5857254 0.0265720 0.0168323
16 0.5892841 0.6463217 0.0265720 0.0168323
6 0.5216462 0.6463217 0.0265720 0.0168323
27 0.3187325 0.6463217 0.0265720 0.0168323
7 0.3187325 0.7069180 0.0265720 0.0168323
25 0.4540083 0.7069180 0.0265720 0.0168323
11 0.2510946 0.5251291 0.0265720 0.0168323
2 0.3851626 0.5251291 0.0265720 0.0168323
9 0.2510946 0.5857254 0.0265720 0.0168323
2 0.3851626 0.4645327 0.0265720 0.0168323
19 0.5892841 0.5857254 0.0265720 0.0168323
15 0.4540083 0.5251291 0.0265720 0.0168323
30 0.1834568 0.5251291 0.0265720 0.0168323
6 0.3851626 0.7069180 0.0265720 0.0168323
8 0.3187325 0.5857254 0.0265720 0.0168323
26 0.3851626 0.6463217 0.0265720 0.0168323
28 0.5216462 0.5251291 0.0265720 0.0168323
1 0.4540083 0.4645327 0.0265720 0.0168323
27 0.5892841 0.7069180 0.0265720 0.0168323
20 0.1834568 0.5857254 0.0265720 0.0168323
14 0.5892841 0.5251291 0.0265720 0.0168323
31 0.2510946 0.6463217 0.0265720 0.0168323
9 0.1834568 0.7069180 0.0265720 0.0168323
11 0.2510946 0.7675142 0.0265720 0.0168323
12 0.5216462 0.5857254 0.0265720 0.0168323
2 0.5892841 0.7675142 0.0265720 0.0168323
12 0.1834568 0.6463217 0.0265720 0.0168323
29 0.3851626 0.7675142 0.0265720 0.0168323
6 0.3187325 0.7675142 0.0265720 0.0168323
16 0.1834568 0.7675142 0.0265720 0.0168323
14 0.2510946 0.4645327 0.0265720 0.0168323
3 0.2510946 0.7069180 0.0265720 0.0168323
31 0.1834568 0.4645327 0.0265720 0.0168323
24 0.5216462 0.4645327 0.0265720 0.0168323
20 0.5892841 0.4645327 0.0265720 0.0168323
