29 0.5575235 0.4740765 0.0287402 0.0164209
9 0.2648962 0.7105368 0.0287402 0.0164208
32 0.4131694 0.5381179 0.5290805 0.4203739
33 0.4118631 0.3563937 0.4794384 0.0153261
34 0.2642430 0.5917593 0.0666250 0.0591151
17 0.2648962 0.5923067 0.0287402 0.0164208
6 0.6306803 0.4740765 0.0287402 0.0164209
9 0.2648962 0.4740765 0.0287402 0.0164209
20 0.4843667 0.7105368 0.0287402 0.0164208
2 0.2648962 0.4149615 0.0287402 0.0164209
7 0.4099035 0.5331916 0.0287402 0.0164208
1 0.4099035 0.5923067 0.0287402 0.0164208
5 0.1917394 0.4149615 0.0287402 0.0164209
27 0.4099035 0.6514218 0.0287402 0.0164209
2 0.4099035 0.4740765 0.0287402 0.0164209
10 0.4099035 0.4149615 0.0287402 0.0164209
6 0.3380531 0.4740765 0.0287402 0.0164209
22 0.3380531 0.5923067 0.0287402 0.0164208
12 0.1917394 0.5331916 0.0287402 0.0164208
19 0.6306803 0.6514218 0.0287402 0.0164209
15 0.4843667 0.5331916 0.0287402 0.0164208
9 0.1917394 0.5923067 0.0287402 0.0164208
9 0.6306803 0.4149615 0.0287402 0.0164209
26 0.6306803 0.5331916 0.0287402 0.0164208
25 0.3380531 0.4149615 0.0287402 0.0164209
12 0.3380531 0.7105368 0.0287402 0.0164208
11 0.5575235 0.4149615 0.0287402 0.0164209
10 0.1917394 0.4740765 0.0287402 0.0164209
11 0.2648962 0.5331916 0.0287402 0.0164208
12 0.4843667 0.6514218 0.0287402 0.0164209
9 0.3380531 0.5331916 0.0287402 0.0164208
3 0.1917394 0.6514218 0.0287402 0.0164209
9 0.5575235 0.5923067 0.0287402 0.0164208
8 0.4843667 0.4740765 0.0287402 0.0164209
27 0.6306803 0.5923067 0.0287402 0.0164208
16 0.5575235 0.5331916 0.0287402 0.0164208
28 0.6306803 0.7105368 0.0287402 0.0164208
18 0.2648962 0.6514218 0.0287402 0.0164209
2 0.4099035 0.7105368 0.0287402 0.0164208
12 0.1917394 0.7105368 0.0287402 0.0164208
17 0.5575235 0.6514218 0.0287402 0.0164209
29 0.3380531 0.6514218 0.0287402 0.0164209
22 0.4843667 0.5923067 0.0287402 0.0164208
1 0.4843667 0.4149615 0.0287402 0.0164209
20 0.5575235 0.7105368 0.0287402 0.0164208
