31 0.2416584 0.6098349 0.0286139 0.0173126
16 0.5329999 0.4851840 0.0286139 0.0173126
32 0.4621155 0.4903778 0.5267557 0.4432032
33 0.4608149 0.2987848 0.4773318 0.0161584
34 0.2416584 0.6715833 0.0676328 0.0623254
23 0.2416584 0.6721604 0.0286139 0.0173126
22 0.3873292 0.5475095 0.0286139 0.0173126
4 0.6786707 0.3605331 0.0286139 0.0173126
25 0.5329999 0.6721604 0.0286139 0.0173126
1 0.6058353 0.5475095 0.0286139 0.0173126
13 0.6786707 0.4228586 0.0286139 0.0173126
1 0.4588639 0.6721604 0.0286139 0.0173126
31 0.4588639 0.5475095 0.0286139 0.0173126
17 0.3873292 0.4228586 0.0286139 0.0173126
29 0.3873292 0.6721604 0.0286139 0.0173126
10 0.4588639 0.3605331 0.0286139 0.0173126
2 0.4588639 0.4228586 0.0286139 0.0173126
6 0.2416584 0.4228586 0.0286139 0.0173126
6 0.2416584 0.3605331 0.0286139 0.0173126
22 0.5329999 0.3605331 0.0286139 0.0173126
9 0.3144938 0.3605331 0.0286139 0.0173126
14 0.4588639 0.4851840 0.0286139 0.0173126
29 0.2416584 0.4851840 0.0286139 0.0173126
1 0.6058353 0.6721604 0.0286139 0.0173126
1 0.6786707 0.4851840 0.0286139 0.0173126
29 0.5329999 0.4228586 0.0286139 0.0173126
7 0.6058353 0.6098349 0.0286139 0.0173126
8 0.3873292 0.6098349 0.0286139 0.0173126
22 0.3873292 0.3605331 0.0286139 0.0173126
24 0.3144938 0.4228586 0.0286139 0.0173126
10 0.6786707 0.5475095 0.0286139 0.0173126
10 0.4588639 0.6098349 0.0286139 0.0173126
30 0.6058353 0.4851840 0.0286139 0.0173126
7 0.6058353 0.4228586 0.0286139 0.0173126
31 0.2416584 0.5475095 0.0286139 0.0173126
22 0.3873292 0.4851840 0.0286139 0.0173126
16 0.6786707 0.6098349 0.0286139 0.0173126
5 0.3144938 0.6098349 0.0286139 0.0173126
7 0.6786707 0.6721604 0.0286139 0.0173126
9 0.3144938 0.5475095 0.0286139 0.0173126
10 0.6058353 0.3605331 0.0286139 0.0173126
12 0.3144938 0.4851840 0.0286139 0.0173126
28 0.5329999 0.5475095 0.0286139 0.0173126
3 0.3144938 0.6721604 0.0286139 0.0173126
25 0.5329999 0.6098349 0.0286139 0.0173126
