5 0.4161606 0.7419630 0.0273940 0.0158643
3 0.7648116 0.7419630 0.0273940 0.0158643
32 0.6272189 0.5753882 0.5042987 0.4061253
33 0.6259738 0.3998236 0.4569818 0.0148067
34 0.8345418 0.4558773 0.0647495 0.0571114
12 0.8345418 0.4564062 0.0273941 0.0158643
11 0.4161606 0.6277403 0.0273940 0.0158643
18 0.5556210 0.7419630 0.0273940 0.0158643
2 0.6950814 0.6848516 0.0273940 0.0158643
5 0.7648116 0.5135175 0.0273940 0.0158643
24 0.6950814 0.6277403 0.0273940 0.0158643
20 0.5556210 0.5706289 0.0273940 0.0158643
6 0.6241060 0.7419630 0.0273940 0.0158643
19 0.7648116 0.6277403 0.0273940 0.0158643
30 0.6241060 0.5135175 0.0273940 0.0158643
14 0.4858908 0.6848516 0.0273940 0.0158643
24 0.7648116 0.6848516 0.0273940 0.0158643
7 0.6241060 0.5706289 0.0273940 0.0158643
4 0.5556210 0.4564062 0.0273940 0.0158643
5 0.5556210 0.6848516 0.0273940 0.0158643
15 0.4858908 0.5706289 0.0273940 0.0158643
13 0.6241060 0.6848516 0.0273940 0.0158643
22 0.4161606 0.6848516 0.0273940 0.0158643
26 0.8345418 0.6848516 0.0273941 0.0158643
26 0.7648116 0.5706289 0.0273940 0.0158643
2 0.6950814 0.4564062 0.0273940 0.0158643
1 0.8345418 0.5135175 0.0273941 0.0158643
18 0.6241060 0.4564062 0.0273940 0.0158643
31 0.8345418 0.7419630 0.0273941 0.0158643
4 0.6950814 0.5706289 0.0273940 0.0158643
26 0.8345418 0.6277403 0.0273941 0.0158643
1 0.6950814 0.5135175 0.0273940 0.0158643
11 0.4858908 0.5135175 0.0273940 0.0158643
21 0.6950814 0.7419630 0.0273940 0.0158643
30 0.5556210 0.5135175 0.0273940 0.0158643
15 0.4161606 0.5706289 0.0273940 0.0158643
1 0.4161606 0.4564062 0.0273940 0.0158643
15 0.6241060 0.6277403 0.0273940 0.0158643
27 0.7648116 0.4564062 0.0273940 0.0158643
19 0.8345418 0.5706289 0.0273941 0.0158643
11 0.4858908 0.6277403 0.0273940 0.0158643
22 0.4161606 0.5135175 0.0273940 0.0158643
12 0.4858908 0.7419630 0.0273940 0.0158643
20 0.4858908 0.4564062 0.0273940 0.0158643
17 0.5556210 0.6277403 0.0273940 0.0158643
