30 0.1699549 0.3704618 0.0263296 0.0172146
28 0.3698203 0.4324344 0.0263295 0.0172146
32 0.3728123 0.4375988 0.4847033 0.4406943
33 0.3716154 0.2470903 0.4392250 0.0160670
34 0.5720792 0.4938332 0.0622335 0.0619727
9 0.5720792 0.4944070 0.0263296 0.0172146
21 0.3698203 0.6183523 0.0263295 0.0172146
8 0.2369756 0.4944070 0.0263296 0.0172146
5 0.1699549 0.5563797 0.0263296 0.0172146
30 0.1699549 0.4944070 0.0263296 0.0172146
7 0.2369756 0.3084891 0.0263296 0.0172146
12 0.3698203 0.4944070 0.0263295 0.0172146
10 0.3039964 0.4944070 0.0263296 0.0172146
1 0.3039964 0.5563797 0.0263296 0.0172146
31 0.5050585 0.5563797 0.0263296 0.0172146
2 0.5050585 0.4944070 0.0263296 0.0172146
27 0.4380378 0.5563797 0.0263296 0.0172146
11 0.3698203 0.3084891 0.0263295 0.0172146
14 0.1699549 0.3084891 0.0263296 0.0172146
3 0.5050585 0.4324344 0.0263296 0.0172146
20 0.2369756 0.6183523 0.0263296 0.0172146
2 0.3698203 0.5563797 0.0263295 0.0172146
4 0.1699549 0.4324344 0.0263296 0.0172146
1 0.4380378 0.3704618 0.0263296 0.0172146
20 0.5050585 0.3704618 0.0263296 0.0172146
21 0.3039964 0.3704618 0.0263296 0.0172146
5 0.3039964 0.3084891 0.0263296 0.0172146
29 0.5050585 0.3084891 0.0263296 0.0172146
20 0.4380378 0.4324344 0.0263296 0.0172146
22 0.1699549 0.6183523 0.0263296 0.0172146
18 0.5050585 0.6183523 0.0263296 0.0172146
12 0.5720792 0.5563797 0.0263296 0.0172146
20 0.3039964 0.4324344 0.0263296 0.0172146
21 0.4380378 0.3084891 0.0263296 0.0172146
24 0.5720792 0.3084891 0.0263296 0.0172146
26 0.4380378 0.4944070 0.0263296 0.0172146
12 0.2369756 0.4324344 0.0263296 0.0172146
14 0.5720792 0.6183523 0.0263296 0.0172146
25 0.5720792 0.3704618 0.0263296 0.0172146
22 0.4380378 0.6183523 0.0263296 0.0172146
1 0.2369756 0.3704618 0.0263296 0.0172146
25 0.3698203 0.3704618 0.0263295 0.0172146
20 0.2369756 0.5563797 0.0263296 0.0172146
29 0.3039964 0.6183523 0.0263296 0.0172146
29 0.5720792 0.4324344 0.0263296 0.0172146
