30 0.4743131 0.5379137 0.0261749 0.0173969
12 0.3410593 0.7258000 0.0261749 0.0173969
32 0.2762171 0.6057615 0.4818553 0.4453599
33 0.2750273 0.4132362 0.4366442 0.0162371
34 0.3404644 0.6625913 0.0630576 0.0626288
9 0.3410593 0.6631713 0.0261749 0.0173969
17 0.0745517 0.7884287 0.0261749 0.0173969
14 0.4743131 0.6631713 0.0261749 0.0173969
1 0.0745517 0.5379137 0.0261749 0.0173969
11 0.2078055 0.4752850 0.0261749 0.0173969
7 0.4076862 0.7884287 0.0261749 0.0173969
28 0.4076862 0.6005425 0.0261749 0.0173969
29 0.2078055 0.6005425 0.0261749 0.0173969
20 0.0745517 0.4752850 0.0261749 0.0173969
25 0.1411786 0.4752850 0.0261749 0.0173969
8 0.1411786 0.6631713 0.0261749 0.0173969
17 0.1411786 0.5379137 0.0261749 0.0173969
7 0.4743131 0.7884287 0.0261749 0.0173969
12 0.0745517 0.7258000 0.0261749 0.0173969
27 0.2078055 0.6631713 0.0261749 0.0173969
30 0.2732426 0.6631713 0.0261749 0.0173969
29 0.2078055 0.7258000 0.0261749 0.0173969
31 0.0745517 0.6631713 0.0261749 0.0173969
11 0.2732426 0.7884287 0.0261749 0.0173969
8 0.4743131 0.6005425 0.0261749 0.0173969
21 0.2078055 0.5379137 0.0261749 0.0173969
4 0.4076862 0.5379137 0.0261749 0.0173969
24 0.2732426 0.4752850 0.0261749 0.0173969
29 0.2732426 0.5379137 0.0261749 0.0173969
19 0.3410593 0.4752850 0.0261749 0.0173969
2 0.3410593 0.6005425 0.0261749 0.0173969
11 0.3410593 0.7884287 0.0261749 0.0173969
9 0.2078055 0.7884287 0.0261749 0.0173969
14 0.2732426 0.7258000 0.0261749 0.0173969
13 0.4076862 0.6631713 0.0261749 0.0173969
15 0.1411786 0.7884287 0.0261749 0.0173969
17 0.1411786 0.6005425 0.0261749 0.0173969
31 0.4743131 0.7258000 0.0261749 0.0173969
10 0.2732426 0.6005425 0.0261749 0.0173969
13 0.4076862 0.4752850 0.0261749 0.0173969
1 0.4743131 0.4752850 0.0261749 0.0173969
7 0.4076862 0.7258000 0.0261749 0.0173969
25 0.1411786 0.7258000 0.0261749 0.0173969
9 0.0745517 0.6005425 0.0261749 0.0173969
3 0.3410593 0.5379137 0.0261749 0.0173969
