1 0.3340570 0.3359427 0.0285418 0.0168249
26 0.2601078 0.6387907 0.0285418 0.0168249
32 0.2636577 0.4621293 0.5248155 0.4307172
33 0.2620539 0.2759339 0.4761290 0.0157032
34 0.4793607 0.4565210 0.0674624 0.0605696
30 0.4793607 0.4570819 0.0285418 0.0168249
27 0.0434496 0.3359427 0.0285418 0.0168249
16 0.3340570 0.5176515 0.0285418 0.0168249
18 0.4793607 0.5782211 0.0285418 0.0168250
12 0.4067089 0.4570819 0.0285418 0.0168249
25 0.1887533 0.3359427 0.0285418 0.0168249
25 0.3340570 0.4570819 0.0285418 0.0168249
7 0.4067089 0.3965123 0.0285418 0.0168249
20 0.2601078 0.3965123 0.0285418 0.0168249
18 0.1887533 0.5782211 0.0285418 0.0168250
4 0.4067089 0.6387907 0.0285418 0.0168249
18 0.1887533 0.5176515 0.0285418 0.0168249
1 0.1161015 0.4570819 0.0285418 0.0168249
29 0.0434496 0.4570819 0.0285418 0.0168249
7 0.0434496 0.6387907 0.0285418 0.0168249
16 0.1161015 0.5782211 0.0285418 0.0168250
16 0.2601078 0.3359427 0.0285418 0.0168249
28 0.1161015 0.3359427 0.0285418 0.0168249
18 0.4793607 0.3359427 0.0285418 0.0168249
6 0.4793607 0.5176515 0.0285418 0.0168249
7 0.2601078 0.5176515 0.0285418 0.0168249
15 0.3340570 0.5782211 0.0285418 0.0168250
22 0.2601078 0.5782211 0.0285418 0.0168250
19 0.4067089 0.5782211 0.0285418 0.0168250
27 0.1161015 0.5176515 0.0285418 0.0168249
1 0.4793607 0.6387907 0.0285418 0.0168249
17 0.0434496 0.3965123 0.0285418 0.0168249
22 0.3340570 0.3965123 0.0285418 0.0168249
2 0.1887533 0.3965123 0.0285418 0.0168249
6 0.3340570 0.6387907 0.0285418 0.0168249
11 0.0434496 0.5176515 0.0285418 0.0168249
18 0.4793607 0.3965123 0.0285418 0.0168249
1 0.4067089 0.3359427 0.0285418 0.0168249
27 0.4067089 0.5176515 0.0285418 0.0168249
28 0.1161015 0.6387907 0.0285418 0.0168249
9 0.1887533 0.6387907 0.0285418 0.0168249
31 0.1887533 0.4570819 0.0285418 0.0168249
5 0.1161015 0.3965123 0.0285418 0.0168249
19 0.2601078 0.4570819 0.0285418 0.0168249
2 0.0434496 0.5782211 0.0285418 0.0168250
