11 0.4611729 0.6447822 0.0278181 0.0163269
12 0.1779337 0.4684517 0.0278181 0.0163269
32 0.3214500 0.4733498 0.5121066 0.4179686
33 0.3201855 0.2926655 0.4640571 0.0152384
34 0.4605406 0.5266844 0.0644875 0.0587769
5 0.4611729 0.5272286 0.0278181 0.0163269
12 0.1071239 0.3508981 0.0278181 0.0163269
22 0.2487434 0.3508981 0.0278181 0.0163269
26 0.5319827 0.5860055 0.0278181 0.0163269
15 0.3182888 0.4684517 0.0278181 0.0163269
25 0.5319827 0.4096749 0.0278181 0.0163269
20 0.1779337 0.5860055 0.0278181 0.0163269
24 0.3903630 0.4684517 0.0278181 0.0163269
28 0.4611729 0.4096749 0.0278181 0.0163269
31 0.1071239 0.6447822 0.0278181 0.0163269
25 0.3182888 0.4096749 0.0278181 0.0163269
13 0.1071239 0.5860055 0.0278181 0.0163269
14 0.2487434 0.5272286 0.0278181 0.0163269
5 0.3182888 0.5860055 0.0278181 0.0163269
15 0.1779337 0.6447822 0.0278181 0.0163269
15 0.5319827 0.4684517 0.0278181 0.0163269
21 0.1779337 0.5272286 0.0278181 0.0163269
8 0.2487434 0.5860055 0.0278181 0.0163269
26 0.3182888 0.5272286 0.0278181 0.0163269
25 0.3182888 0.6447822 0.0278181 0.0163269
27 0.1779337 0.3508981 0.0278181 0.0163269
6 0.1071239 0.5272286 0.0278181 0.0163269
12 0.3903630 0.5860055 0.0278181 0.0163269
5 0.2487434 0.4684517 0.0278181 0.0163269
25 0.3903630 0.3508981 0.0278181 0.0163269
1 0.3903630 0.6447822 0.0278181 0.0163269
15 0.3182888 0.3508981 0.0278181 0.0163269
25 0.5319827 0.3508981 0.0278181 0.0163269
13 0.4611729 0.5860055 0.0278181 0.0163269
12 0.2487434 0.6447822 0.0278181 0.0163269
4 0.1779337 0.4096749 0.0278181 0.0163269
17 0.1071239 0.4096749 0.0278181 0.0163269
27 0.3903630 0.4096749 0.0278181 0.0163269
6 0.4611729 0.3508981 0.0278181 0.0163269
10 0.1071239 0.4684517 0.0278181 0.0163269
3 0.2487434 0.4096749 0.0278181 0.0163269
30 0.3903630 0.5272286 0.0278181 0.0163269
5 0.5319827 0.6447822 0.0278181 0.0163269
8 0.4611729 0.4684517 0.0278181 0.0163269
18 0.5319827 0.5272286 0.0278181 0.0163269
